0 98 5 6 80 16 17 86 22 26 1.0
0 1 37 41 14 15 51 20 26 60 1.0
34 37 69 76 78 52 54 88 90 59 1.0
68 41 75 13 81 50 21 25 93 30 1.0
64 66 80 81 18 85 94 88 89 24 1.0
32 33 34 4 40 41 45 13 21 27 1.0
98 67 68 71 72 77 83 52 85 88 1.0
37 6 7 10 46 16 17 18 19 21 1.0
65 66 99 70 76 51 53 55 58 95 1.0
32 1 34 37 9 42 11 14 49 19 1.0
66 68 58 75 83 53 87 90 93 62 1.0
1 39 8 13 16 19 24 28 30 31 1.0
67 70 83 52 53 86 55 90 93 94 1.0
2 5 6 7 41 12 46 47 48 21 1.0
64 96 97 99 68 71 74 77 54 91 1.0
0 33 8 41 44 45 46 48 20 23 1.0
65 97 71 73 75 92 50 52 86 60 1.0
35 36 37 3 9 42 12 47 16 21 1.0
96 65 67 69 73 82 51 50 94 62 1.0
1 42 44 13 15 49 18 22 27 30 1.0
98 67 99 70 74 77 83 89 59 95 1.0
33 36 5 7 42 12 45 14 17 49 1.0
97 74 79 84 53 86 56 89 90 62 1.0
0 2 4 37 6 42 11 10 15 24 1.0
99 68 69 70 84 53 54 59 60 95 1.0
34 36 6 8 42 43 15 16 24 25 1.0
65 98 66 69 75 76 79 83 85 54 1.0
33 1 3 36 6 13 14 19 21 31 1.0
64 97 98 68 72 86 58 91 92 61 1.0
0 33 38 41 11 18 25 26 29 31 1.0
96 69 76 78 51 84 52 54 87 55 1.0
32 33 35 4 40 9 43 21 22 29 1.0
64 96 99 77 60 81 85 86 92 95 1.0
37 7 8 43 12 11 17 22 30 31 1.0
96 67 72 84 54 87 88 89 90 60 1.0
32 33 35 5 8 42 43 49 19 30 1.0
64 98 70 75 76 51 53 54 61 63 1.0
0 3 37 38 8 42 44 15 48 23 1.0
65 97 79 81 52 53 86 94 57 62 1.0
1 3 36 7 13 46 15 16 49 24 1.0
96 70 74 76 84 54 87 90 61 95 1.0
32 34 3 44 14 18 24 25 26 27 1.0
65 66 99 71 73 78 79 87 58 59 1.0
5 39 40 7 10 43 12 13 14 45 1.0
66 72 73 75 79 80 84 89 61 95 1.0
0 32 4 43 44 16 49 22 24 25 1.0
64 71 78 50 83 54 56 59 93 95 1.0
32 36 5 6 14 49 18 19 24 29 1.0
99 68 67 72 74 79 80 81 50 61 1.0
33 1 6 7 39 41 11 12 47 23 1.0
74 75 80 50 93 86 57 92 61 94 1.0
32 34 35 36 6 8 43 14 17 22 1.0
69 78 81 51 85 53 87 57 90 91 1.0
33 34 3 4 37 38 11 44 48 26 1.0
96 69 75 76 77 78 54 86 58 59 1.0
0 4 5 6 8 14 27 28 29 31 1.0
68 70 72 76 82 84 52 86 87 58 1.0
1 2 6 39 40 42 45 18 20 24 1.0
69 77 80 83 52 85 56 57 60 61 1.0
33 34 3 4 2 38 41 13 45 17 1.0
98 69 72 81 55 89 90 91 61 57 1.0
33 7 8 9 14 47 48 20 22 23 1.0
96 73 91 80 81 83 52 53 59 63 1.0
0 32 7 40 39 43 47 49 25 31 1.0
71 80 81 87 55 54 94 59 61 62 1.0
34 8 40 15 22 23 27 28 29 31 1.0
98 68 73 78 81 52 84 57 62 95 1.0
33 12 45 46 48 49 18 17 23 31 1.0
98 70 72 75 80 84 86 54 57 90 1.0
34 5 7 43 13 48 17 49 16 29 1.0
96 98 70 73 77 82 84 85 86 94 1.0
32 2 34 3 9 43 48 49 24 30 1.0
66 67 70 74 78 88 57 90 92 61 1.0
32 34 4 6 46 49 20 22 26 29 1.0
98 67 99 69 50 83 86 59 93 63 1.0
32 0 1 3 36 39 41 43 48 16 1.0
68 72 78 92 79 85 86 57 60 95 1.0
36 39 40 7 42 45 14 49 22 25 1.0
96 98 67 68 74 79 88 57 90 92 1.0
32 35 42 15 48 16 18 24 25 30 1.0
64 99 72 76 53 55 88 91 60 63 1.0
33 34 35 4 5 43 12 49 19 26 1.0
68 69 78 51 52 84 54 86 90 95 1.0
1 37 7 9 10 46 47 16 21 25 1.0
67 99 69 60 81 83 87 59 92 62 1.0
0 1 3 37 38 44 45 17 19 24 1.0
96 69 75 51 52 93 85 59 92 61 1.0
35 37 8 11 13 46 16 20 21 30 1.0
64 98 74 79 84 55 56 58 59 62 1.0
34 3 2 43 13 20 22 25 26 31 1.0
65 66 98 79 82 58 59 92 93 95 1.0
37 38 7 6 9 14 16 49 18 31 1.0
98 67 71 80 81 83 84 87 89 91 1.0
6 38 43 44 45 16 17 21 28 30 1.0
98 67 75 77 83 84 54 57 93 94 1.0
32 1 33 5 8 42 12 13 25 31 1.0
97 69 78 50 82 84 55 87 60 95 1.0
34 35 37 38 40 9 42 47 23 27 1.0
64 65 74 50 83 84 85 86 57 62 1.0
