1 42 78 1.0
32 66 77 1.0
32 25 62 1.0
72 2 62 1.0
67 53 30 1.0
26 38 39 1.0
88 66 87 1.0
1 39 15 1.0
96 85 86 1.0
24 18 15 1.0
56 51 96 1.0
42 20 44 1.0
73 74 79 1.0
28 36 13 1.0
80 76 77 1.0
37 46 7 1.0
75 76 85 1.0
19 29 14 1.0
56 92 71 1.0
48 33 23 1.0
89 83 67 1.0
8 30 23 1.0
56 85 54 1.0
27 22 39 1.0
57 75 60 1.0
32 27 23 1.0
65 58 84 1.0
40 34 14 1.0
69 54 71 1.0
36 5 15 1.0
96 81 50 1.0
48 42 30 1.0
96 64 54 1.0
8 4 15 1.0
89 66 70 1.0
18 5 38 1.0
99 91 95 1.0
19 35 37 1.0
91 93 77 1.0
32 17 37 1.0
58 74 94 1.0
24 37 38 1.0
51 60 70 1.0
46 22 15 1.0
60 87 71 1.0
10 29 38 1.0
81 83 94 1.0
18 27 34 1.0
72 52 63 1.0
8 40 12 1.0
64 89 91 1.0
17 34 5 1.0
67 99 62 1.0
25 2 3 1.0
81 84 54 1.0
37 30 7 1.0
88 51 54 1.0
48 14 31 1.0
51 68 69 1.0
12 37 14 1.0
80 91 67 1.0
19 37 47 1.0
75 67 98 1.0
45 5 46 1.0
73 93 63 1.0
2 3 31 1.0
77 95 55 1.0
16 42 7 1.0
56 57 51 1.0
14 46 22 1.0
77 62 87 1.0
32 9 27 1.0
99 93 86 1.0
44 28 7 1.0
80 59 55 1.0
3 12 29 1.0
96 90 55 1.0
27 1 35 1.0
80 67 53 1.0
33 27 46 1.0
52 77 87 1.0
48 20 28 1.0
90 85 74 1.0
16 49 38 1.0
82 52 61 1.0
10 18 29 1.0
81 83 60 1.0
32 43 13 1.0
72 84 85 1.0
8 24 3 1.0
82 68 58 1.0
24 18 28 1.0
80 57 58 1.0
48 9 21 1.0
51 83 62 1.0
41 2 13 1.0
65 86 87 1.0
25 42 5 1.0
96 97 70 1.0
49 29 47 1.0
90 59 93 1.0
26 10 38 1.0
67 84 70 1.0
17 37 5 1.0
91 85 69 1.0
27 28 29 1.0
51 52 87 1.0
27 22 23 1.0
56 89 60 1.0
25 22 30 1.0
96 69 95 1.0
0 41 12 1.0
74 52 61 1.0
32 17 35 1.0
72 57 78 1.0
4 29 44 1.0
65 91 63 1.0
0 25 29 1.0
65 82 75 1.0
40 49 46 1.0
80 57 55 1.0
34 21 39 1.0
74 62 79 1.0
2 26 45 1.0
81 84 78 1.0
0 40 48 1.0
50 67 84 1.0
1 28 46 1.0
67 53 54 1.0
41 18 2 1.0
74 90 62 1.0
49 34 5 1.0
94 95 63 1.0
11 3 39 1.0
88 97 93 1.0
25 26 3 1.0
80 51 95 1.0
9 6 49 1.0
96 75 88 1.0
48 45 47 1.0
72 92 77 1.0
27 3 36 1.0
64 71 87 1.0
17 28 9 1.0
53 94 71 1.0
24 42 36 1.0
56 92 69 1.0
12 37 44 1.0
62 88 70 1.0
1 44 15 1.0
89 65 95 1.0
17 19 7 1.0
97 98 60 1.0
26 4 30 1.0
56 50 79 1.0
17 21 23 1.0
66 54 95 1.0
25 29 22 1.0
56 81 92 1.0
41 13 47 1.0
58 92 78 1.0
48 28 47 1.0
67 76 95 1.0
35 4 28 1.0
81 78 87 1.0
10 46 39 1.0
57 82 67 1.0
48 9 28 1.0
76 53 86 1.0
5 14 31 1.0
57 74 78 1.0
3 45 38 1.0
84 60 92 1.0
29 43 45 1.0
96 85 55 1.0
49 11 22 1.0
97 91 61 1.0
24 33 21 1.0
86 77 54 1.0
34 10 22 1.0
91 51 52 1.0
46 41 22 1.0
50 55 63 1.0
25 38 7 1.0
64 70 63 1.0
11 43 22 1.0
73 67 79 1.0
48 8 14 1.0
83 51 70 1.0
24 3 7 1.0
75 99 50 1.0
18 5 23 1.0
56 81 93 1.0
9 10 3 1.0
54 94 55 1.0
48 49 27 1.0
75 61 94 1.0
40 4 14 1.0
59 85 95 1.0
34 38 14 1.0
57 77 71 1.0
0 49 9 1.0
85 77 79 1.0
9 27 37 1.0
51 53 95 1.0
1 14 31 1.0
80 81 55 1.0
41 5 22 1.0
82 61 63 1.0
1 36 22 1.0
73 92 94 1.0
46 1 6 1.0
73 97 91 1.0
11 1 19 1.0
90 58 52 1.0
49 11 31 1.0
72 84 60 1.0
42 11 30 1.0
99 84 53 1.0
2 20 31 1.0
97 98 58 1.0
41 2 49 1.0
65 70 55 1.0
41 45 7 1.0
88 97 60 1.0
9 28 5 1.0
89 76 94 1.0
26 45 39 1.0
58 53 85 1.0
48 19 20 1.0
99 93 55 1.0
3 39 7 1.0
61 70 87 1.0
0 10 18 1.0
72 59 79 1.0
25 11 6 1.0
91 53 94 1.0
48 18 12 1.0
69 53 71 1.0
35 19 13 1.0
96 97 62 1.0
33 29 39 1.0
82 92 84 1.0
1 36 13 1.0
74 93 71 1.0
49 35 37 1.0
60 61 94 1.0
9 21 5 1.0
65 97 74 1.0
41 4 39 1.0
99 92 85 1.0
49 27 17 1.0
50 91 78 1.0
27 6 39 1.0
74 51 61 1.0
24 25 0 1.0
83 62 79 1.0
34 20 14 1.0
85 77 95 1.0
42 35 6 1.0
73 90 75 1.0
8 49 11 1.0
58 69 94 1.0
38 28 22 1.0
59 91 54 1.0
0 42 44 1.0
75 84 87 1.0
4 22 23 1.0
98 78 71 1.0
0 41 10 1.0
90 53 93 1.0
42 44 39 1.0
93 61 86 1.0
49 38 30 1.0
99 84 85 1.0
10 44 28 1.0
56 60 62 1.0
16 33 39 1.0
72 57 69 1.0
32 25 47 1.0
56 74 83 1.0
9 22 23 1.0
88 50 92 1.0
48 34 29 1.0
89 97 55 1.0
46 9 22 1.0
88 66 79 1.0
40 16 12 1.0
88 52 85 1.0
49 11 22 1.0
80 91 84 1.0
9 26 3 1.0
57 59 69 1.0
10 35 14 1.0
79 70 63 1.0
9 29 38 1.0
98 83 61 1.0
44 20 38 1.0
66 99 70 1.0
28 13 30 1.0
97 98 99 1.0
11 20 47 1.0
74 52 63 1.0
2 27 13 1.0
58 92 61 1.0
1 9 7 1.0
98 61 63 1.0
24 0 34 1.0
84 69 54 1.0
9 12 21 1.0
52 61 78 1.0
48 25 37 1.0
90 58 62 1.0
40 44 7 1.0
81 90 53 1.0
24 34 46 1.0
99 64 67 1.0
48 42 37 1.0
80 52 62 1.0
41 26 27 1.0
64 72 78 1.0
19 33 27 1.0
53 86 87 1.0
8 44 4 1.0
65 59 84 1.0
0 33 34 1.0
64 52 55 1.0
10 13 14 1.0
65 67 77 1.0
48 2 38 1.0
74 91 61 1.0
28 13 47 1.0
65 50 69 1.0
