16 19 28 72 1.0
12 120 1.0
10 126 2.0
78 87 115 1.0
2 43 129 130 133 167 218 6.0
63 209 6.0
2 66 2.0
10 71 126 1.0
6 44 69 119 120 150 157 158 1.0
19 47 48 2.0
87 117 1.0
79 83 84 105 106 107 108 109 110 1.0
10 171 1.0
38 61 71 167 184 198 199 200 201 202 203 1.0
14 118 1.0
2 43 129 130 133 167 2.0
3 161 3.0
2 125 1.0
22 87 2.0
14 43 46 2.0
186 3.0
122 123 5.0
13 43 1.0
10 63 127 165 171 5.0
120 5.0
5 120 2.0
38 216 217 4.0
78 100 137 189 214 2.0
47 50 51 52 53 56 57 1.0
5 14 150 1.0
41 42 69 1.0
71 208 3.0
2 14 46 1.0
47 50 51 54 145 1.0
63 155 1.0
72 78 82 87 100 112 128 1.0
3 72 78 1.0
87 88 219 229 230 231 1.0
60 63 1.0
10 44 63 155 169 170 1.0
41 1.0
77 100 211 2.0
173 1.0
48 1.0
2 46 60 2.0
3 72 78 87 1.0
19 47 48 56 1.0
14 120 1.0
63 169 3.0
100 1.0
231 2.0
63 127 165 171 177 1.0
65 154 3.0
68 1.0
63 171 1.0
10 63 71 126 5.0
2 78 174 1.0
12 120 146 1.0
81 100 185 223 224 225 226 227 228 1.0
10 77 4.0
43 172 1.0
111 128 1.0
46 1.0
10 44 63 71 177 3.0
13 172 194 196 197 3.0
2 178 179 180 181 182 183 1.0
2 32.0
43 106 1.0
9 44 1.0
10 127 2.0
13 42 2.0
78 82 100 105 112 128 1.0
160 211 2.0
43 64 166 1.0
13 43 64 71 1.0
63 162 2.0
139 171 212 220 221 222 1.0
13 14 43 1.0
12 58 1.0
113 1.0
3 25 1.0
2 152 11.0
2 15 3.0
0 66 1.0
12 77 1.0
58 120 5.0
14 46 1.0
2 43 4.0
2 141 30.0
2 60 2.0
69 120 2.0
124 153 1.0
11 2.0
43 45 46 58 66 120 121 146 157 1.0
63 77 2.0
63 78 162 2.0
12 63 69 1.0
69 3.0
63 127 177 1.0
14 59 4.0
7 8 1.0
5 58 2.0
2 118 120 1.0
61 71 89 129 166 167 168 1.0
61 89 129 166 167 168 184 185 1.0
13 14 38 43 64 4.0
2 14 13.0
46 87 1.0
77 100 114 2.0
147 1.0
43 186 1.0
127 1.0
2 5 8.0
2 210 5.0
3 115 1.0
13 194 196 1.0
12 44 1.0
72 211 1.0
70 3.0
0 4.0
19 63 10.0
41 44 63 4.0
61 71 208 3.0
44 87 2.0
72 215 4.0
2 63 78 1.0
46 63 3.0
2 10 1.0
4 4.0
16 17 18 19 20 21 22 23 24 25 26 27 28 29 30 31 32 33 34 35 36 37 38 39 1.0
3 72 161 4.0
5 14 43 1.0
43 173 1.0
14 45 3.0
2 151 9.0
2 43 64 1.0
10 63 171 2.0
44 1.0
115 1.0
14 140 150 2.0
63 170 3.0
13 14 43 44 46 69 6.0
63 78 111 1.0
44 63 2.0
72 78 82 87 100 105 112 1.0
119 120 121 150 157 158 3.0
63 71 126 1.0
41 44 63 78 82 113 160 163 174 175 176 1.0
2 13 14 43 1.0
3 72 78 161 1.0
153 1.0
3 72 3.0
122 124 1.0
10 63 65 67 126 2.0
43 46 3.0
4 5 9.0
47 48 50 52 53 54 56 213 1.0
143 3.0
44 46 58 2.0
116 1.0
10 63 9.0
14 140 1.0
2 232 7.0
13 172 194 195 196 197 2.0
46 63 72 77 78 79 80 81 82 83 84 85 86 87 88 89 90 91 92 93 94 95 96 97 98 99 1.0
119 120 121 2.0
41 60 4.0
13 172 195 196 197 1.0
152 1.0
2 13 2.0
15 4.0
63 193 6.0
3 72 103 161 1.0
72 113 1.0
2 16 17 18 22 23 24 25 28 29 30 31 32 34 36 37 38 39 40 47 72 73 74 144 204 205 206 207 1.0
63 154 1.0
43 10.0
2 43 68 79 82 83 105 107 108 110 111 129 130 131 132 133 134 135 1.0
5 43 4.0
72 1.0
43 61 71 173 1.0
41 44 63 78 82 113 137 160 163 174 175 176 2.0
48 63 1.0
193 1.0
7 8 9 44 1.0
10 100 105 111 112 128 1.0
13 194 195 196 197 2.0
14 143 2.0
63 160 3.0
63 78 1.0
13 129 133 2.0
44 69 119 120 121 150 157 158 1.0
64 70 1.0
127 154 1.0
77 115 1.0
63 69 170 1.0
6 44 119 121 157 158 1.0
69 119 120 121 150 157 158 1.0
87 2.0
2 216 1.0
72 87 117 1.0
72 114 1.0
1 43 44 46 119 120 157 159 1.0
41 63 7.0
14 2.0
17 18 23 24 25 26 27 30 73 75 76 1.0
5 14 10.0
14 43 2.0
10 63 177 1.0
72 136 2.0
87 116 3.0
15 66 1.0
10 63 165 171 177 1.0
5 4.0
2 41 44 46 63 72 78 100 111 113 128 137 138 160 163 164 174 175 176 187 188 189 190 191 192 1.0
63 17.0
3 6.0
112 121 1.0
63 117 2.0
47 48 50 51 52 53 54 55 56 57 144 145 1.0
13 133 2.0
14 43 44 46 69 1.0
19 48 3.0
0 1 1.0
42 1.0
38 216 4.0
6 44 69 119 120 121 150 157 158 5.0
2 122 123 1.0
10 63 65 67 2.0
9 1.0
7 8 9 2.0
63 156 5.0
106 130 1.0
19 2.0
10 72 78 79 82 84 107 111 112 116 136 1.0
43 44 4.0
60 153 2.0
8 2.0
10 78 136 2.0
46 72 77 78 79 80 82 85 86 87 88 89 90 91 92 93 94 95 96 97 98 99 101 102 103 104 1.0
10 63 127 165 171 177 3.0
5 11 13 14 38 59 64 123 124 125 142 147 148 149 1.0
118 2.0
43 45 58 66 120 146 1.0
78 175 2.0
16 17 22 1.0
116 136 1.0
16 19 27 28 72 1.0
14 38 2.0
2 14 61 62 2.0
1 43 44 46 119 120 121 157 159 1.0
44 46 2.0
87 88 1.0
47 48 49 50 51 52 53 54 1.0
