206 469 501 657 669 837 838 839 840 841 844 845 846 847 848 849 850 851 852 854 856 857 858 859 860 861 862 863 1.0
0 4 38 68 177 367 1.0
0 748 2.0
0 4 616 833 900 1.0
0 685 686 687 688 1.0
0 318 3.0
0 480 773 871 1.0
0 477 702 1.0
0 696 2.0
0 689 1.0
0 197 206 210 215 229 235 242 314 315 316 1.0
120 516 611 805 806 1.0
4 275 349 350 2.0
0 70 215 235 241 246 305 1027 1.0
4 197 887 888 889 890 1.0
0 61 3.0
0 321 1.0
206 306 469 501 578 657 669 836 837 838 839 840 841 842 845 846 847 848 849 850 851 852 853 854 855 857 858 859 860 861 862 864 1.0
4 527 1.0
0 2 4 33 34 67 1.0
0 6 197 3.0
0 4 33 34 67 137 15.0
106 120 1.0
0 215 216 2.0
0 4 32 38 69 70 88 1.0
0 701 2.0
236 297 1.0
0 257 938 1.0
0 21 70 120 2.0
0 4 32 68 902 1.0
0 4 65 4.0
940 1.0
0 449 1.0
0 120 529 2.0
0 154 1.0
0 283 1.0
0 48 5.0
206 306 469 501 578 657 669 836 837 838 839 840 842 843 844 845 846 847 848 849 850 851 852 853 854 855 857 858 859 860 861 862 864 1.0
739 740 741 742 743 744 1.0
0 39 40 41 42 43 44 45 47 51 53 55 56 197 198 199 200 201 202 1.0
0 655 1.0
0 4 120 247 867 868 2.0
0 623 2.0
0 983 1.0
0 622 2.0
0 65 120 2.0
0 4 21 34 61 116 120 188 503 505 662 714 715 716 717 718 719 720 721 1.0
215 216 1.0
0 190 191 192 193 194 195 196 1.0
0 390 2.0
0 4 34 257 1.0
0 4 106 1.0
0 125 4.0
0 561 2.0
285 1.0
206 306 469 501 502 578 657 669 836 837 838 839 840 841 842 843 844 845 846 847 848 849 850 851 852 853 854 855 856 857 858 859 860 861 862 863 864 5.0
0 4 34 70 88 2.0
0 367 1.0
0 483 4.0
0 6 197 611 612 1.0
0 4 65 66 884 1.0
0 617 1.0
120 529 1.0
0 4 21 38 65 120 576 577 2.0
0 4 68 70 88 351 382 1.0
0 68 246 305 1.0
0 4 33 34 68 69 70 88 96 137 177 256 257 258 388 450 451 452 453 454 455 1.0
285 424 1.0
0 1 4 38 1.0
611 612 616 618 620 1.0
0 633 1.0
120 700 936 2.0
0 762 2.0
0 120 700 800 801 3.0
0 423 1.0
0 4 21 70 120 1.0
0 215 235 246 865 1.0
0 725 3.0
4 164 165 1.0
0 32 34 70 571 572 1.0
8 34 324 1.0
0 66 1.0
0 799 2.0
0 4 259 1.0
0 68 70 88 3.0
612 616 1.0
4 33 323 324 325 1.0
0 108 109 2.0
0 65 66 120 422 423 1.0
0 49 70 73 74 75 76 77 78 79 80 81 82 83 84 85 1.0
0 74 1.0
0 110 2.0
0 4 33 34 38 1.0
206 306 469 501 502 657 836 837 838 839 840 841 844 846 847 849 850 851 854 855 856 857 858 859 860 861 862 864 1.0
0 990 2.0
67 116 188 209 296 575 1.0
0 65 5.0
0 589 1.0
0 4 34 38 70 1.0
0 4 197 1.0
15 16 17 2.0
739 981 982 1.0
0 4 34 67 68 1.0
67 68 96 538 1.0
0 4 32 941 1.0
236 664 967 1.0
0 647 3.0
8 33 34 61 67 137 2.0
0 745 2.0
4 348 349 4.0
0 135 21.0
0 272 2.0
0 12 32 70 545 1.0
0 129 1.0
0 38 384 1.0
0 65 68 120 431 2.0
0 132 1.0
7 8 9.0
0 106 7.0
206 306 469 501 502 578 657 669 836 837 838 839 840 841 842 843 844 845 846 847 848 849 850 851 852 853 854 855 857 858 859 860 861 862 863 864 2.0
0 4 12 33 34 68 69 70 88 96 256 258 328 450 451 452 453 454 455 1.0
0 34 69 197 381 382 1.0
0 4 34 69 70 88 256 257 258 388 450 451 452 1.0
656 658 1026 1.0
0 4 38 67 1.0
21 551 1.0
0 204 245 2.0
0 68 120 427 444 1.0
4 67 137 1.0
0 803 2.0
0 73 74 76 77 78 79 80 81 82 86 87 363 364 1.0
0 978 1.0
0 4 881 1.0
0 600 1.0
0 21 10.0
0 500 2.0
0 4 34 69 70 96 1.0
0 994 2.0
0 120 167 1.0
4 33 349 1.0
0 4 34 38 321 322 1.0
0 4 88 1.0
0 177 257 435 712 713 1.0
0 513 3.0
8 34 351 1.0
0 4 34 38 818 1.0
0 116 1.0
0 4 32 177 317 1.0
120 869 870 1.0
0 4 236 296 1.0
0 695 2.0
0 749 2.0
0 21 120 177 516 1.0
0 984 1.0
6 583 584 1.0
0 206 414 1.0
0 761 2.0
0 32 88 2.0
0 2 4 34 67 388 4.0
0 4 23 33 276 765 766 1.0
0 4 930 2.0
8 34 61 1.0
120 424 425 426 427 1.0
154 155 156 157 158 159 160 161 162 163 1024 1.0
0 401 402 403 404 1.0
0 197 3.0
0 21 120 285 503 551 949 3.0
0 197 206 215 216 235 246 579 947 948 2.0
0 4 32 891 892 1.0
0 135 136 1.0
4 65 120 1.0
1 943 1.0
0 141 2.0
0 894 1.0
0 4 65 106 546 1.0
0 884 885 1.0
0 552 553 1.0
0 206 764 1.0
0 699 1.0
0 140 2.0
0 4 67 305 664 2.0
0 681 2.0
0 384 1.0
0 4 8 1.0
0 418 1.0
0 34 69 5.0
0 4 366 1.0
0 479 4.0
0 16 1.0
204 229 244 1.0
832 1.0
0 420 6.0
0 88 47.0
0 4 891 892 1.0
0 197 888 1003 1004 1005 1.0
0 882 2.0
0 4 38 68 70 1.0
33 65 66 67 70 137 995 1.0
612 613 2.0
0 4 120 1.0
1 4 67 149 1.0
0 656 657 1.0
0 705 2.0
0 42 120 5.0
21 120 598 1.0
0 543 1.0
0 1023 2.0
0 128 2.0
0 4 33 67 70 137 1.0
4 8 5.0
0 680 2.0
0 929 2.0
837 839 840 5.0
0 560 2.0
0 4 333 334 335 336 337 338 339 340 341 344 345 1.0
120 516 3.0
0 21 120 551 2.0
0 32 389 1.0
120 285 503 551 582 949 1.0
0 32 177 417 568 569 1.0
0 4 34 120 188 1.0
0 146 147 1.0
0 825 2.0
0 456 457 1.0
0 351 899 1.0
0 177 595 1.0
0 566 1.0
0 807 1.0
0 34 257 2.0
361 1.0
0 4 38 558 559 1.0
0 1001 1.0
0 477 2.0
206 306 469 501 578 657 669 836 837 838 839 840 842 843 844 845 846 847 848 849 850 851 852 853 854 855 857 858 859 860 861 862 863 864 1.0
0 4 6 88 204 206 482 1.0
6 245 1.0
0 564 565 2.0
0 210 1.0
1 943 944 1.0
0 107 27.0
505 539 540 541 1.0
0 1 1.0
0 70 206 501 502 579 787 1.0
0 123 4.0
0 4 33 2.0
0 19 3.0
67 68 96 188 475 538 1.0
0 392 2.0
0 197 610 1.0
257 570 1.0
0 8 16.0
4 275 349 1.0
0 111 112 1.0
0 243 9.0
120 430 4.0
0 389 1.0
0 4 737 1.0
4 38 276 349 5.0
4 33 137 662 918 1.0
0 7 785 1.0
0 254 5.0
0 65 120 480 501 1.0
0 4 67 116 120 188 1.0
0 4 476 549 1.0
0 36 2.0
0 4 417 512 1.0
215 235 242 244 247 248 947 1025 1.0
0 120 21.0
8 257 2.0
0 83 368 369 370 371 372 373 1.0
0 4 401 2.0
0 611 4.0
0 4 65 68 120 206 210 229 243 246 480 501 578 579 580 581 582 1.0
0 4 34 69 70 88 96 3.0
0 4 70 106 1.0
0 820 821 1.0
0 168 2.0
0 625 2.0
40 41 43 44 45 46 47 48 49 50 53 55 56 198 199 200 201 202 1.0
0 263 1.0
0 1002 3.0
0 257 703 1.0
0 541 2.0
0 4 177 257 1.0
4 275 276 349 350 5.0
33 65 66 70 995 1.0
67 418 1.0
206 306 469 578 657 669 836 837 838 839 840 843 845 846 847 849 850 851 852 853 854 855 857 858 859 860 861 862 863 864 1.0
0 555 556 557 1.0
4 33 67 137 212 236 708 709 710 711 1.0
245 498 499 1.0
67 69 88 149 257 367 452 957 1.0
0 65 106 120 3.0
0 116 120 188 2.0
0 8 698 1.0
116 188 505 757 3.0
0 145 2.0
34 324 388 2.0
0 1 2 3 1.0
0 4 32 38 69 70 88 879 1.0
42 73 74 2.0
0 4 34 38 120 188 1.0
4 401 2.0
0 342 343 1.0
0 71 1028 1.0
0 4 642 1.0
116 188 217 236 240 296 504 505 506 508 509 1.0
0 65 120 480 1.0
215 216 413 947 968 969 970 973 974 975 1.0
135 638 3.0
0 4 22 1.0
0 4 67 8.0
0 197 206 210 215 229 242 295 314 315 316 1.0
0 33 5.0
4 33 67 137 212 236 574 708 709 710 711 1.0
0 779 1.0
439 440 750 751 752 753 754 1.0
0 188 1.0
4 276 323 324 325 1.0
0 68 70 1.0
587 1.0
0 3 34 1.0
0 274 417 807 1.0
0 4 34 68 69 254 6.0
120 515 517 518 519 520 522 525 1.0
0 91 92 1.0
0 4 33 34 38 67 1.0
0 737 1.0
0 105 2.0
0 17 116 120 188 284 285 287 288 1.0
0 941 1.0
0 17 21 67 116 188 284 285 286 287 288 1.0
206 306 469 501 578 657 669 836 837 838 839 840 842 843 845 846 847 848 849 850 851 852 853 854 855 856 857 858 859 860 861 862 863 864 1.0
0 591 1.0
0 4 65 68 120 206 210 243 246 306 480 501 578 579 580 581 582 1.0
15 16 1.0
0 20 1.0
0 236 296 1.0
206 306 469 501 578 657 669 836 837 838 839 840 841 842 843 844 845 846 847 848 849 850 851 852 853 854 855 857 858 859 860 861 862 863 864 2.0
0 177 883 1.0
0 4 33 34 67 70 137 14.0
0 21 65 68 120 3.0
0 1 2 3 4 34 67 2.0
0 20 21 1.0
0 8 33 34 137 376 1.0
0 4 120 600 1.0
0 4 178 1.0
120 278 3.0
0 4 429 1.0
0 242 258 1.0
0 68 579 1.0
0 4 38 794 1.0
0 4 32 5.0
0 4 38 67 189 1.0
120 177 595 767 769 792 793 1.0
0 70 197 204 206 207 208 210 213 214 215 216 217 218 219 220 221 222 223 224 225 226 227 228 229 230 231 232 233 234 1.0
0 21 70 1.0
4 67 174 207 210 211 235 237 238 240 241 242 296 297 298 299 300 301 302 303 304 1.0
4 985 7.0
0 257 472 2.0
0 4 65 120 177 579 699 700 1.0
197 243 244 1.0
0 72 2.0
175 1.0
0 245 2.0
0 114 2.0
4 206 578 1.0
0 4 21 120 256 257 258 450 551 1.0
0 4 739 3.0
0 21 33 67 116 137 173 188 503 872 1010 1011 1.0
0 4 886 1.0
0 724 2.0
120 206 500 2.0
4 67 212 236 242 296 297 300 305 505 508 664 945 946 2.0
0 642 4.0
8 34 388 1.0
66 1.0
0 4 67 987 1.0
0 528 831 992 1.0
0 750 751 2.0
0 660 4.0
0 22 3.0
0 781 2.0
0 258 1.0
0 706 2.0
0 6 197 422 476 483 549 755 756 2.0
333 334 335 1.0
0 67 22.0
0 124 2.0
0 42 120 420 813 814 815 816 817 1.0
0 903 904 905 1.0
0 4 12 33 34 68 69 70 88 96 137 177 256 257 258 328 388 450 451 452 453 454 455 2.0
0 824 2.0
0 330 1.0
0 197 243 244 247 2.0
4 67 418 2.0
940 1021 3.0
0 4 38 648 1.0
0 630 2.0
0 189 4.0
0 650 2.0
0 382 7.0
0 187 258 361 419 1.0
65 1.0
21 229 235 241 242 294 295 1.0
0 4 28 3.0
4 67 137 649 1.0
0 763 2.0
4 329 896 897 1.0
0 88 257 6.0
0 180 181 182 183 1.0
135 1.0
155 156 157 158 159 160 161 162 163 1.0
4 35 4.0
0 21 120 204 205 4.0
0 797 2.0
0 32 94 1.0
0 178 3.0
0 4 38 70 1.0
0 4 795 796 1.0
0 120 121 1.0
0 780 2.0
0 421 2.0
0 132 383 1.0
0 4 67 68 1.0
0 70 423 1.0
0 12 33 34 68 69 70 88 96 137 177 256 257 258 328 388 450 451 452 453 454 455 1.0
0 32 102.0
0 21 120 138 148 173 503 872 1.0
4 120 206 1.0
0 34 351 3.0
0 4 155.0
0 8 33 34 137 1.0
0 42 74 828 1.0
0 243 356 357 358 1.0
0 785 1.0
0 21 120 138 148 173 503 872 873 1.0
229 408 409 1.0
0 722 2.0
0 739 7.0
0 4 33 34 67 68 70 137 177 5.0
0 412 2.0
0 4 120 247 1.0
206 469 501 578 669 836 837 838 839 840 842 843 844 845 846 848 849 850 852 854 855 857 858 859 860 861 863 864 1.0
0 393 394 395 396 397 398 399 400 3.0
0 187 416 1.0
21 204 205 2.0
0 4 176 1.0
612 613 614 615 617 618 619 1.0
0 32 177 292 293 1.0
0 728 3.0
0 4 329 330 898 2.0
0 5 6 1.0
0 17 68 129 1.0
0 34 474 1.0
0 142 1.0
0 782 2.0
0 986 1.0
132 133 134 1.0
0 4 34 88 1.0
206 306 469 501 578 657 669 836 837 838 839 840 841 843 844 846 847 849 850 851 853 854 855 856 857 858 859 860 861 862 864 1.0
0 831 3.0
0 6 3.0
0 24 2.0
0 94 4.0
0 21 65 68 120 425 2.0
206 306 469 501 578 657 669 836 837 838 839 840 841 842 844 847 849 850 852 853 854 855 856 857 858 859 860 861 862 864 1.0
0 774 2.0
0 290 7.0
0 470 1.0
0 6 69 70 88 197 206 215 482 1.0
0 321 547 2.0
67 664 1.0
0 120 633 1.0
0 4 33 67 2.0
0 18 2.0
0 6 422 1.0
0 260 1.0
0 30 14.0
0 4 562 563 1.0
0 802 1.0
0 28 3.0
4 34 116 117 118 2.0
0 4 33 67 88 137 1.0
0 567 2.0
0 32 257 367 1.0
0 153 2.0
0 1006 2.0
0 773 1.0
0 68 70 215 216 235 968 969 970 972 1.0
0 32 68 1.0
0 987 1.0
0 389 390 1.0
33 67 137 212 236 574 708 709 710 711 1.0
0 100 2.0
4 23 276 766 1.0
0 33 96 103 1.0
0 4 33 34 69 70 88 137 256 257 258 388 450 451 452 453 454 1.0
288 475 1017 1018 1019 1.0
374 1.0
0 747 2.0
0 791 4.0
6 422 1.0
120 611 700 934 1.0
0 96 1.0
16 1.0
0 295 483 661 1.0
33 67 536 537 3.0
0 197 552 553 554 1.0
0 4 921 1.0
0 29 9.0
0 639 2.0
0 4 34 38 88 271 1.0
0 4 32 65 177 1.0
0 515 517 518 519 520 1.0
0 1 4 38 67 1.0
550 612 613 614 615 616 617 1.0
4 23 33 276 765 766 1.0
0 261 7.0
0 931 1.0
0 1 2 3 67 68 70 256 257 258 450 452 1.0
39 40 41 42 43 44 45 46 47 48 49 50 51 52 53 54 55 56 57 58 59 60 61 62 63 1.0
39 45 73 76 77 80 82 83 364 692 693 694 1.0
0 810 1.0
21 120 285 503 551 949 2.0
837 838 839 1.0
0 621 2.0
0 4 185 1.0
206 306 469 501 578 657 669 836 837 838 839 840 841 842 843 844 845 846 847 848 849 850 851 852 853 854 855 856 857 858 859 860 861 862 863 864 1.0
0 4 65 68 70 106 177 417 1.0
0 68 15.0
120 515 517 518 519 521 522 525 1.0
0 23 906 1.0
0 4 272 273 1.0
21 120 551 1.0
0 70 142 143 144 1.0
0 4 902 1.0
0 4 33 34 67 68 96 137 2.0
0 253 779 1.0
0 138 6.0
0 251 3.0
0 34 68 69 254 1.0
0 6 68 476 640 1.0
0 4 34 67 70 137 1.0
8 33 34 137 376 1.0
137 186 187 1.0
120 177 595 767 768 769 792 1.0
0 447 1.0
0 34 646 1.0
0 70 88 2.0
0 386 387 2.0
120 500 1.0
206 306 469 501 578 657 669 836 837 838 839 840 841 842 843 844 845 846 847 848 849 850 851 852 853 854 855 856 857 858 860 861 862 863 864 1.0
0 119 2.0
0 489 2.0
0 360 361 1.0
0 291 1.0
4 67 188 212 236 242 296 297 300 305 505 508 946 2.0
0 4 197 247 894 1.0
0 23 3.0
4 405 11.0
67 68 475 538 1.0
0 333 334 353 355 2.0
0 4 70 382 4.0
205 209 229 235 286 663 666 958 959 960 961 962 963 964 965 966 1.0
39 40 45 1.0
0 4 38 531 532 533 534 535 1.0
39 40 41 42 43 44 45 46 47 50 51 53 55 56 197 198 199 200 201 1.0
0 4 333 334 335 336 337 338 339 340 341 1.0
750 1.0
0 4 67 70 1.0
0 624 2.0
0 921 1.0
0 4 401 402 922 5.0
0 42 813 1.0
0 197 206 210 229 235 242 295 314 315 316 1.0
67 574 1.0
0 901 4.0
625 626 627 1.0
0 262 2.0
0 381 382 2.0
0 783 2.0
0 31 21.0
0 4 34 21.0
611 1.0
0 775 1.0
0 70 120 760 1.0
0 4 17 287 1.0
0 1014 1015 1016 1.0
0 106 417 1.0
0 233 1.0
0 152 197 243 247 1.0
0 21 285 2.0
0 185 1.0
0 34 69 70 88 96 1.0
0 4 34 65 70 88 2.0
0 410 411 1.0
0 97 1.0
1 38 149 280 281 282 1.0
0 795 796 1.0
651 652 654 1.0
0 269 270 1.0
0 1 2 38 1.0
0 902 1.0
0 4 33 34 67 88 137 1.0
0 34 197 1.0
0 804 2.0
0 4 21 65 120 576 577 1.0
0 255 919 920 2.0
837 839 1.0
0 4 204 528 1.0
0 4 70 5.0
0 4 65 66 263 264 265 1.0
0 4 70 73 413 691 1.0
106 417 1.0
0 4 33 34 69 70 88 96 137 177 256 257 258 328 388 450 451 452 453 454 455 1.0
0 21 120 138 148 173 284 503 872 873 2.0
4 33 67 137 212 236 574 708 710 711 3.0
0 16 447 448 1.0
0 8 697 1.0
555 556 558 1.0
0 513 514 1.0
0 4 38 90 1.0
0 68 197 483 606 1.0
206 306 469 501 502 578 657 836 837 838 839 840 841 843 844 846 847 849 850 851 853 854 855 856 857 858 859 860 861 862 863 864 1.0
0 4 69 70 197 886 887 888 889 890 2.0
4 33 67 137 212 708 710 1.0
120 611 700 934 935 1.0
0 4 993 994 1.0
0 177 277 278 1.0
0 88 727 1.0
0 326 2.0
206 229 246 578 579 679 1.0
0 4 33 34 67 68 1.0
0 811 3.0
174 175 1.0
0 4 68 69 254 1.0
0 17 21 284 1.0
0 21 70 120 746 1.0
0 543 684 1.0
0 21 68 120 427 444 515 516 517 518 519 520 521 522 523 1.0
0 32 70 1.0
0 266 267 268 1.0
4 33 137 918 1.0
0 4 34 67 10.0
4 734 735 1.0
0 682 3.0
0 1 2 3 4 34 70 1.0
0 4 32 108 177 479 1.0
0 4 435 436 1.0
0 333 334 353 354 355 1.0
0 95 2.0
0 813 1.0
4 33 67 137 212 574 708 709 710 711 1.0
67 137 186 187 188 2.0
0 26 27 2.0
0 6 197 206 483 1.0
0 34 543 1.0
0 34 22.0
0 4 32 204 1.0
0 1021 1.0
0 42 120 942 1.0
0 33 67 1.0
0 4 34 67 137 17.0
0 4 21 38 120 257 510 511 1.0
1 4 67 149 257 1.0
120 206 241 1.0
120 285 582 597 598 599 1.0
0 65 68 120 430 431 432 1.0
0 8 88 1.0
4 33 67 116 137 188 212 236 242 296 297 300 305 505 945 2.0
0 327 2.0
0 1 4 8 1.0
0 4 38 932 3.0
490 491 492 493 494 495 496 1.0
0 4 39 40 41 43 44 45 46 47 48 51 52 53 54 55 56 57 59 60 61 62 63 73 197 198 199 200 201 202 363 691 729 730 731 732 733 1.0
0 497 3.0
0 594 2.0
21 120 439 1.0
22 23 1.0
0 150 151 1.0
206 469 501 578 657 836 837 838 839 840 844 845 851 854 858 1.0
575 1.0
0 923 2.0
0 801 1.0
0 70 11.0
0 2 4 388 1.0
0 21 148 1.0
0 4 38 690 1.0
0 25 2.0
0 4 34 68 69 253 254 2.0
0 629 775 776 777 778 1.0
0 6 197 206 1.0
8 88 1.0
0 758 2.0
0 4 38 65 69 70 88 177 277 278 895 1.0
0 4 23 38 61 914 915 1.0
0 4 70 88 351 382 1.0
0 4 38 993 994 1.0
0 401 922 928 1.0
0 68 69 197 381 382 1.0
0 137 933 1.0
0 4 32 939 1.0
0 289 2.0
0 610 2.0
0 4 21 32 120 177 516 1.0
612 613 614 615 8.0
0 391 2.0
0 4 12 33 34 68 69 70 88 137 177 256 257 258 328 388 450 451 452 453 454 455 1.0
0 834 2.0
206 306 469 501 578 657 669 836 837 838 839 840 842 843 844 845 847 849 850 851 852 853 854 855 856 857 858 859 860 861 862 863 864 1.0
0 127 2.0
0 71 7.0
0 252 2.0
0 246 2.0
0 570 1.0
197 242 244 482 773 788 789 790 1.0
4 918 1.0
0 4 257 484 1.0
586 587 588 1.0
0 595 1.0
0 4 12 33 34 68 69 70 88 96 137 177 256 257 328 388 450 451 452 453 454 455 1.0
0 21 120 285 1.0
0 42 120 813 815 996 997 998 1000 1022 1.0
0 7 795 796 1.0
550 611 612 613 614 615 616 618 619 2.0
0 226.0
0 113 2.0
0 818 1.0
148 424 481 592 593 707 1.0
0 4 34 260 1.0
0 187 893 1.0
0 4 329 898 1.0
0 68 70 215 216 235 968 969 970 971 972 1.0
0 736 2.0
4 9.0
0 4 33 34 3.0
0 6 68 197 483 1.0
272 273 2.0
0 4 65 66 69 70 88 177 1.0
0 32 65 70 519 1.0
0 445 22.0
0 544 2.0
0 4 197 527 528 1.0
0 4 38 651 652 653 1.0
4 34 67 70 137 1.0
0 918 2.0
0 329 330 331 332 2.0
0 169 170 171 1.0
0 4 64 65 66 1.0
0 4 38 19.0
0 4 34 67 68 70 177 1.0
0 476 548 549 1.0
4 67 212 236 242 296 297 300 305 505 508 945 946 2.0
0 4 435 1.0
0 21 120 516 1.0
0 151 1.0
67 209 296 575 665 666 1.0
241 294 295 1.0
0 66 70 120 1001 1.0
0 21 120 177 2.0
840 841 3.0
0 703 9.0
0 4 32 65 66 69 70 88 197 483 1.0
0 784 2.0
0 1 2 3 4 65 1.0
0 6 67 68 188 197 236 476 549 574 1.0
0 21 42 120 942 2.0
0 571 1.0
0 21 42 120 3.0
4 23 38 61 914 916 2.0
0 66 704 1.0
67 116 137 188 504 505 506 507 1.0
4 33 137 349 3.0
0 104 2.0
0 33 34 67 1.0
0 393 1.0
0 4 33 34 67 70 5.0
0 415 2.0
4 33 67 116 137 188 212 236 242 296 297 300 305 505 508 664 945 946 2.0
0 9 10 11 12 13 14 1.0
0 659 4.0
8 428 4.0
0 1 4 67 1.0
0 980 5.0
0 4 65 70 177 417 1.0
612 614 615 618 1.0
0 34 70 88 96 1.0
0 4 33 34 69 70 88 96 137 256 257 258 388 450 451 453 454 1.0
0 529 2.0
0 879 880 1.0
0 1 2 3 4 69 70 88 1.0
0 1012 1013 1.0
0 5 1.0
0 4 68 69 70 88 1.0
0 21 120 148 1.0
0 809 2.0
8 33 67 137 1.0
0 17 21 67 116 120 188 284 285 286 287 1.0
0 4 642 643 644 2.0
0 42 4.0
0 595 767 768 769 770 1.0
0 530 2.0
206 306 469 501 502 578 657 669 836 837 838 839 840 842 843 844 845 846 847 848 849 850 852 853 854 855 856 857 858 859 860 861 862 863 864 1.0
0 177 277 1.0
0 68 123 631 2.0
0 4 65 66 1.0
0 4 197 887 888 889 890 1.0
0 4 21 32 70 120 582 1.0
0 38 12.0
0 34 67 1.0
0 4 250 1.0
0 437 4.0
0 4 349 1.0
0 543 566 1.0
0 4 38 641 1.0
837 840 1.0
0 32 204 1.0
0 38 446 3.0
206 306 469 501 502 578 657 669 836 837 838 839 840 841 842 843 844 845 847 849 850 851 852 853 854 855 856 857 858 859 860 862 1.0
0 4 249 1.0
0 1 149 1.0
0 8 67 1.0
0 6 197 483 2.0
206 306 469 501 578 657 669 836 837 838 839 840 841 842 843 844 845 846 847 848 849 850 852 853 854 855 857 858 859 860 861 862 864 1.0
0 68 283 1.0
120 551 1.0
0 4 446 1.0
0 203 2.0
0 739 740 741 742 743 744 1.0
0 317 1.0
0 21 33 67 68 116 120 137 188 505 582 1.0
0 4 69 1.0
4 349 2.0
0 4 256 257 258 2.0
0 120 172 173 1.0
0 97 98 99 100 101 102 1.0
0 1 4 38 818 1.0
0 34 67 984 1.0
204 229 773 2.0
0 759 2.0
0 739 740 741 1.0
0 584 1.0
0 4 42 64 74 463 465 466 468 469 487 488 1.0
0 74 468 1.0
0 4 34 38 120 1.0
0 6 586 2.0
0 333 334 337 353 1.0
4 33 67 137 212 236 574 709 710 711 1.0
0 4 65 106 2.0
0 4 930 931 1.0
0 62 475 1.0
411 738 1.0
8 67 2.0
0 70 480 773 812 871 1.0
120 430 433 434 2.0
0 1 258 1.0
0 1 67 1.0
0 417 2.0
0 550 2.0
0 70 88 138 1.0
0 21 197 206 207 210 212 229 230 237 241 242 246 305 306 307 308 309 310 311 312 313 1.0
0 808 2.0
0 38 137 187 473 1.0
0 32 177 986 1.0
0 204 1.0
148 424 592 593 1.0
664 734 866 1.0
0 4 414 1.0
0 4 257 258 1.0
0 62 2.0
0 90 2.0
0 21 33 67 68 116 120 137 188 504 506 582 1.0
21 120 503 551 582 949 1.0
0 16 411 738 1.0
1017 1020 3.0
0 4 257 1.0
0 4 197 206 207 209 211 212 216 229 235 236 237 238 239 240 241 242 1.0
0 250 1.0
0 924 925 926 927 1.0
0 4 34 137 376 637 1.0
0 8 91 92 1.0
120 760 3.0
0 349 1.0
0 4 34 67 984 1.0
116 188 757 3.0
0 4 197 212 242 300 305 2.0
70 120 760 2.0
0 365 2.0
0 257 988 989 2.0
589 590 2.0
0 6 197 233 483 1.0
0 126 2.0
206 306 469 501 502 578 657 669 837 838 839 840 841 842 843 844 846 847 849 850 851 852 854 855 856 857 858 859 860 861 862 863 864 1.0
0 249 1.0
4 67 188 212 236 242 296 297 300 305 505 508 664 945 946 2.0
0 7 786 1.0
0 285 1.0
0 32 257 2.0
0 446 2.0
148 424 592 593 596 1.0
0 93 3.0
0 32 177 10.0
0 34 802 1.0
0 21 206 246 305 306 307 308 1.0
0 8 33 34 61 67 137 2.0
0 69 23.0
0 826 2.0
0 68 635 1.0
0 1 4 3.0
0 4 616 833 1.0
0 37 2.0
0 320 2.0
0 939 2.0
0 215 4.0
0 932 2.0
0 169 1.0
0 4 42 64 74 197 460 461 462 463 464 465 466 467 468 1.0
0 206 215 245 246 1.0
656 658 3.0
0 704 1.0
0 257 645 2.0
0 4 34 70 2.0
0 4 65 68 70 120 197 206 228 229 241 243 246 295 305 306 314 480 501 502 578 579 580 667 668 669 670 671 672 673 674 675 676 1.0
0 632 2.0
0 4 21 120 2.0
0 64 4.0
0 292 3.0
0 346 347 1.0
0 34 96 4.0
651 654 3.0
0 32 177 810 1.0
4 38 349 1.0
0 4 38 983 1.0
0 690 1.0
0 822 2.0
0 4 319 1.0
556 558 1.0
0 179 2.0
0 414 3.0
0 21 42 120 813 816 942 996 997 998 999 1000 1.0
0 4 438 1.0
0 359 4.0
0 88 591 1.0
527 528 1.0
0 629 2.0
34 1.0
0 257 16.0
0 236 1.0
0 4 12 33 34 68 69 70 88 96 177 256 257 258 328 388 450 451 452 453 454 455 1.0
0 177 1.0
0 4 348 349 9.0
0 4 42 74 197 460 461 462 463 464 465 466 468 469 1.0
0 542 2.0
0 4 120 757 1.0
0 683 2.0
583 584 1.0
0 628 2.0
0 197 206 229 306 669 836 2.0
4 275 276 1.0
0 34 68 1.0
0 4 34 38 67 1.0
4 67 69 70 88 149 257 258 367 450 452 957 1.0
0 67 197 215 247 1.0
0 166 2.0
0 835 2.0
0 408 1.0
0 70 120 759 2.0
0 115 2.0
1 4 8 1.0
0 4 34 70 334 1.0
4 23 38 61 914 915 916 2.0
0 476 3.0
33 272 273 3.0
0 723 1.0
0 67 116 188 236 1.0
0 526 2.0
0 45 49 73 76 77 78 79 81 82 83 84 86 87 1.0
0 4 253 257 1.0
0 4 34 69 70 88 1.0
0 611 612 1.0
0 67 69 1.0
0 4 38 65 1.0
0 148 1.0
0 88 660 1.0
0 1 2 3 67 68 70 256 257 450 452 1.0
0 698 1.0
449 485 486 1.0
0 4 32 65 176 177 1.0
0 677 2.0
0 68 479 1.0
0 21 120 582 2.0
0 4 21 69 70 88 148 177 257 1.0
0 6 583 584 1.0
0 65 66 1.0
21 120 206 229 501 503 1.0
0 651 652 653 2.0
0 21 33 67 68 116 120 137 188 504 505 506 582 2.0
0 819 2.0
246 1.0
0 586 1.0
0 8 23 33 34 61 96 137 273 274 276 350 374 375 376 377 378 379 380 1.0
0 8 34 61 1.0
0 319 2.0
0 1 2 3 4 2.0
0 988 989 1.0
0 139 2.0
0 438 1.0
739 743 937 1.0
469 837 840 3.0
0 4 130 131 1.0
0 4 65 120 2.0
4 23 33 276 766 1.0
0 4 32 177 291 1.0
0 21 206 246 287 305 306 307 308 1.0
0 4 38 978 1.0
67 68 96 475 538 1.0
272 274 1.0
0 4 38 500 1.0
0 4 89 1.0
0 6 69 70 88 640 812 1.0
0 152 4.0
0 4 38 67 279 1.0
74 84 120 1.0
0 7 655 1.0
0 197 204 246 305 1.0
0 362 585 1025 1.0
736 1.0
0 21 120 285 551 582 598 1.0
0 4 478 3.0
988 989 1.0
315 551 789 950 951 952 953 954 955 956 1.0
0 1 4 8 67 2.0
0 4 33 34 67 68 70 177 6.0
4 23 38 61 914 4.0
0 4 32 132 1.0
0 6 48 1.0
0 204 229 244 1.0
973 976 977 2.0
0 798 2.0
0 67 115 2.0
0 107 909 910 911 912 1.0
0 1 2 3 4 67 2.0
0 362 4.0
0 4 334 2.0
0 832 1.0
0 21 120 598 1.0
67 236 1.0
15 16 17 68 1.0
21 65 68 120 229 500 501 502 1.0
0 4 65 68 120 206 210 229 243 246 305 306 480 501 578 579 580 581 582 1.0
0 206 7.0
612 613 614 1.0
0 39 45 49 70 73 74 76 78 79 80 81 82 83 84 85 86 461 828 829 830 1.0
873 874 875 876 877 878 1.0
197 244 247 740 773 1.0
206 306 469 501 502 578 657 669 836 837 838 839 840 841 842 843 844 845 846 847 849 850 851 852 853 854 855 857 858 859 862 863 864 1.0
0 6 483 2.0
0 458 459 1.0
0 4 34 70 367 2.0
0 1007 2.0
4 478 2.0
0 276 990 991 1.0
0 279 1.0
0 1008 1009 2.0
0 4 65 66 67 70 136 177 417 2.0
0 4 34 38 7.0
67 352 2.0
0 4 184 1.0
4 601 602 603 604 605 606 607 1.0
0 786 1.0
0 4 67 476 549 574 1.0
0 351 723 2.0
0 823 2.0
0 278 1.0
4 33 324 325 385 1.0
0 4 38 65 120 576 577 1.0
0 413 1.0
6 483 1.0
664 967 1.0
0 21 68 120 427 515 516 517 518 519 520 521 522 523 524 1.0
0 180 3.0
0 4 38 70 148 481 3.0
206 306 469 501 502 578 657 669 836 837 838 839 840 841 842 843 844 845 846 847 848 849 850 852 853 854 855 856 857 858 859 860 861 862 864 1.0
0 771 772 1.0
0 89 1.0
0 6 68 197 206 295 299 483 491 573 1.0
4 766 1.0
0 121 608 609 1.0
0 979 2.0
0 6 482 483 1.0
0 913 2.0
0 4 689 1.0
0 4 32 34 38 69 70 88 177 257 1.0
0 470 471 2.0
206 306 469 501 657 836 837 838 839 840 841 844 846 847 849 850 851 854 857 858 859 860 861 862 863 864 2.0
351 723 1.0
0 4 61 2.0
0 8 34 2.0
0 478 5.0
0 634 2.0
0 827 2.0
0 4 34 328 2.0
0 543 621 1.0
0 34 70 1.0
0 255 3.0
0 21 120 11.0
0 215 229 235 246 865 1.0
21 284 1.0
42 73 74 86 1.0
120 278 678 1.0
611 612 616 1.0
206 306 469 501 578 657 669 836 837 838 839 840 841 842 843 844 845 846 847 849 850 851 852 853 854 855 856 857 858 859 860 861 862 864 1.0
0 70 120 197 204 206 207 208 209 210 211 212 213 214 215 216 217 218 219 220 221 222 223 224 225 226 227 228 229 230 1.0
8 34 5.0
0 17 21 67 116 120 188 284 285 286 287 288 4.0
0 907 908 1.0
116 212 217 296 504 505 506 508 662 663 664 1.0
0 636 2.0
38 149 280 281 282 1.0
4 42 405 406 407 1.0
0 726 2.0
0 4 32 120 177 1.0
21 120 3.0
0 4 38 65 120 480 501 1.0
0 138 257 472 4.0
0 4 367 3.0
8 33 34 67 137 1.0
203 1.0
0 21 65 68 120 427 431 439 440 441 442 443 444 1.0
45 62 215 2.0
0 216 235 1.0
21 120 285 503 551 582 949 3.0
0 351 3.0
0 206 215 216 235 246 579 947 1.0
4 449 1.0
0 4 33 67 137 2.0
0 914 917 2.0
0 583 9.0
0 122 2.0
