0 195 2.0
0 194 3.0
0 404 2.0
0 320 3.0
0 103 129 1.0
0 501 1.0
0 328 329 1.0
4 551 1.0
0 594 3.0
0 203 2.0
0 61 64.0
0 479 2.0
0 55 545 1.0
0 121 2.0
67 70 71 74 261 1.0
0 28 63 3.0
0 600 1.0
8 292 4.0
39 161 2.0
234 346 502 563 564 565 1.0
0 6 145 3.0
4 27 240 1.0
575 576 2.0
0 314 7.0
0 8 18 27 28 55 85 117 208 209 210 253 264 265 266 1.0
0 86 1.0
0 313 2.0
0 28 61 64 2.0
0 577 2.0
0 200 21.0
0 245 5.0
4 61 117 1.0
369 370 2.0
1 559 1.0
0 579 5.0
0 286 6.0
0 136 373 1.0
55 545 3.0
0 145 152 156 161 174 186 223 1.0
0 499 2.0
0 64 103 145 151 152 153 154 155 156 157 158 159 160 161 162 163 164 165 166 167 168 169 170 171 172 173 1.0
0 145 231 2.0
0 558 2.0
0 64 145 151 152 153 154 156 159 160 161 162 163 164 165 166 167 168 169 170 171 172 173 175 176 177 178 1.0
335 336 1.0
0 369 1.0
0 488 2.0
0 283 2.0
0 602 2.0
0 36 103 5.0
0 16 103 216 324 346 3.0
0 179 1.0
0 582 2.0
0 442 2.0
0 9 62 136 199 200 201 272 305 306 5.0
0 55 3.0
0 59 13.0
16 103 346 1.0
0 66 2.0
0 213 2.0
0 400 2.0
0 136 199 200 201 272 305 306 1.0
0 4 33 34 35 39 40 41 42 45 46 47 48 49 51 53 54 55 56 57 67 145 146 147 260 464 465 466 467 1.0
36 103 5.0
0 110 2.0
0 472 473 474 1.0
0 513 2.0
145 491 1.0
0 65 7.0
0 586 2.0
0 277 4.0
0 139 4.0
0 275 2.0
0 446 2.0
0 136 1.0
4 545 1.0
7 8 9.0
0 106 6.0
254 459 3.0
115 1.0
0 93 284 1.0
0 235 2.0
28 241 1.0
0 552 5.0
481 1.0
0 26 151 1.0
0 597 2.0
0 21 2.0
0 505 2.0
0 103 143 215 1.0
0 285 1.0
0 503 4.0
0 4 16 1.0
150 1.0
151 174 188 1.0
0 6 318 2.0
0 396 2.0
0 518 2.0
61 360 1.0
0 112 1.0
27 28 55 61 117 2.0
0 280 1.0
0 515 3.0
0 262 2.0
93 284 1.0
0 4 59 62 64 103 145 152 174 185 187 223 232 233 316 322 323 361 362 363 424 425 426 427 428 429 1.0
384 385 389 391 392 1.0
0 1 125 1.0
0 103 191 2.0
0 545 2.0
6 318 1.0
0 216 2.0
61 62 311 2.0
0 27 19.0
416 418 603 1.0
0 27 61 117 143 1.0
0 28 85 4.0
0 83 5.0
0 201 2.0
16 103 324 346 364 1.0
0 349 1.0
0 289 2.0
0 237 3.0
0 4 196 200 1.0
0 145 6.0
0 3 61 62 64 199 200 201 305 307 1.0
0 411 2.0
103 484 1.0
0 136 200 295 1.0
103 331 3.0
61 285 3.0
0 144 5.0
100 163 224 325 326 327 421 422 1.0
100 143 482 3.0
103 212 4.0
0 509 2.0
0 376 2.0
0 4 8 2.0
0 420 5.0
0 484 3.0
0 16 16.0
61 100 143 360 1.0
0 268 13.0
60 1.0
0 212 2.0
472 580 581 1.0
0 152 161 189 1.0
0 26 62 1.0
0 67 70 71 72 73 76 77 1.0
0 540 2.0
4 8 6.0
0 469 2.0
0 63 24.0
0 390 1.0
4 278 9.0
0 406 2.0
64 161 1.0
0 482 1.0
0 297 4.0
8 28 272 1.0
61 117 325 1.0
0 214 1.0
0 107 2.0
0 123 2.0
0 1 9.0
0 26 122.0
0 145 536 537 1.0
0 287 2.0
0 80 3.0
0 19 2.0
0 103 316 3.0
0 394 2.0
0 8 16.0
0 187 11.0
16 152 231 2.0
16 103 216 324 346 2.0
0 200 587 588 1.0
0 36 601 1.0
0 136 211 1.0
0 36 5.0
0 8 78 1.0
0 120 2.0
0 278 2.0
27 359 448 450 451 3.0
34 35 40 41 42 43 44 47 146 148 149 1.0
0 199 200 201 2.0
0 16 103 5.0
441 553 1.0
0 492 2.0
1 559 560 1.0
0 318 9.0
0 295 296 1.0
0 538 2.0
0 259 4.0
16 151 4.0
136 211 1.0
103 373 2.0
8 78 1.0
0 1 2 3 1.0
0 26 78 1.0
16 103 4.0
423 468 532 1.0
0 200 588 1.0
0 430 2.0
4 468 1.0
0 4 64 93 1.0
0 274 2.0
103 441 553 1.0
0 4 22 2.0
0 373 2.0
0 416 417 1.0
0 192 2.0
0 298 2.0
27 228 2.0
27 224 228 2.0
0 16 62 103 143 364 3.0
16 174 179 185 186 223 1.0
0 105 2.0
174 280 1.0
0 598 599 1.0
0 28 254 1.0
0 588 1.0
0 20 2.0
10 11 1.0
0 436 2.0
103 290 1.0
0 190 2.0
0 358 2.0
0 403 2.0
4 335 1.0
0 383 3.0
0 303 2.0
0 9 62 199 201 305 306 1.0
0 4 32 3.0
0 495 2.0
100 143 163 224 325 326 327 1.0
28 254 1.0
0 152 362 1.0
0 114 2.0
423 572 2.0
0 111 2.0
0 62 161 2.0
0 85 1.0
0 205 2.0
59 1.0
0 514 2.0
0 461 3.0
0 22 4.0
0 67 1.0
0 128 2.0
0 124 4.0
360 1.0
0 64 103 1.0
0 332 2.0
0 99 4.0
4 279 11.0
0 193 2.0
27 448 449 450 451 2.0
412 414 3.0
4 61 224 225 228 326 561 6.0
0 384 6.0
0 219 7.0
0 472 473 474 475 476 1.0
103 291 300 1.0
0 273 3.0
0 161 531 2.0
0 244 2.0
0 4 28 12.0
16 346 1.0
0 548 2.0
0 528 2.0
64 103 2.0
0 135 2.0
0 423 2.0
61 62 340 1.0
0 267 4.0
0 32 14.0
33 36 44 45 145 1.0
28 241 272 2.0
0 251 4.0
0 478 2.0
0 523 2.0
0 412 3.0
0 140 2.0
0 4 202.0
36 67 68 76 1.0
0 16 143 215 1.0
4 28 1.0
0 445 2.0
0 544 2.0
0 526 4.0
0 389 2.0
0 152 156 174 179 186 223 1.0
61 339 2.0
103 293 5.0
27 61 339 1.0
0 9 62 136 199 200 272 305 306 1.0
0 433 2.0
134 1.0
103 337 2.0
0 578 2.0
124 290 3.0
36 67 68 2.0
0 94 28.0
0 6 4.0
0 24 14.0
103 152 321 2.0
216 1.0
4 29 4.0
6 189 1.0
0 472 10.0
0 65 604 1.0
0 337 3.0
0 8 61 1.0
152 362 431 1.0
0 284 2.0
0 18 3.0
4 152 361 1.0
61 423 1.0
0 263 5.0
0 30 2.0
349 1.0
0 28 42.0
0 7 500 1.0
68 103 1.0
385 387 388 391 1.0
93 103 1.0
0 100 1.0
0 459 1.0
180 225 1.0
0 199 200 201 272 305 306 3.0
0 516 3.0
0 458 2.0
8 61 3.0
4 304 1.0
61 63 64 78 125 200 201 263 305 1.0
0 243 2.0
16 103 216 324 346 364 3.0
0 96 2.0
0 3 61 62 64 199 200 305 307 1.0
0 398 2.0
0 409 2.0
0 109 2.0
0 497 2.0
0 103 441 3.0
0 269 2.0
0 180 2.0
0 162 2.0
27 359 449 450 451 1.0
8 200 2.0
472 476 554 1.0
0 26 200 1.0
0 3 4.0
416 418 3.0
557 1.0
0 6 145 152 161 317 1.0
385 386 2.0
0 16 215 1.0
469 1.0
0 68 2.0
0 145 161 191 1.0
0 118 7.0
0 491 1.0
103 441 2.0
0 16 103 124 132 2.0
0 304 1.0
0 59 60 136 1.0
0 254 5.0
0 348 1.0
0 198 5.0
103 294 2.0
0 313 443 1.0
0 4 28 64 1.0
0 26 103 136 1.0
0 224 2.0
16 215 1.0
0 108 4.0
33 34 39 1.0
0 62 103 1.0
0 119 2.0
0 550 2.0
0 494 1.0
0 200 555 1.0
0 23 9.0
61 180 1.0
4 61 133 153 156 157 179 181 182 184 185 224 225 226 227 228 229 230 1.0
0 460 2.0
368 1.0
0 142 539 1.0
0 310 6.0
0 151 189 1.0
36 1.0
62 103 1.0
0 493 2.0
0 31 2.0
103 330 333 2.0
587 588 1.0
0 236 3.0
0 189 3.0
200 357 1.0
0 197 13.0
385 391 3.0
0 357 1.0
384 385 389 1.0
0 97 2.0
4 489 490 1.0
0 59 62 103 4.0
0 407 1.0
0 6 145 152 1.0
472 473 474 475 476 1.0
557 600 3.0
4 64 93 1.0
0 343 2.0
0 371 2.0
0 328 3.0
0 161 4.0
117 141 142 1.0
0 28 508 1.0
284 355 356 1.0
4 61 224 225 228 326 2.0
0 463 3.0
0 334 2.0
0 2 6.0
0 95 3.0
0 16 103 143 215 5.0
190 1.0
0 500 1.0
0 78 200 5.0
0 4 113 1.0
27 359 448 449 450 451 2.0
0 344 2.0
0 59 103 5.0
0 591 2.0
0 6 42 1.0
0 372 2.0
0 11 1.0
114 1.0
0 81 2.0
27 448 450 1.0
0 62 64 2.0
0 206 2.0
0 517 3.0
151 174 491 2.0
0 27 28 61 1.0
8 28 61 1.0
0 25 21.0
0 126 5.0
59 103 2.0
0 56 3.0
153 157 158 179 180 181 182 183 184 1.0
0 507 2.0
0 393 3.0
0 36 58 68 2.0
246 247 248 1.0
384 1.0
0 131 2.0
61 63 78 125 200 263 1.0
145 188 1.0
0 309 3.0
0 350 2.0
0 341 2.0
161 162 562 573 574 575 1.0
0 512 2.0
155 174 422 566 567 568 569 570 571 1.0
161 191 1.0
0 284.0
0 4 27 28 61 1.0
32 1.0
0 67 68 69 70 71 72 73 74 1.0
0 28 64 1.0
4 11.0
0 64 122 1.0
0 62 136 199 200 201 272 305 306 1.0
190 231 1.0
279 1.0
0 6 367 2.0
0 447 2.0
103 485 6.0
0 541 4.0
207 208 5.0
0 6 288 1.0
143 482 3.0
0 15 2.0
61 255 2.0
0 366 1.0
0 103 151 1.0
103 104 1.0
0 12 217 1.0
0 59 93 4.0
0 115 116 1.0
0 104 1.0
0 395 2.0
385 389 1.0
4 125 2.0
28 1.0
6 288 1.0
103 151 1.0
0 271 2.0
0 16 216 2.0
61 359 1.0
0 14 3.0
0 145 595 1.0
0 5 2.0
0 6 145 177 318 1.0
103 299 1.0
0 151 4.0
0 152 174 232 426 530 1.0
32 125 1.0
0 137 4.0
0 401 2.0
0 103 49.0
0 16 145 152 153 156 158 181 185 186 190 231 1.0
0 520 2.0
0 42 5.0
264 1.0
0 439 2.0
0 437 2.0
0 4 202 1.0
0 435 2.0
0 59 62 103 152 156 187 232 316 322 361 362 363 2.0
0 103 136 331 1.0
4 547 3.0
0 67 68 70 71 72 73 74 75 76 77 260 261 1.0
0 342 2.0
0 4 252 2.0
0 508 1.0
0 477 2.0
0 527 1.0
0 16 103 124 132 215 2.0
304 1.0
0 161 190 2.0
142 2.0
0 397 2.0
0 4 93 2.0
103 330 1.0
0 312 407 1.0
0 207 2.0
207 209 1.0
0 319 2.0
0 533 2.0
0 82 3.0
4 207 208 1.0
0 98 2.0
345 385 386 387 388 389 390 1.0
0 542 3.0
0 487 2.0
0 590 2.0
4 252 28.0
0 247 248 249 250 1.0
161 190 1.0
0 419 4.0
0 506 2.0
0 547 2.0
0 316 491 2.0
33 34 35 36 37 38 39 40 41 42 43 44 45 46 47 48 49 50 51 52 53 54 55 56 1.0
0 62 17.0
0 196 494 1.0
61 340 1.0
0 351 2.0
0 556 3.0
189 1.0
0 145 152 156 161 174 179 186 1.0
0 367 1.0
0 312 344 1.0
103 346 1.0
0 130 2.0
0 138 2.0
0 593 2.0
0 438 2.0
0 252 1.0
0 288 1.0
115 405 3.0
0 61 62 1.0
17 18 1.0
0 7 504 1.0
0 93 8.0
0 127 2.0
0 136 200 1.0
0 16 103 346 1.0
0 7 415 1.0
0 26 200 263 1.0
0 549 2.0
0 218 2.0
0 196 197 1.0
0 16 62 103 291 330 331 1.0
0 534 2.0
0 599 1.0
0 8 28 4.0
0 86 87 88 89 90 1.0
0 64 22.0
0 295 1.0
0 62 64 78 2.0
0 36 68 1.0
299 481 1.0
0 315 5.0
385 386 387 1.0
0 521 2.0
0 6 365 1.0
0 239 4.0
412 413 414 1.0
0 221 4.0
8 28 6.0
0 519 2.0
0 61 64 3.0
0 200 444 1.0
55 545 546 4.0
4 377 378 379 380 381 382 1.0
348 349 1.0
0 209 284 511 1.0
0 28 61 1.0
0 102 2.0
0 522 2.0
0 58 5.0
0 354 2.0
11 1.0
0 410 3.0
0 362 1.0
0 115 21.0
0 276 2.0
0 78 57.0
6 365 1.0
10 11 12 62 1.0
0 59 62 103 152 156 187 316 322 361 362 363 1.0
103 152 1.0
0 151 174 188 1.0
185 222 223 1.0
145 187 1.0
0 481 2.0
0 498 2.0
0 524 2.0
0 28 200 1.0
55 100 143 326 421 452 453 454 455 456 457 1.0
0 150 2.0
0 247 7.0
28 61 1.0
0 444 9.0
0 434 3.0
0 432 2.0
4 490 4.0
103 321 2.0
0 67 68 70 72 73 74 76 525 1.0
0 152 7.0
0 28 61 62 64 136 1.0
0 204 7.0
0 7 501 1.0
471 1.0
0 496 2.0
152 174 232 426 530 1.0
0 242 2.0
0 583 3.0
0 145 537 2.0
0 321 3.0
365 366 1.0
4 210 1.0
0 143 2.0
0 440 2.0
0 338 2.0
10 11 12 2.0
0 28 55 1.0
0 347 2.0
0 156 1.0
0 91 2.0
103 216 364 374 375 1.0
0 117 16.0
161 162 1.0
145 537 1.0
0 92 2.0
0 301 22.0
0 17 4.0
0 510 2.0
28 55 1.0
0 186 201 1.0
0 345 2.0
0 6 145 318 4.0
0 247 248 249 1.0
0 187 256 257 1.0
0 16 103 364 1.0
0 60 2.0
0 408 7.0
0 470 2.0
133 134 1.0
0 220 2.0
0 282 5.0
103 216 324 346 364 1.0
385 386 387 388 8.0
0 79 2.0
12 62 112 1.0
0 486 2.0
0 11 471 1.0
0 68 308 1.0
0 504 2.0
0 281 2.0
4 103 152 1.0
0 33 36 45 145 1.0
0 18 543 1.0
0 415 1.0
0 535 2.0
0 89 2.0
0 27 28 55 61 117 2.0
0 312 3.0
0 177 1.0
0 511 1.0
0 27 28 61 62 64 136 6.0
0 365 9.0
0 4 61 3.0
0 352 2.0
0 483 2.0
0 84 2.0
4 28 100 101 2.0
0 402 2.0
27 60 592 2.0
103 3.0
0 32 302 3.0
4 27 270 1.0
0 6 145 152 318 1.0
0 529 2.0
0 258 4.0
0 480 2.0
0 4 314 1.0
0 336 1.0
0 1 2 2.0
4 61 1.0
216 290 1.0
0 462 2.0
61 141 2.0
0 238 2.0
4 584 7.0
527 1.0
0 589 3.0
0 4 551 2.0
367 368 1.0
0 13 2.0
4 314 2.0
0 62 214 1.0
397 1.0
4 245 1.0
0 536 1.0
103 152 185 1.0
0 353 2.0
0 399 2.0
0 28 196 197 1.0
0 596 2.0
0 585 2.0
0 122 1.0
0 302 3.0
