0 256 2 259 137 266 139 10 13 138 141 16 15 277 278 23 21 151 282 27 149 152 159 288 161 160 287 38 39 297 46 53 57 191 195 70 199 74 203 85 215 88 96 99 232 238 113 242 114 249 122 251 253 254 1.0
102 295 103 9 105 75 44 269 145 146 243 147 214 118 1.0
7 8 21 26 27 33 44 46 48 50 54 55 57 60 70 71 72 74 79 85 87 88 95 96 98 100 103 105 106 108 111 114 117 118 123 124 125 126 132 137 141 142 144 146 148 152 153 154 158 163 181 183 185 188 203 204 208 209 214 215 220 228 231 232 236 237 238 239 240 244 246 250 257 260 263 269 276 277 279 286 287 291 295 1.0
0 2 4 10 15 17 27 28 30 33 35 43 44 52 54 55 60 62 63 64 69 71 72 79 87 103 115 123 125 128 135 137 138 140 149 150 153 155 161 170 174 176 184 185 187 191 199 209 213 215 218 219 222 225 226 227 229 234 236 239 241 242 245 250 255 261 262 267 270 275 276 277 280 284 286 290 292 293 294 298 1.0
1 2 265 268 141 273 18 20 21 156 284 158 31 288 160 162 163 295 168 41 169 43 39 173 46 176 179 51 53 54 184 63 65 199 73 74 202 78 207 210 87 221 97 234 235 236 241 242 115 116 245 246 247 120 249 253 127 1.0
261 264 138 10 13 16 278 151 280 23 156 161 33 290 170 48 57 187 70 202 77 81 214 89 217 222 100 229 237 241 242 250 126 1.0
260 261 6 134 8 136 10 14 143 271 17 18 145 19 149 23 24 153 152 155 31 287 33 34 288 292 165 159 167 40 42 46 47 48 49 180 53 181 56 185 58 62 63 192 193 66 194 196 69 200 72 202 206 207 210 211 86 215 87 88 221 94 225 229 230 107 108 236 112 118 119 1.0
1 11 12 17 18 20 24 25 33 35 38 39 40 42 46 47 52 55 57 58 62 77 81 83 84 85 89 96 102 103 106 107 109 111 112 113 115 119 125 128 130 131 135 137 138 139 143 144 148 151 154 156 160 165 169 172 178 184 186 189 201 203 204 209 210 211 212 216 217 218 220 226 231 237 238 239 240 243 245 247 248 253 255 270 277 279 286 289 291 298 299 1.0
256 128 133 263 264 267 141 13 143 142 145 274 148 150 279 281 154 27 30 160 161 290 163 35 293 36 295 168 41 297 173 174 175 45 176 179 51 56 189 61 65 199 76 78 79 208 210 216 90 219 93 223 97 227 101 230 231 233 110 113 243 117 118 121 253 1.0
130 2 260 133 136 8 264 267 12 268 141 271 16 144 274 143 21 23 282 156 28 286 287 290 291 35 292 168 297 43 48 49 50 53 183 138 185 58 188 61 191 64 194 70 199 74 86 215 214 218 91 92 225 226 228 101 229 231 232 102 107 235 110 112 240 114 243 115 244 120 121 1.0
3 4 6 11 16 24 32 33 34 37 39 42 48 52 55 58 60 63 65 68 69 70 74 77 84 89 104 105 112 117 123 135 138 140 142 144 150 152 156 161 165 168 170 174 175 176 177 178 180 184 186 187 189 196 201 203 207 208 216 218 226 227 228 230 231 237 240 242 244 246 251 256 258 260 261 262 264 273 274 277 281 282 288 291 292 295 299 1.0
3 8 74 235 273 51 85 246 216 1.0
7 8 9 11 15 16 19 22 23 26 31 33 35 36 37 38 40 43 46 48 50 54 63 64 66 67 69 76 80 84 86 87 89 93 95 96 99 102 111 117 119 120 124 125 127 130 134 135 137 148 149 151 154 157 163 164 166 174 177 180 187 190 192 193 201 206 212 213 214 216 217 221 222 225 230 235 238 248 253 260 264 265 267 268 269 273 274 278 279 288 290 291 296 1.0
133 261 137 142 16 145 274 146 23 37 169 46 59 61 72 75 208 82 221 224 225 97 104 235 111 119 125 255 1.0
256 262 138 139 11 10 142 149 280 283 28 285 36 168 42 173 46 175 179 181 182 60 194 196 69 198 205 78 219 98 227 226 229 232 111 249 251 253 127 1.0
258 131 152 282 163 37 56 187 62 196 69 81 209 218 95 236 114 243 249 124 125 1.0
4 7 14 16 22 26 31 32 38 40 42 46 48 51 55 61 64 71 75 82 88 92 93 97 102 104 105 106 107 110 117 120 131 135 136 142 147 154 155 161 168 169 171 172 173 183 184 187 190 191 197 204 209 210 212 215 216 218 223 226 238 241 243 246 249 250 255 262 265 267 273 274 277 281 283 287 290 296 297 1.0
2 3 5 6 9 10 11 12 18 21 29 40 47 54 55 63 66 71 74 76 77 78 79 84 93 94 96 97 100 101 103 104 108 119 120 121 127 130 133 138 141 143 147 150 157 158 162 163 165 166 169 170 171 175 178 180 187 191 192 193 195 196 197 198 201 204 212 217 226 228 230 233 236 237 238 241 244 251 254 263 264 268 273 274 276 278 279 280 283 284 290 291 292 293 294 299 1.0
3 5 8 12 14 22 23 42 46 49 53 54 59 61 66 67 73 76 80 86 97 101 106 108 119 123 125 130 131 136 140 143 144 146 155 162 165 170 173 174 178 179 180 181 182 185 186 191 193 194 195 197 198 199 201 202 208 210 212 214 215 220 222 226 228 229 230 245 249 251 257 259 261 264 267 270 275 280 284 285 286 290 291 292 297 1.0
16 17 18 28 30 31 32 35 36 40 46 53 55 56 59 60 70 75 76 78 80 81 82 83 84 89 91 100 102 109 110 115 116 118 120 126 127 133 139 143 146 147 151 160 161 167 168 177 178 182 186 188 191 193 194 195 198 206 210 215 216 218 219 224 230 231 233 235 236 237 241 242 244 245 246 247 250 257 258 259 260 262 264 265 266 269 270 277 280 283 287 288 293 1.0
0 257 131 132 3 262 8 138 267 272 274 148 23 280 30 160 166 296 40 47 176 180 184 188 190 65 196 69 71 78 207 80 212 214 225 121 227 230 235 110 239 243 120 249 250 127 1.0
0 259 132 4 261 135 7 9 138 267 140 262 270 143 16 146 20 148 278 24 282 284 157 260 31 288 133 169 43 175 48 49 54 56 59 190 63 193 66 195 194 198 71 202 76 77 207 212 215 216 89 218 91 219 221 95 96 231 107 109 238 239 110 241 111 249 252 255 1.0
0 6 13 14 23 25 26 34 38 40 42 43 45 47 48 50 51 55 59 60 61 65 66 68 72 74 81 85 87 93 102 104 106 108 112 113 121 124 125 127 138 142 144 147 149 151 153 156 162 164 165 167 169 173 175 180 192 193 195 202 203 210 213 215 216 217 222 225 226 229 231 233 237 238 239 240 246 247 251 255 259 262 268 269 274 277 284 285 287 289 290 292 296 297 1.0
2 4 6 14 16 17 20 27 28 33 36 37 38 40 47 49 50 53 62 65 68 69 70 71 73 74 80 82 89 92 93 94 95 97 104 107 110 117 124 127 130 134 139 140 155 163 165 173 174 179 185 191 193 194 196 199 201 207 210 211 213 214 216 218 224 228 235 237 239 241 247 249 256 258 263 264 266 270 271 273 275 276 279 283 284 292 294 299 1.0
129 68 197 115 276 57 191 1.0
5 7 139 13 18 275 148 149 20 279 24 25 154 281 27 26 286 152 288 32 35 166 171 173 46 178 51 54 190 192 67 68 199 205 206 207 80 209 208 213 87 215 217 223 224 97 227 230 234 236 239 114 117 249 251 1.0
3 8 9 12 13 14 16 19 20 22 28 29 41 42 47 52 53 55 56 65 67 68 71 75 77 78 82 83 84 87 88 89 91 97 99 104 110 112 113 114 120 121 122 123 127 133 135 136 138 139 141 142 147 152 153 156 157 158 161 163 164 165 170 171 174 177 185 186 187 188 190 192 195 199 200 205 208 209 213 217 218 220 227 235 244 247 249 252 256 258 260 261 262 266 267 270 276 285 293 298 1.0
129 261 6 136 141 145 274 275 278 281 292 293 44 46 47 175 176 63 75 203 206 82 213 216 225 234 106 115 127 1.0
16 202 250 1.0
24 260 1.0
3 6 9 10 12 14 15 16 20 21 23 27 28 30 34 36 39 41 48 50 52 53 54 59 65 67 71 83 84 87 89 97 98 100 101 106 109 115 119 120 126 130 131 134 135 137 138 140 142 144 148 149 150 151 152 155 156 160 164 165 166 172 173 175 184 187 191 193 205 207 208 215 225 226 227 228 230 242 244 248 255 256 257 259 260 261 262 266 268 272 274 275 276 278 280 283 284 292 1.0
129 6 265 138 12 13 271 22 24 282 155 284 26 286 30 32 39 168 170 182 56 57 58 187 189 63 196 197 70 75 204 76 79 84 212 214 215 216 217 218 91 219 220 95 224 230 233 106 234 238 239 110 117 121 252 127 1.0
256 258 131 9 138 11 15 275 276 152 155 283 284 31 159 32 290 297 299 173 179 182 57 74 206 85 88 91 224 103 235 237 121 124 1.0
1 258 260 7 139 141 270 146 18 147 153 28 29 158 30 161 162 35 292 38 166 170 299 171 42 176 177 181 54 184 58 59 62 66 67 195 198 71 73 76 78 211 85 87 89 96 100 101 102 105 117 247 248 253 1.0
32 129 10 268 208 115 119 154 188 222 94 1.0
128 257 258 256 132 261 2 135 8 138 10 14 144 16 274 147 273 277 21 18 152 153 282 29 30 159 158 161 35 164 165 292 39 297 298 172 176 52 184 58 186 60 188 62 193 194 67 68 69 197 72 75 79 82 212 17 215 89 90 224 225 226 99 96 100 231 107 235 112 114 246 119 249 253 126 127 1.0
128 257 130 259 4 5 6 10 138 268 274 147 146 23 279 153 151 158 289 291 293 167 295 298 46 176 51 180 183 56 62 191 69 201 74 75 205 208 82 211 212 99 101 232 104 235 107 113 114 115 246 1.0
83 243 37 1.0
193 100 201 299 251 146 279 25 187 286 1.0
192 191 197 269 54 118 248 186 95 1.0
144 89 152 278 1.0
256 131 6 136 138 270 14 17 275 148 22 281 282 155 27 288 161 292 50 54 61 65 194 195 193 198 76 78 207 80 214 101 231 104 105 103 236 237 240 243 115 120 252 1.0
263 7 143 271 281 156 31 163 165 294 169 175 47 55 58 189 201 202 203 75 211 98 111 240 115 246 122 123 1.0
0 130 2 131 262 134 136 263 266 267 12 271 272 273 18 274 276 21 22 279 280 287 288 33 161 36 297 50 182 66 196 199 77 78 210 84 86 215 216 88 214 95 230 234 236 114 115 116 245 120 121 254 1.0
128 257 1 130 5 262 136 137 138 140 271 272 274 147 275 19 22 23 278 153 24 283 156 159 32 289 34 161 164 165 295 296 41 43 171 173 175 48 181 54 186 58 197 198 199 200 74 211 83 212 214 87 216 91 219 224 97 98 101 231 235 107 109 240 241 242 112 245 247 120 249 250 123 255 1.0
0 258 262 135 264 7 142 271 144 145 274 15 150 278 24 153 279 155 28 285 30 287 32 34 294 170 42 172 298 47 50 179 181 55 57 186 198 199 81 210 211 84 216 217 233 110 240 113 114 248 121 122 253 1.0
0 2 6 8 12 14 24 30 31 34 35 37 40 41 42 43 46 47 48 49 51 58 61 62 68 70 72 76 77 79 80 86 87 91 93 96 98 102 105 106 109 113 116 118 124 136 141 154 157 158 163 166 170 172 176 180 181 182 183 184 185 186 189 190 193 196 200 201 204 205 210 213 222 223 231 233 236 237 240 242 243 245 249 250 251 256 262 265 268 270 272 275 278 280 285 290 1.0
257 5 6 10 143 144 275 147 150 23 154 28 29 286 31 162 291 292 35 39 40 297 167 43 299 173 53 183 56 63 65 69 208 81 213 87 219 98 232 234 236 109 118 119 246 124 125 127 1.0
6 9 17 20 21 22 26 27 28 32 34 42 43 44 45 62 64 65 66 68 74 75 88 92 99 102 106 114 120 124 128 129 131 138 140 145 149 150 151 152 163 166 168 169 172 175 177 180 184 190 194 197 199 200 207 209 217 222 233 237 242 244 246 252 254 256 263 266 267 269 270 283 286 292 293 294 299 1.0
134 138 267 140 270 273 275 148 277 24 153 164 294 182 59 66 93 99 102 252 125 1.0
0 131 137 9 142 15 143 22 39 42 46 49 52 60 61 70 71 77 81 83 84 85 87 90 91 94 95 100 108 113 117 119 120 123 1.0
129 132 4 136 141 13 15 146 19 148 27 31 53 54 62 75 77 84 86 97 101 110 1.0
1 2 3 5 6 7 8 9 10 12 13 15 17 18 19 21 24 25 27 28 32 33 34 35 37 38 39 42 46 49 51 52 54 55 57 58 60 61 66 68 69 70 71 72 75 77 79 80 81 85 89 90 92 94 95 96 98 100 101 102 103 104 105 107 108 110 111 112 113 114 118 121 122 123 124 125 126 127 128 130 131 132 133 134 135 139 140 147 148 1.0
0 3 132 133 4 10 138 143 15 146 20 26 29 30 35 38 40 41 43 44 49 58 59 76 77 87 88 92 94 98 107 113 119 1.0
0 132 133 6 10 138 17 18 149 23 27 43 56 60 62 68 69 70 76 80 83 86 96 104 111 118 122 127 1.0
0 7 9 142 18 20 29 32 34 36 37 42 58 63 68 73 79 87 92 118 123 126 1.0
0 130 131 3 5 134 135 8 7 137 11 13 141 145 19 148 22 23 24 25 27 28 30 33 37 38 40 43 44 51 57 58 65 67 69 71 73 74 75 77 78 83 84 85 87 88 91 92 94 97 99 101 102 105 108 109 110 111 112 116 118 119 121 124 127 1.0
128 2 3 4 130 6 132 8 140 13 142 143 144 14 18 147 27 32 39 42 46 47 52 55 60 61 63 71 81 85 87 96 100 104 106 115 119 124 1.0
1 129 131 4 132 135 8 9 10 139 12 13 14 15 17 147 149 28 32 35 40 43 53 59 61 64 65 66 67 74 78 84 87 88 91 92 95 99 100 103 113 117 118 120 121 122 124 125 126 1.0
134 8 137 10 139 11 140 14 19 21 23 33 35 44 48 49 50 51 54 59 62 68 70 71 73 75 77 78 81 90 95 99 101 102 106 108 110 113 117 118 125 1.0
0 2 3 5 6 8 9 10 11 13 14 16 17 20 24 25 27 28 30 31 35 36 39 40 41 42 48 51 52 54 56 57 60 69 70 71 72 73 75 76 78 79 80 82 83 86 89 90 91 92 93 95 97 98 100 103 104 106 107 108 109 112 113 116 117 120 122 126 127 131 134 137 138 141 143 145 146 147 1.0
0 2 3 4 134 6 136 137 138 9 142 143 145 18 146 20 21 149 26 28 31 32 33 34 35 36 37 38 39 46 49 50 51 56 58 61 62 64 65 66 68 69 70 74 78 79 84 85 86 87 88 92 93 94 95 98 99 103 107 108 109 111 113 116 125 126 1.0
128 0 8 137 138 13 142 17 18 145 26 35 37 41 49 50 53 55 59 64 65 69 83 86 91 99 100 123 1.0
132 5 134 7 142 144 16 148 26 36 43 45 55 59 60 64 70 71 72 75 76 77 84 94 97 100 102 103 110 115 1.0
0 128 130 2 4 133 134 7 137 9 11 138 140 14 142 144 17 145 148 149 22 21 26 27 31 32 37 39 40 42 44 46 49 50 51 53 54 55 58 61 62 64 67 68 71 72 74 76 81 82 84 87 90 91 93 95 97 102 103 104 105 107 109 111 112 113 114 118 119 120 122 124 126 127 1.0
0 129 5 133 9 141 16 145 147 26 27 28 43 46 56 68 78 80 81 83 90 94 97 109 116 119 121 123 1.0
1 2 131 4 133 7 9 139 143 16 146 19 148 21 28 33 36 46 47 49 50 51 52 53 54 58 61 65 68 71 74 75 77 78 83 91 92 98 101 106 107 111 112 116 118 125 127 1.0
96 102 137 76 12 121 127 1.0
96 35 84 103 1.0
32 66 3 4 104 73 9 47 16 113 111 147 83 23 57 90 1.0
0 1 2 3 4 5 7 8 9 10 11 12 15 16 17 19 28 31 32 35 36 37 38 40 41 42 43 45 47 48 51 55 56 58 59 60 61 62 63 66 68 69 70 71 72 74 75 76 77 79 80 81 86 87 91 93 94 99 100 101 102 106 108 111 112 113 114 115 116 117 119 121 122 123 124 126 128 129 130 131 132 134 136 140 142 147 148 1.0
0 1 4 9 11 13 14 15 17 19 20 21 22 23 24 28 29 32 33 34 35 36 37 39 40 44 47 51 52 55 56 57 58 59 61 63 65 67 69 71 72 74 76 78 79 81 82 83 86 87 90 96 100 101 103 104 106 107 108 110 112 113 115 116 120 123 124 128 129 130 131 134 135 136 138 142 148 149 1.0
128 129 3 131 133 134 6 135 137 138 132 5 142 15 17 19 24 27 31 33 35 37 38 43 44 46 47 48 50 51 52 53 55 57 61 62 64 69 72 74 77 78 79 84 85 86 87 89 94 95 97 98 100 101 102 104 105 106 109 116 117 118 120 126 1.0
0 34 3 131 136 41 105 139 76 47 147 84 118 29 1.0
3 132 144 145 19 148 20 21 26 28 36 40 55 60 62 68 72 73 85 89 90 102 106 107 108 116 119 123 124 127 1.0
67 12 110 81 19 147 54 1.0
129 130 4 5 134 6 136 138 11 12 142 143 145 18 19 148 149 22 147 24 25 29 31 32 33 36 37 38 39 41 44 45 47 48 49 50 54 55 57 58 61 65 70 71 73 76 77 78 79 80 82 83 84 86 87 88 90 91 92 93 95 97 98 102 105 111 112 113 117 119 124 125 1.0
3 4 133 6 8 140 13 14 16 145 147 148 31 34 40 41 44 49 57 58 66 67 69 72 80 83 87 88 95 104 112 114 116 124 127 1.0
3 4 5 6 7 9 10 12 13 14 16 18 19 20 21 22 23 24 26 30 33 34 35 36 37 38 39 40 41 42 43 44 48 49 50 51 54 55 57 58 59 60 63 64 65 66 70 71 73 74 76 79 80 83 84 85 87 89 90 92 94 96 98 100 101 102 104 105 107 108 109 110 111 112 113 116 118 119 120 121 122 123 124 126 128 129 130 132 133 134 137 140 141 142 143 144 147 148 149 1.0
0 2 3 5 7 9 10 12 13 16 21 24 25 26 27 28 29 35 37 38 39 41 42 43 44 45 46 47 48 50 51 52 53 54 55 56 57 58 59 60 62 63 64 65 67 69 71 72 73 74 77 78 79 80 81 85 86 87 89 91 94 96 97 99 100 101 102 103 104 106 107 108 109 110 114 115 117 118 119 121 123 124 125 126 127 128 129 130 133 135 137 139 142 144 145 146 148 149 1.0
3 4 5 9 11 12 16 17 18 19 21 22 23 24 25 27 28 29 30 31 32 33 34 35 36 37 39 40 41 43 44 46 47 48 49 50 51 52 53 54 55 56 58 62 63 64 67 69 71 72 73 75 76 77 79 80 81 84 85 87 88 89 90 92 94 96 97 99 102 105 106 108 111 112 114 115 116 117 118 119 122 125 130 131 134 135 136 137 138 139 141 143 144 145 146 147 148 1.0
3 131 138 11 10 139 13 145 146 28 29 30 31 35 36 46 47 51 52 66 68 69 75 80 82 86 87 88 89 91 92 93 95 104 110 113 116 117 121 123 125 1.0
5 135 9 139 140 12 14 15 141 17 145 143 148 21 149 23 30 35 37 38 47 50 51 54 58 62 63 70 76 78 79 80 85 91 92 95 96 98 102 106 108 109 117 120 125 1.0
130 136 140 142 143 16 145 18 148 149 32 36 38 40 43 53 66 72 73 81 84 90 97 101 104 111 116 118 121 123 1.0
0 1 2 128 134 7 8 138 11 12 140 144 147 148 23 25 33 35 42 45 46 50 51 59 61 62 63 64 65 66 68 82 83 85 87 93 95 96 97 101 102 103 106 111 115 119 120 123 125 1.0
0 1 2 4 5 6 9 10 11 12 14 15 16 17 20 21 22 23 25 28 29 30 32 34 35 37 40 42 45 47 49 50 51 52 56 57 58 59 60 64 66 67 68 69 70 71 73 74 75 77 79 80 84 86 90 92 94 95 96 97 99 100 101 102 103 105 106 109 110 114 115 116 117 118 119 122 123 124 125 128 130 131 132 133 134 136 137 138 139 140 141 142 144 145 146 149 1.0
0 1 2 3 4 5 7 8 10 12 16 19 20 22 23 25 27 28 29 30 34 36 37 40 43 44 45 46 47 48 49 50 51 52 53 54 55 56 57 61 63 64 65 68 72 73 74 75 77 78 82 85 86 87 88 89 90 92 93 94 96 97 100 103 106 107 108 109 112 113 115 117 119 120 122 124 125 127 128 129 130 132 133 134 135 136 138 139 140 141 142 144 145 146 147 148 149 1.0
128 129 130 0 132 134 7 136 9 10 11 139 13 138 15 12 17 145 147 20 149 148 23 24 146 26 27 30 31 32 37 38 40 41 44 49 50 52 61 62 64 66 70 71 72 74 75 76 80 81 82 87 88 90 92 95 97 98 100 101 102 103 104 105 108 109 110 113 116 118 120 121 126 1.0
129 3 131 133 135 136 137 138 9 139 141 13 143 144 14 142 147 20 149 148 23 25 26 27 28 29 30 31 35 8 52 53 54 58 59 61 62 63 65 68 69 70 71 80 81 82 83 86 89 91 93 94 99 103 104 106 107 108 110 112 114 116 118 119 120 121 123 1.0
1 3 8 9 10 12 13 14 18 19 23 24 30 31 32 35 36 38 40 41 44 45 47 49 52 53 54 56 59 60 61 64 66 67 69 70 71 72 75 76 77 79 80 81 84 86 87 90 91 94 96 97 100 105 106 110 112 114 115 122 124 125 126 127 129 130 131 134 135 137 138 139 140 142 143 145 146 147 148 1.0
128 131 9 11 141 14 16 18 26 31 41 62 74 85 102 108 110 119 123 126 1.0
0 2 4 5 6 7 8 9 10 13 14 15 17 20 21 23 24 27 29 30 34 39 40 41 43 44 46 49 51 52 53 55 56 59 61 62 67 71 72 73 74 75 76 77 78 82 83 84 90 94 95 97 98 100 101 103 104 105 106 107 109 110 111 112 115 118 119 120 121 122 123 125 128 130 132 133 134 137 139 143 144 147 1.0
2 3 4 5 132 7 136 9 10 11 138 135 142 143 15 145 18 146 144 149 130 20 19 26 27 28 29 30 6 34 36 37 39 41 43 44 45 50 51 54 56 59 60 61 139 65 68 71 72 74 77 80 82 83 87 88 89 94 96 97 99 100 101 103 110 112 115 116 117 124 125 127 1.0
3 131 5 6 135 136 8 141 15 143 145 18 19 21 29 31 32 61 62 63 67 70 75 79 81 83 85 86 87 89 90 92 97 98 99 100 104 105 106 108 114 120 1.0
0 1 2 3 6 7 8 9 11 12 13 16 17 18 21 22 24 25 26 27 30 35 39 40 43 44 45 46 47 49 51 52 53 54 57 58 59 61 62 63 64 66 68 69 70 72 73 74 75 81 82 83 85 87 88 91 92 93 94 96 98 99 102 105 106 107 109 110 111 118 119 120 121 122 126 130 131 132 133 134 135 136 140 142 144 145 146 147 148 149 1.0
128 130 131 3 133 134 136 137 138 11 10 8 14 17 147 20 149 21 148 25 28 34 35 37 38 40 42 44 45 48 50 51 52 53 54 56 57 61 62 67 69 72 73 76 78 79 80 85 87 91 96 97 98 102 104 105 106 109 115 116 117 119 126 1.0
128 0 129 3 131 133 134 130 136 9 139 141 143 20 24 31 33 34 39 42 43 46 47 52 56 59 67 72 77 78 79 85 88 90 95 96 103 106 110 113 114 115 118 121 122 124 1.0
1 130 5 136 11 140 144 147 20 44 46 48 52 59 66 70 71 77 83 84 85 90 92 93 95 108 109 119 123 124 1.0
0 1 2 3 4 5 6 8 10 13 17 18 19 27 29 31 33 34 35 37 38 40 41 42 44 46 47 48 51 53 55 57 58 60 64 66 69 71 72 73 74 75 76 77 78 79 81 89 90 91 94 95 96 100 101 105 107 111 112 114 117 118 119 120 123 124 125 126 127 128 129 133 135 136 141 142 145 146 147 149 1.0
1 130 3 132 5 131 138 143 146 19 147 149 22 26 29 31 33 38 49 50 52 57 61 65 71 80 86 90 93 95 100 102 104 105 111 114 115 116 118 122 125 1.0
1 2 3 4 8 10 142 144 17 20 21 28 29 32 35 36 49 60 62 70 89 91 92 94 96 105 106 118 119 126 1.0
0 136 13 143 144 147 22 32 40 50 55 60 72 74 75 76 83 86 97 102 127 1.0
129 137 9 11 143 15 147 22 32 33 47 50 51 54 64 84 92 94 101 107 127 1.0
0 1 2 130 132 129 134 6 8 137 10 11 133 15 3 145 19 148 22 23 27 28 29 33 35 38 39 44 46 48 49 51 52 54 55 60 62 63 64 65 66 68 72 73 76 78 82 84 85 88 89 90 91 92 93 94 96 100 108 109 112 113 114 116 118 125 127 1.0
37 106 11 123 76 46 119 56 27 63 1.0
83 37 118 103 1.0
1 2 3 4 6 7 8 10 11 13 14 15 16 17 18 19 20 21 22 23 24 25 27 28 32 33 34 36 37 38 39 42 43 45 46 47 49 50 52 57 58 59 60 61 62 63 65 67 68 69 71 72 73 77 78 80 81 82 83 84 85 89 90 91 93 94 96 97 99 100 101 103 105 106 107 108 115 117 118 122 123 124 126 127 130 131 132 133 136 137 138 139 140 142 145 146 148 149 1.0
0 3 4 6 8 9 12 14 15 19 20 22 24 25 26 28 30 31 32 33 38 41 43 44 46 47 49 50 51 53 54 55 56 60 61 64 65 66 68 70 71 72 75 76 77 78 80 81 82 83 84 86 87 88 90 91 92 94 95 96 97 98 99 101 102 104 106 107 108 109 110 111 112 113 116 117 118 119 120 121 122 125 126 128 129 130 133 134 135 136 137 138 140 142 144 146 147 148 149 1.0
128 131 8 11 12 13 142 17 20 22 24 40 41 51 52 53 58 63 66 69 84 92 98 99 108 113 114 118 121 122 124 1.0
66 131 133 134 137 142 79 80 16 143 93 149 87 27 92 125 1.0
0 2 4 5 6 7 8 9 11 13 14 15 19 20 22 23 25 26 27 28 29 32 33 34 36 38 39 40 41 43 44 45 46 47 48 49 50 52 53 54 55 58 59 60 61 63 64 66 68 70 71 72 73 75 77 79 80 82 84 87 89 90 91 95 97 99 100 101 102 103 104 106 113 114 115 116 117 120 123 124 125 129 130 131 132 133 134 135 142 143 145 146 1.0
6 136 138 11 141 16 17 18 147 25 30 31 35 43 48 50 55 66 69 72 81 93 106 107 111 119 122 125 1.0
129 2 5 134 133 8 10 138 140 13 139 143 17 18 147 145 22 25 26 30 34 36 38 40 42 43 44 45 47 56 63 66 67 68 70 74 82 84 86 88 92 93 94 95 101 102 105 110 111 113 117 118 120 121 123 124 126 1.0
129 130 133 5 136 9 11 140 13 141 14 16 17 145 147 143 149 24 25 26 27 30 34 35 38 39 40 41 42 47 49 51 53 54 57 58 59 60 61 62 64 65 67 71 75 76 82 85 88 95 96 97 98 99 100 101 102 103 104 105 106 107 111 112 114 115 116 118 125 126 1.0
0 3 13 14 15 16 17 19 20 22 24 25 26 27 28 30 33 34 35 36 37 39 40 41 43 45 46 49 50 53 55 57 58 60 62 63 64 65 67 69 70 71 73 76 77 80 81 83 84 85 86 87 89 94 96 97 98 101 102 104 105 107 108 109 110 111 112 113 114 115 116 119 120 123 124 125 137 138 139 140 142 144 145 146 147 148 149 1.0
0 1 2 3 6 7 8 9 10 11 12 14 15 16 20 23 24 25 26 27 30 31 32 33 36 37 38 41 43 44 45 49 50 52 53 54 55 57 59 60 61 63 64 66 67 68 71 72 74 75 76 78 79 82 83 84 86 89 90 93 95 96 97 98 99 102 103 104 105 106 107 108 112 114 115 116 118 121 123 124 126 128 130 131 132 133 135 136 137 140 141 144 145 148 149 1.0
96 136 40 106 11 89 126 1.0
2 3 4 6 7 8 10 11 12 13 14 15 16 18 19 20 21 22 24 25 27 30 31 35 36 40 41 43 45 46 47 48 49 51 53 59 61 65 66 67 69 70 72 74 76 77 78 82 84 85 87 89 90 92 93 94 100 102 103 104 105 106 107 112 113 115 116 119 120 121 124 126 127 128 129 130 132 134 136 137 138 139 140 144 145 147 149 1.0
33 71 103 9 106 75 140 77 135 111 79 17 143 145 148 55 27 60 1.0
133 136 11 14 18 147 20 149 148 22 31 35 39 49 59 64 73 77 80 89 99 101 115 122 127 1.0
1 129 131 132 4 7 136 10 138 13 14 143 145 18 19 148 146 147 21 23 25 26 27 20 29 22 31 28 33 34 35 37 41 43 46 50 51 54 55 56 58 62 63 69 73 74 75 76 77 78 79 81 83 86 87 17 89 90 92 98 100 105 106 109 110 113 114 115 118 122 124 1.0
0 129 130 131 132 6 135 136 134 138 9 7 16 145 18 149 22 24 30 32 36 38 43 45 47 49 55 58 60 64 65 67 69 70 71 73 76 77 80 81 83 87 88 89 91 93 96 97 102 104 108 116 120 121 126 1.0
256 261 265 267 268 269 270 271 279 280 152 153 155 284 281 158 159 161 162 291 292 163 164 165 290 169 297 167 295 173 299 175 289 168 178 179 180 174 186 189 194 166 201 202 205 210 211 213 216 217 218 170 223 224 225 226 227 228 229 230 234 235 241 246 247 248 249 253 254 255 1.0
263 264 265 270 272 274 275 276 279 153 281 282 154 158 287 288 161 290 163 291 162 293 167 295 297 169 298 173 174 177 181 192 194 196 198 199 200 204 206 210 211 215 216 217 218 219 227 232 233 234 236 238 239 240 242 243 244 246 249 250 251 254 255 1.0
151 152 154 156 157 160 161 164 165 166 167 168 169 170 171 172 173 175 176 178 179 181 183 185 188 192 198 199 200 202 205 207 208 212 213 214 215 218 219 221 224 227 229 230 231 232 234 236 239 240 241 243 244 246 247 250 252 254 256 258 259 261 262 263 266 267 269 270 271 272 275 277 278 279 280 281 283 284 285 286 288 289 291 292 294 297 298 299 1.0
160 161 265 169 204 270 272 243 179 275 279 185 219 1.0
256 257 259 260 261 262 154 265 270 271 272 274 276 277 282 155 156 285 158 157 288 160 162 291 163 165 290 167 168 292 293 287 172 173 161 297 181 183 164 187 188 191 192 194 195 196 197 198 199 200 202 204 210 214 216 217 221 224 227 234 235 237 238 239 241 242 243 244 245 246 247 248 252 253 254 255 1.0
154 189 246 254 1.0
224 226 167 234 266 270 208 275 279 248 217 154 191 1.0
268 274 279 281 159 289 167 297 171 177 180 182 183 187 193 201 204 209 213 217 242 243 247 1.0
260 267 270 271 272 274 275 151 152 282 283 284 156 286 285 160 159 162 164 293 166 167 168 297 292 172 176 179 181 182 188 189 196 197 201 206 212 216 218 222 223 224 226 227 228 231 232 236 238 241 245 247 250 255 1.0
256 259 260 261 262 263 265 267 268 270 272 277 151 153 282 155 281 283 159 160 287 288 291 292 165 164 167 296 297 170 298 171 169 178 179 182 183 184 185 187 188 191 192 193 195 197 199 202 203 205 206 208 209 211 212 214 216 220 221 222 223 225 226 227 228 229 232 233 237 243 244 245 246 247 250 252 1.0
270 278 151 280 152 157 162 163 291 178 180 193 195 213 220 224 225 226 228 230 231 234 243 250 255 1.0
151 154 155 156 160 164 165 167 169 170 171 172 173 175 176 177 178 179 180 181 182 183 184 186 187 189 190 191 192 196 197 198 199 203 207 208 210 211 212 213 214 215 216 217 218 219 220 221 222 223 224 226 228 229 231 234 235 237 238 240 241 244 245 246 247 248 250 252 253 254 255 256 258 259 261 264 265 269 271 273 274 275 277 278 279 280 281 282 283 284 285 286 287 288 290 292 297 298 299 1.0
268 269 276 278 150 152 157 290 163 295 168 299 173 184 190 191 192 194 197 199 203 206 208 221 228 232 234 239 242 245 247 254 1.0
256 261 265 266 267 269 270 273 275 276 277 150 151 280 281 152 155 282 154 286 159 287 284 163 164 165 292 295 167 297 294 299 171 173 174 175 178 181 184 185 187 188 190 192 193 199 202 203 208 209 210 213 214 215 225 228 229 230 232 233 235 236 237 240 245 246 248 249 250 254 255 1.0
151 152 153 154 155 156 157 158 159 160 162 165 168 171 172 173 175 176 177 178 182 184 185 186 187 189 190 191 192 193 194 196 197 198 199 200 201 202 204 205 207 209 211 213 214 216 217 218 220 221 223 224 225 226 227 229 231 232 235 238 239 241 243 244 245 246 248 249 252 253 254 258 260 261 262 263 267 269 271 272 273 274 275 276 277 278 279 280 281 283 284 286 287 288 293 294 295 296 299 1.0
152 153 154 156 157 162 164 165 167 171 172 176 179 180 182 184 187 188 194 196 197 198 200 203 208 210 211 212 213 214 215 216 217 218 220 221 223 224 226 229 231 232 233 234 238 240 241 242 244 246 250 252 258 263 266 267 268 271 273 274 276 277 278 279 280 281 283 284 285 286 290 291 292 293 294 296 297 1.0
150 152 153 157 158 159 160 161 162 168 169 172 179 181 186 187 191 193 194 195 197 198 199 200 202 203 204 206 208 209 210 213 215 218 220 221 223 226 227 230 231 232 235 236 237 238 239 240 241 242 243 244 245 246 247 250 252 253 254 256 258 260 261 262 263 268 270 271 272 275 277 278 280 282 285 286 287 289 290 291 292 293 294 297 298 299 1.0
261 262 266 271 150 289 299 173 177 191 198 201 202 203 205 210 219 228 237 254 1.0
151 152 155 156 158 160 161 162 164 165 166 167 169 170 171 173 174 176 177 178 181 182 183 185 186 187 188 191 192 193 196 198 199 200 204 205 206 210 211 212 215 217 219 222 223 224 225 230 231 232 236 238 239 242 243 244 245 246 248 250 252 256 257 259 260 261 262 264 265 266 268 269 271 272 274 276 277 279 280 283 285 287 288 289 291 292 293 296 297 298 1.0
151 153 154 156 157 160 161 163 164 167 169 170 171 173 175 177 178 180 185 186 189 193 196 197 199 200 201 202 203 208 210 212 217 218 222 223 226 230 231 232 233 234 237 238 239 240 241 242 243 244 245 246 247 248 250 253 255 256 259 260 262 263 266 268 269 270 271 272 274 275 277 279 280 281 282 283 287 290 292 294 298 1.0
151 152 154 157 160 161 162 163 165 166 168 169 170 171 172 175 178 179 180 182 183 184 186 188 191 192 193 196 197 198 199 200 201 203 205 206 208 210 211 214 215 217 219 220 223 224 225 226 227 228 229 230 231 232 233 234 236 237 238 239 240 242 243 244 245 247 249 252 253 254 257 258 259 261 262 264 265 273 276 278 279 280 281 282 286 287 288 289 290 291 292 293 294 295 296 299 1.0
177 299 156 1.0
150 151 152 153 154 156 158 159 160 161 165 167 168 170 172 174 175 176 178 179 181 183 184 185 187 188 190 191 194 195 196 197 198 200 202 203 207 209 210 211 212 215 216 217 218 219 222 223 226 227 228 229 230 232 233 234 235 237 239 243 244 245 246 248 250 251 252 253 255 256 257 259 260 261 263 264 265 267 268 269 270 274 275 278 279 281 282 283 284 285 286 288 289 290 292 293 295 296 298 1.0
193 161 229 166 295 233 267 173 177 180 277 247 248 282 253 1.0
262 266 267 268 270 276 280 282 158 290 162 295 299 172 180 181 206 207 211 215 216 227 233 234 244 247 253 255 1.0
259 260 261 262 263 273 274 275 276 278 281 282 283 156 284 154 160 161 163 164 291 294 166 296 169 168 298 172 175 176 177 179 180 183 185 188 190 193 194 196 199 201 202 204 205 207 209 211 212 213 214 221 222 224 227 230 231 232 234 235 239 245 247 252 1.0
260 274 277 278 163 292 165 293 167 297 197 199 201 204 206 212 213 214 241 254 1.0
267 176 181 249 157 1.0
256 257 259 264 266 268 269 277 152 153 282 155 284 157 158 285 160 161 288 287 293 165 295 167 296 168 166 172 173 169 170 299 179 182 184 185 189 196 197 198 199 201 202 203 205 206 214 216 224 226 227 229 232 234 236 238 240 242 243 244 247 248 249 254 255 1.0
256 262 266 268 270 273 276 277 278 151 156 158 159 293 165 167 169 171 178 186 194 195 201 204 207 230 239 247 1.0
152 153 155 158 159 161 164 165 166 168 170 171 172 173 174 175 176 177 178 180 181 182 183 184 185 187 191 192 193 195 196 197 198 200 201 204 205 207 208 209 210 211 212 214 215 216 217 220 221 222 228 229 230 238 239 240 242 246 247 248 249 250 251 253 255 256 257 260 262 264 266 268 269 271 272 273 277 280 281 282 284 285 286 288 289 290 291 295 296 297 298 1.0
269 270 275 278 154 157 163 173 200 202 207 216 218 221 226 230 234 239 240 247 1.0
256 257 260 263 265 268 270 272 273 276 150 279 278 282 156 284 286 157 161 289 163 164 291 294 295 297 170 175 177 179 181 188 189 190 191 197 200 203 204 207 212 213 215 216 217 218 220 221 222 225 227 229 230 231 232 238 241 249 250 251 252 255 1.0
259 263 264 267 268 269 272 153 156 285 157 286 160 159 162 284 292 293 165 295 296 169 170 298 294 173 172 175 177 178 180 181 185 189 191 193 198 200 203 205 206 207 208 209 211 215 216 219 220 221 222 224 225 226 230 235 236 239 241 242 246 247 249 250 251 252 253 254 1.0
152 153 154 156 157 158 159 160 161 162 165 169 171 176 177 180 181 182 183 184 185 186 187 188 189 190 191 194 196 197 198 202 204 205 206 208 209 211 212 215 216 217 220 222 223 225 227 229 230 233 234 236 237 238 240 241 242 244 245 246 247 250 252 253 254 255 256 261 263 264 265 266 267 268 273 274 275 277 278 280 281 282 283 285 286 287 288 289 290 291 292 293 294 295 296 297 298 1.0
260 262 264 266 268 269 273 276 277 279 152 153 280 283 155 284 286 288 291 163 165 293 296 169 171 299 175 179 181 183 184 187 190 196 201 202 206 209 210 213 220 221 222 223 224 225 226 227 228 233 235 238 239 243 244 246 250 252 255 1.0
159 291 261 231 171 268 237 209 180 245 212 154 219 254 191 1.0
258 271 276 150 278 280 279 152 156 166 294 168 299 173 174 175 176 181 190 191 207 210 211 216 218 220 222 224 225 229 245 250 253 1.0
150 151 153 155 159 160 163 164 165 166 167 169 171 172 173 175 176 179 182 183 186 187 191 192 193 194 195 196 198 199 201 202 205 208 210 211 213 215 217 218 219 221 223 227 228 229 230 233 235 236 237 239 241 242 243 245 247 248 249 250 253 254 255 256 257 258 259 261 265 267 270 273 275 276 279 282 283 284 286 287 288 289 290 291 292 293 295 296 297 299 1.0
259 261 269 271 273 274 275 276 151 154 283 156 157 158 285 289 164 169 170 298 172 175 177 183 184 186 190 203 207 209 214 216 220 221 224 225 226 227 235 237 241 253 254 1.0
155 156 157 158 161 162 164 165 168 170 172 173 174 177 178 180 182 183 185 186 187 190 191 193 195 197 199 200 201 202 203 205 206 212 213 214 215 216 217 218 219 220 222 224 225 226 227 228 229 230 231 232 233 242 243 246 247 248 250 251 252 256 257 258 259 260 261 263 264 265 266 267 268 272 273 274 275 278 279 280 282 283 284 288 289 291 292 294 298 1.0
150 151 153 158 159 160 161 163 164 166 168 169 171 172 174 175 180 181 182 183 184 185 191 192 193 194 196 199 200 201 202 206 208 209 210 211 213 215 216 219 221 222 223 224 226 227 229 232 233 235 237 238 239 240 241 242 244 246 247 248 249 250 252 256 259 260 262 263 264 267 268 270 272 273 274 275 276 279 280 281 284 285 286 287 288 289 291 292 1.0
153 154 155 157 158 159 161 162 164 165 167 170 172 174 175 178 180 181 183 184 185 186 188 189 190 192 194 195 196 198 199 200 202 204 206 208 211 212 215 216 217 218 220 221 222 224 226 227 228 229 230 231 232 234 236 237 240 241 242 243 244 247 249 250 251 252 253 255 257 259 260 261 262 263 264 265 267 268 269 271 272 276 278 279 284 285 286 287 289 292 293 294 295 296 297 299 1.0
258 265 266 275 277 151 281 158 159 288 162 294 167 169 170 178 179 180 183 190 193 206 208 213 216 218 225 231 233 236 237 244 250 253 1.0
288 256 225 229 263 236 173 239 180 150 183 218 251 220 1.0
257 259 263 264 152 156 157 159 163 291 165 296 170 299 184 185 193 194 196 197 203 208 228 230 231 232 235 241 243 249 254 1.0
262 264 265 272 278 151 279 153 154 282 156 286 287 160 296 169 297 182 184 188 205 220 232 235 239 244 246 254 255 1.0
227 163 166 171 204 240 210 183 153 186 187 1.0
257 268 272 273 276 277 150 279 153 156 158 293 167 296 295 170 298 178 185 196 198 201 215 218 220 223 235 241 245 250 254 1.0
150 151 152 153 154 156 158 160 161 164 165 166 171 172 174 177 179 182 183 185 187 188 190 191 192 196 197 200 201 203 204 205 206 207 209 210 211 212 213 214 215 217 220 223 224 225 226 228 230 233 234 237 238 240 241 244 245 249 254 256 257 258 259 260 261 262 265 266 267 270 275 276 277 278 279 280 281 282 283 284 285 286 287 292 294 296 297 298 299 1.0
256 259 260 261 262 270 155 159 288 290 165 166 177 179 181 183 194 203 218 220 224 237 243 245 246 251 1.0
150 153 154 155 156 157 158 161 162 164 165 167 168 169 171 173 174 177 179 181 182 183 184 185 186 188 189 191 192 194 195 196 198 199 200 203 204 205 207 208 209 210 211 213 214 216 218 219 220 221 223 224 225 227 228 229 231 233 234 235 236 237 238 239 240 242 243 245 246 247 249 251 252 254 255 258 261 262 263 264 266 268 269 273 274 280 282 283 284 286 288 290 294 296 297 298 1.0
256 259 264 266 267 268 271 272 274 280 286 160 288 162 292 166 295 298 171 176 178 190 191 196 197 199 202 203 210 211 215 216 217 230 234 235 239 243 245 246 254 1.0
256 257 259 261 263 265 267 268 272 273 274 276 277 278 280 281 154 282 157 158 287 288 159 161 164 165 293 292 296 169 170 299 175 181 182 185 187 189 192 195 196 197 198 204 205 208 212 213 220 222 224 226 228 231 241 242 243 244 245 246 247 249 254 1.0
160 257 290 227 293 229 168 172 176 156 242 220 276 249 154 252 191 1.0
257 259 263 269 271 150 151 279 281 154 283 284 156 286 288 161 162 290 292 163 166 295 170 172 176 178 184 196 197 202 206 208 212 213 216 217 219 222 226 231 234 240 241 242 245 249 251 1.0
259 265 267 270 272 278 152 281 154 155 158 287 161 292 295 171 172 177 178 179 182 184 186 188 189 190 191 195 198 210 214 226 231 233 244 254 1.0
260 264 267 268 271 273 275 276 278 280 153 282 158 286 160 290 163 165 295 296 298 175 177 178 180 182 187 190 192 193 195 198 202 209 214 215 218 220 225 235 239 249 250 1.0
262 264 269 272 276 280 156 158 286 290 292 294 295 166 169 167 175 178 182 189 193 197 199 208 217 220 222 225 249 252 1.0
150 151 153 154 155 156 157 160 163 166 170 171 173 174 175 176 177 178 179 180 183 185 187 189 190 192 195 196 197 202 203 206 207 208 210 212 213 214 215 218 219 220 222 223 224 225 227 228 230 231 233 235 239 240 241 244 245 248 249 252 253 255 258 259 260 264 265 266 267 268 269 270 273 276 277 278 279 280 282 283 284 285 286 288 289 291 294 295 296 299 1.0
292 165 294 199 295 272 241 213 278 182 281 154 247 222 1.0
256 257 258 262 265 267 268 269 275 279 280 151 282 283 155 159 289 161 163 164 293 166 295 168 298 173 174 180 182 184 188 189 190 191 193 194 195 196 199 201 205 206 207 208 210 215 219 220 221 222 230 231 232 233 234 235 237 241 242 243 244 245 247 248 251 252 1.0
256 159 195 164 281 234 204 237 275 243 180 217 223 1.0
151 152 153 156 157 159 160 162 163 164 168 169 171 172 173 174 175 178 180 181 186 187 189 192 193 194 199 200 203 204 206 207 208 211 217 219 220 221 224 225 226 228 229 230 232 233 234 236 238 241 243 245 246 249 250 253 258 260 261 262 263 265 267 273 275 276 278 280 281 283 284 285 287 289 290 291 292 293 294 297 298 299 1.0
256 259 260 263 268 272 151 153 154 284 285 286 161 163 293 296 172 175 181 184 186 188 189 191 194 195 200 201 203 204 206 216 223 224 226 228 232 234 236 239 241 243 244 250 254 1.0
256 262 263 264 266 268 269 271 273 277 152 288 160 290 165 294 166 298 173 174 175 182 183 189 192 193 198 199 202 209 221 223 226 231 234 236 237 242 1.0
269 271 151 280 153 282 283 284 161 166 297 298 174 175 178 179 189 194 198 199 201 206 212 214 227 228 232 233 244 247 250 1.0
256 229 233 266 206 208 177 183 186 187 252 1.0
257 260 271 272 152 153 286 158 290 294 173 174 175 178 179 188 194 197 205 206 213 223 224 227 230 234 238 252 253 254 1.0
150 153 158 159 161 162 166 167 168 170 171 177 180 181 182 183 184 185 187 188 191 194 197 202 203 205 208 210 215 217 218 222 225 226 227 230 231 232 233 235 239 240 241 242 243 244 245 249 253 254 255 257 258 259 260 262 264 268 270 271 274 275 276 277 278 279 280 281 282 283 285 287 290 292 295 296 297 298 299 1.0
265 268 269 236 178 182 216 249 282 188 221 287 1.0
257 259 262 266 268 269 271 272 273 274 275 277 151 280 153 283 156 157 159 287 288 166 295 296 297 170 171 172 176 180 181 182 185 188 189 190 195 198 199 200 203 207 211 212 213 215 216 217 218 219 221 225 226 231 235 237 240 242 243 248 249 252 253 254 1.0
152 153 158 159 160 161 163 164 166 167 170 173 174 176 177 179 180 181 182 184 186 188 190 191 193 195 202 206 207 208 209 212 213 214 215 216 217 219 223 226 228 229 230 231 232 233 234 235 236 238 239 240 241 244 245 246 247 249 250 251 259 261 263 266 267 268 269 270 271 273 275 281 282 285 286 287 289 290 291 294 295 296 297 298 1.0
