261 38 104 235 241 120 1.0
288 32 132 46 178 19 152 24 1.0
248 33 214 1.0
147 276 142 223 1.0
5 133 7 174 15 110 151 218 223 1.0
169 225 111 1.0
66 39 167 296 76 84 26 187 157 1.0
160 99 74 202 17 1.0
134 40 279 253 63 1.0
64 65 198 277 155 1.0
160 3 36 197 295 271 189 125 1.0
285 101 1.0
151 121 33 1.0
170 45 39 138 1.0
2 52 293 206 1.0
289 43 271 16 154 252 221 191 1.0
64 266 81 220 31 1.0
192 289 37 215 89 255 1.0
256 137 28 225 1.0
66 116 90 207 1.0
51 205 111 1.0
89 58 284 1.0
162 105 170 235 46 60 93 1.0
195 297 137 77 238 48 274 243 214 1.0
295 274 133 87 1.0
176 164 53 76 1.0
27 203 13 1.0
39 71 297 85 281 1.0
144 162 157 86 1.0
121 286 1.0
165 8 298 15 86 60 125 190 1.0
257 167 296 111 182 252 1.0
161 290 134 103 233 62 1.0
225 82 1.0
65 227 108 243 87 58 63 1.0
72 242 1.0
65 258 3 173 155 124 190 1.0
160 34 293 237 142 111 85 58 220 1.0
73 241 210 245 283 125 159 1.0
122 28 237 1.0
226 66 2 200 57 1.0
272 36 39 1.0
193 290 106 14 111 274 214 22 182 122 1.0
180 102 1.0
3 261 108 206 239 277 222 1.0
162 185 4 36 133 135 264 41 268 25 1.0
224 161 144 220 213 22 216 91 92 1.0
265 131 61 15 1.0
195 3 146 244 123 188 221 255 1.0
289 228 8 110 27 284 94 1.0
97 75 15 82 212 155 62 1.0
72 233 234 238 239 240 17 277 56 24 1.0
167 139 44 108 271 208 52 252 284 28 1.0
98 30 230 1.0
226 3 130 39 138 110 16 49 240 180 1.0
1 100 196 139 108 149 185 28 62 223 1.0
0 233 46 1.0
192 196 69 203 236 80 178 119 216 155 1.0
131 292 167 114 182 187 252 63 1.0
228 73 44 274 243 149 57 1.0
129 269 238 184 281 1.0
129 35 212 1.0
229 169 146 115 85 246 121 218 28 1.0
161 33 227 35 165 41 10 147 123 220 1.0
168 99 195 287 1.0
99 204 150 239 1.0
129 227 168 59 268 155 27 29 1.0
256 296 265 298 241 62 1.0
267 28 287 1.0
104 162 250 261 1.0
288 6 241 51 22 283 124 190 1.0
128 1 42 171 234 298 210 82 158 1.0
129 296 171 208 114 147 117 187 93 1.0
2 76 236 50 183 125 286 1.0
296 65 118 126 1.0
5 11 204 270 181 1.0
67 260 196 259 238 189 285 1.0
297 14 176 51 91 189 1.0
161 195 230 109 237 55 157 1.0
160 137 9 270 110 52 1.0
189 31 45 181 1.0
55 12 31 247 1.0
167 233 83 22 217 187 60 1.0
271 237 39 1.0
293 104 233 22 214 283 30 1.0
0 261 102 135 272 82 151 249 90 188 1.0
152 274 4 77 1.0
292 6 149 123 60 1.0
288 230 123 107 12 172 146 214 283 223 1.0
99 68 170 107 17 20 182 150 282 62 1.0
258 70 231 9 297 75 204 73 122 286 1.0
225 34 74 138 237 81 156 1.0
96 2 164 137 183 219 124 93 1.0
205 273 157 151 285 125 1.0
164 132 103 216 93 1.0
101 265 207 211 22 157 1.0
98 292 71 9 137 215 220 157 286 1.0
248 106 22 279 216 25 157 184 1.0
225 67 238 1.0
97 66 7 236 213 55 60 1.0
135 265 203 141 272 276 182 1.0
184 90 109 70 1.0
96 8 168 83 30 281 190 127 1.0
199 143 21 85 187 252 1.0
160 260 231 7 41 203 277 54 87 1.0
97 225 292 137 143 273 19 84 87 188 1.0
144 50 203 1.0
129 153 291 36 212 121 1.0
36 262 263 111 177 241 63 1.0
256 134 167 106 16 223 1.0
261 295 75 108 140 112 279 216 154 1.0
194 291 131 164 204 178 244 246 159 1.0
176 177 1 1.0
289 2 68 294 211 87 119 57 27 127 1.0
194 66 172 178 19 245 185 190 1.0
208 13 166 270 1.0
292 168 282 141 271 54 250 61 158 1.0
291 175 249 26 254 127 1.0
288 269 208 113 178 243 1.0
99 198 199 9 236 175 126 1.0
240 66 67 1.0
161 48 273 274 82 22 1.0
128 65 225 38 139 142 180 246 30 1.0
224 293 169 238 93 1.0
266 172 205 14 208 251 1.0
9 234 42 271 117 1.0
196 264 11 237 45 20 84 86 1.0
224 4 295 235 187 17 210 123 284 126 1.0
3 251 62 1.0
0 36 198 203 176 178 1.0
9 234 179 271 1.0
192 97 195 274 116 27 191 1.0
99 70 11 281 57 1.0
224 1 35 294 264 267 180 216 88 124 1.0
100 260 104 299 46 270 240 116 280 30 1.0
145 266 106 1.0
268 269 14 12 144 150 93 1.0
259 40 234 299 177 211 1.0
259 126 200 172 17 90 187 94 1.0
66 141 109 143 48 80 15 278 1.0
120 285 270 39 1.0
106 80 22 248 218 124 1.0
162 290 188 58 1.0
161 225 98 70 263 294 80 219 252 255 1.0
199 233 41 276 52 154 222 1.0
58 105 42 140 116 184 250 124 222 1.0
33 133 206 177 116 119 151 56 285 1.0
289 232 45 141 143 19 23 1.0
217 146 185 295 1.0
226 164 272 209 26 1.0
96 33 42 113 86 154 220 94 223 1.0
105 171 113 127 191 1.0
128 68 266 204 172 142 240 279 217 218 1.0
226 87 57 58 31 1.0
257 194 35 278 93 223 1.0
192 227 228 295 73 286 1.0
296 47 176 210 180 120 90 60 1.0
64 277 59 85 1.0
225 291 261 69 45 275 181 1.0
65 98 168 105 16 250 1.0
73 180 1.0
75 208 276 278 55 151 90 284 285 1.0
257 124 1.0
97 98 108 238 206 180 20 246 279 159 1.0
165 230 71 236 115 22 187 61 1.0
32 162 5 208 58 1.0
130 262 19 180 51 189 253 126 287 1.0
69 205 53 184 249 1.0
134 71 8 109 173 239 143 211 53 58 1.0
104 102 206 78 1.0
131 10 78 15 177 178 245 1.0
225 81 178 248 125 1.0
132 5 138 236 217 1.0
1 195 292 233 28 188 220 183 284 1.0
218 45 1.0
128 65 162 259 299 203 48 243 28 254 1.0
36 8 108 274 92 1.0
255 165 103 203 210 221 63 1.0
192 3 163 106 271 278 89 255 1.0
2 259 37 230 10 90 221 1.0
33 289 230 175 117 152 1.0
130 233 110 17 88 1.0
161 269 46 79 147 84 182 281 1.0
293 15 113 18 53 251 190 63 1.0
193 228 261 73 43 76 18 84 278 187 1.0
256 260 165 6 101 72 73 78 176 242 1.0
197 204 77 238 111 208 241 246 251 1.0
288 193 39 167 201 180 181 1.0
288 293 201 240 114 119 120 126 1.0
72 260 1.0
289 97 260 111 80 241 48 156 1.0
34 227 229 5 9 75 174 57 58 1.0
72 177 1.0
0 129 4 44 237 269 110 244 154 287 1.0
156 36 245 1.0
210 258 163 74 1.0
161 98 68 165 269 241 275 25 30 1.0
116 151 1.0
105 130 84 159 1.0
152 266 166 122 1.0
260 228 105 214 183 88 121 28 1.0
257 228 37 73 79 272 283 15 279 123 1.0
130 35 131 294 199 81 1.0
194 102 71 77 205 147 189 21 279 61 1.0
192 255 202 42 184 283 127 30 63 1.0
263 174 48 283 61 254 1.0
32 228 136 168 49 280 1.0
296 73 203 172 269 207 55 156 1.0
77 81 56 57 158 255 1.0
4 261 175 18 244 215 153 1.0
161 162 292 261 69 172 270 50 127 1.0
34 227 133 166 49 179 1.0
235 214 23 1.0
101 12 238 20 278 219 156 31 1.0
195 229 199 266 43 188 126 1.0
256 233 75 139 14 113 50 51 214 124 1.0
39 201 12 47 156 30 1.0
258 103 9 139 241 178 53 88 126 1.0
200 70 118 1.0
173 119 1.0
75 172 213 71 1.0
0 259 40 42 203 206 144 279 123 1.0
200 187 56 218 251 1.0
33 155 197 79 1.0
243 62 219 1.0
259 231 236 145 84 117 58 124 94 1.0
66 292 39 202 239 208 214 188 159 1.0
213 121 109 1.0
161 35 68 11 146 86 119 189 1.0
192 35 107 172 177 84 1.0
128 293 37 103 169 9 13 212 150 29 1.0
283 76 207 1.0
166 167 243 29 31 1.0
67 198 168 298 110 18 211 22 58 1.0
39 137 268 212 217 1.0
230 170 235 174 248 154 27 94 1.0
69 197 105 270 144 49 95 159 1.0
248 90 132 135 1.0
111 110 199 1.0
100 116 214 86 90 155 1.0
288 259 201 145 113 149 214 221 29 1.0
68 262 138 207 120 154 284 191 1.0
99 266 79 115 91 1.0
243 141 150 223 1.0
24 78 134 182 1.0
123 229 1.0
1 36 5 106 22 151 182 91 1.0
195 155 173 7 1.0
288 199 141 175 274 23 120 28 1.0
4 228 42 139 240 179 212 91 253 30 1.0
292 133 5 231 207 177 241 1.0
256 163 41 234 235 105 238 54 60 1.0
64 193 258 268 112 181 182 58 1.0
138 266 45 238 148 218 286 63 1.0
130 202 277 54 182 1.0
35 67 40 173 21 57 154 159 1.0
210 59 1.0
290 259 295 204 238 274 50 63 1.0
32 292 199 43 87 151 154 220 61 190 1.0
129 282 1.0
263 73 237 21 216 189 1.0
231 171 209 88 286 63 1.0
294 200 169 143 176 115 84 54 184 1.0
227 68 46 1.0
132 134 73 141 79 112 275 285 62 1.0
161 196 229 15 111 81 92 223 1.0
225 276 245 24 190 1.0
292 70 232 15 81 85 252 1.0
64 107 299 174 78 272 249 285 1.0
192 159 226 194 139 142 84 181 60 223 1.0
160 134 135 103 43 212 213 219 285 63 1.0
224 236 243 89 252 1.0
64 98 134 6 108 15 210 155 1.0
217 202 116 213 1.0
112 114 179 188 1.0
199 135 42 46 20 118 94 1.0
229 136 265 48 147 254 63 1.0
18 239 126 183 1.0
131 99 111 145 152 191 1.0
112 121 184 9 1.0
66 231 296 105 202 154 61 1.0
258 238 143 52 54 23 62 190 1.0
0 130 69 71 136 11 19 154 59 255 1.0
131 271 50 87 23 1.0
200 80 84 1.0
256 32 196 165 296 264 205 13 270 210 1.0
66 166 169 213 219 1.0
39 296 269 15 271 242 282 1.0
258 68 203 11 82 285 223 1.0
99 78 54 279 90 1.0
50 203 188 1.0
257 161 164 6 241 209 23 1.0
128 281 111 1.0
131 260 103 172 178 275 215 1.0
235 172 144 91 124 94 1.0
160 131 295 136 265 208 181 214 151 248 1.0
133 264 111 83 148 181 89 124 1.0
185 100 271 244 57 1.0
159 97 279 289 1.0
224 74 75 293 1.0
101 154 10 157 1.0
128 129 259 173 238 175 147 89 156 1.0
32 226 291 130 104 206 274 55 184 1.0
225 264 138 107 240 275 20 212 276 248 1.0
35 196 132 264 9 76 268 1.0
128 137 50 226 1.0
26 142 243 247 250 187 1.0
107 175 1.0
98 68 81 186 222 1.0
58 163 100 62 1.0
130 134 203 108 29 178 24 93 1.0
166 71 142 206 52 149 186 222 1.0
194 139 205 110 1.0
161 67 260 75 207 23 153 1.0
144 54 218 198 1.0
160 2 201 202 139 213 154 62 1.0
65 100 7 213 190 1.0
8 297 203 14 121 155 1.0
230 298 268 87 215 284 29 158 1.0
50 221 1.0
248 296 242 51 243 216 217 27 1.0
66 291 70 38 296 172 113 251 1.0
258 198 199 42 173 13 209 282 93 1.0
196 74 43 144 18 151 186 60 286 1.0
277 116 133 1.0
260 200 41 141 61 1.0
225 200 138 45 178 216 158 1.0
224 153 22 47 1.0
65 290 9 15 52 1.0
72 59 179 262 1.0
33 139 149 92 222 1.0
296 104 236 143 145 17 242 116 25 219 1.0
97 68 213 1.0
229 265 141 180 90 1.0
131 164 101 293 42 16 1.0
258 200 265 205 78 156 114 220 93 1.0
1 99 294 71 174 80 24 1.0
224 194 197 8 104 139 44 83 275 1.0
249 3 167 1.0
0 160 36 264 265 17 244 154 220 31 1.0
66 84 221 1.0
33 2 232 297 152 1.0
33 268 276 149 22 188 1.0
224 290 293 268 108 140 49 274 185 188 1.0
120 233 142 1.0
193 100 16 148 88 1.0
6 235 44 143 63 1.0
100 231 105 201 43 79 116 1.0
160 227 196 16 150 250 61 158 255 1.0
8 233 107 237 270 205 23 215 1.0
73 140 238 16 85 278 151 252 222 1.0
202 206 79 209 114 184 282 60 1.0
163 296 11 147 56 219 1.0
289 290 134 106 204 23 60 125 1.0
65 166 271 1.0
69 229 102 237 208 1.0
69 271 16 183 184 1.0
34 234 211 150 22 1.0
32 129 294 18 119 1.0
98 196 282 12 239 272 209 213 26 1.0
194 41 12 18 156 1.0
32 0 105 138 237 47 113 217 62 1.0
132 260 197 136 110 80 117 215 283 94 1.0
92 254 159 1.0
288 148 253 1.0
36 229 103 264 112 144 146 213 279 56 1.0
126 47 53 278 122 94 1.0
292 6 209 178 244 213 183 94 1.0
131 155 185 59 61 1.0
0 291 168 206 147 20 216 185 218 1.0
102 169 206 181 280 90 223 1.0
11 204 70 1.0
2 267 261 1.0
131 262 295 267 43 110 80 113 281 222 1.0
65 293 104 136 10 49 211 185 60 94 1.0
264 115 30 1.0
37 81 243 276 57 1.0
64 33 228 232 171 172 205 51 91 125 1.0
165 38 232 201 78 18 117 150 1.0
64 161 224 35 229 140 47 23 119 93 1.0
32 98 131 4 261 166 234 142 271 155 1.0
226 258 14 274 147 212 280 27 1.0
289 34 162 292 102 167 152 1.0
192 70 71 82 211 1.0
166 106 74 12 143 175 271 1.0
128 167 266 53 250 189 1.0
3 293 201 140 204 274 1.0
192 1 2 41 43 204 271 20 277 1.0
163 169 234 107 12 207 112 149 127 1.0
132 261 102 262 188 93 1.0
193 131 38 109 237 52 283 287 1.0
98 136 31 241 178 25 155 124 93 57 1.0
65 131 166 47 176 210 219 1.0
241 115 22 1.0
34 222 1.0
97 268 114 56 153 216 1.0
136 294 1.0
192 100 27 266 268 87 183 249 91 125 1.0
0 69 200 235 140 76 13 249 1.0
256 3 291 260 265 45 80 22 1.0
194 262 198 141 238 79 274 27 252 1.0
296 142 248 93 191 1.0
161 6 202 269 209 148 283 60 1.0
195 261 198 271 47 49 278 26 94 63 1.0
164 261 7 140 270 181 54 216 91 254 1.0
72 258 1.0
289 35 37 165 117 278 182 252 159 1.0
64 93 208 1.0
291 70 281 104 40 23 25 189 254 1.0
129 261 5 12 46 207 82 115 186 1.0
208 82 1.0
288 131 195 197 8 169 46 144 30 1.0
229 13 238 271 211 253 1.0
66 297 171 79 280 62 1.0
132 204 140 272 81 284 223 1.0
34 199 47 112 21 223 1.0
9 107 236 238 1.0
64 1 140 237 81 273 1.0
272 67 152 1.0
160 260 48 145 115 116 220 1.0
133 199 266 16 277 280 59 1.0
0 7 50 118 188 254 1.0
7 169 76 237 209 210 283 1.0
6 232 209 276 152 1.0
290 15 1.0
208 177 99 278 1.0
131 38 72 138 239 182 189 1.0
257 165 105 52 247 184 219 1.0
35 198 136 145 242 154 60 254 1.0
70 235 120 252 93 62 1.0
226 260 230 38 105 14 1.0
195 134 186 113 241 49 150 250 1.0
257 101 102 80 83 150 57 221 1.0
89 254 1.0
67 38 7 39 262 11 14 277 86 253 1.0
131 132 14 46 79 214 1.0
10 141 177 275 211 119 1.0
163 201 265 148 184 58 220 62 1.0
99 198 265 201 76 270 81 52 21 55 1.0
48 146 260 114 1.0
100 263 169 173 181 154 1.0
37 165 137 205 118 1.0
166 73 269 48 112 120 121 31 1.0
97 65 8 15 145 242 55 58 251 254 1.0
192 74 267 140 183 184 59 279 1.0
259 103 263 233 201 186 281 285 29 1.0
130 45 189 70 1.0
73 85 55 188 287 1.0
121 282 12 39 1.0
160 35 261 244 55 122 253 255 1.0
37 140 13 83 252 285 1.0
36 166 295 1.0
128 35 104 105 266 47 176 145 189 1.0
160 233 114 267 1.0
82 230 1.0
130 10 109 84 278 248 216 1.0
195 139 207 240 241 94 158 62 1.0
292 5 230 165 147 149 217 283 92 1.0
65 129 205 241 19 281 95 1.0
193 162 230 73 45 205 56 90 252 152 1.0
225 43 145 275 23 218 91 126 1.0
228 10 139 140 173 115 244 245 60 94 1.0
32 280 131 101 8 48 22 182 216 221 1.0
38 166 237 83 52 85 86 90 1.0
224 35 198 235 269 144 244 183 1.0
256 129 130 232 276 21 279 26 158 1.0
98 215 1.0
219 13 63 1.0
1 230 170 272 282 60 1.0
83 291 159 1.0
194 43 165 243 1.0
3 293 200 42 43 82 184 94 1.0
153 107 119 1.0
166 44 272 117 220 1.0
192 80 155 1.0
128 40 297 140 12 180 251 1.0
37 218 11 114 84 282 190 1.0
97 162 195 198 263 107 180 279 152 1.0
76 45 47 114 210 54 1.0
128 0 259 264 188 1.0
289 72 43 184 249 251 253 1.0
256 8 203 109 46 280 60 189 1.0
167 233 205 17 84 86 1.0
296 203 29 239 1.0
40 52 263 295 1.0
67 4 232 174 147 22 156 1.0
112 217 248 1.0
166 205 239 211 180 179 122 1.0
225 1 66 39 169 204 144 180 1.0
73 15 157 220 189 1.0
265 217 249 15 1.0
34 287 108 83 276 84 28 223 1.0
194 131 68 1.0
259 134 111 1.0
19 277 7 1.0
129 166 202 203 45 1.0
196 78 110 273 83 211 1.0
195 261 296 239 272 177 51 149 1.0
43 268 1.0
160 121 222 1.0
35 101 104 10 113 82 55 86 87 1.0
67 132 73 12 50 147 84 116 1.0
16 105 77 1.0
146 102 1.0
146 83 100 138 1.0
81 115 33 1.0
131 42 83 116 25 27 127 1.0
104 109 47 144 145 53 121 1.0
10 44 145 21 149 1.0
5 7 11 140 13 145 19 83 23 1.0
123 76 75 111 50 59 61 1.0
105 44 54 1.0
0 96 68 42 110 60 29 126 1.0
8 91 36 1.0
128 68 36 78 55 1.0
135 8 13 18 146 23 1.0
135 39 103 106 136 44 110 19 1.0
41 10 109 48 83 116 122 1.0
35 4 1.0
112 86 1.0
32 103 104 75 79 81 88 1.0
34 132 105 145 83 56 126 63 1.0
34 98 134 71 13 80 85 22 87 1.0
133 108 79 81 146 84 86 56 1.0
104 87 1.0
0 2 109 81 18 115 21 89 59 1.0
96 108 142 14 111 114 91 63 1.0
129 137 108 109 141 90 126 1.0
15 48 84 53 63 1.0
129 98 6 141 84 56 62 1.0
97 1 121 71 10 117 21 89 62 1.0
107 142 1.0
33 76 1.0
34 136 8 14 47 83 59 62 31 1.0
80 12 127 71 1.0
120 35 1.0
131 4 133 36 100 40 55 120 27 1.0
1 131 7 15 17 117 92 1.0
0 96 110 89 90 1.0
69 105 107 143 17 50 85 25 1.0
99 102 40 13 54 24 63 1.0
132 101 136 74 45 111 17 86 121 1.0
5 101 73 23 20 119 123 1.0
106 108 28 1.0
126 132 102 95 1.0
62 52 86 119 1.0
128 8 40 74 142 24 89 27 61 1.0
65 68 101 10 138 142 14 78 121 1.0
97 5 107 43 111 1.0
129 39 46 14 142 81 79 91 61 1.0
97 99 133 135 71 106 79 118 1.0
69 14 110 115 87 1.0
121 68 125 133 1.0
4 15 16 113 147 52 58 126 95 1.0
133 40 137 42 49 1.0
1 123 1.0
68 11 110 47 61 30 1.0
105 45 134 1.0
7 10 42 28 122 60 95 1.0
3 69 7 105 42 76 14 125 30 1.0
2 4 6 138 144 91 92 31 1.0
0 41 9 1.0
123 20 46 1.0
6 103 40 11 13 113 63 1.0
129 66 70 39 105 112 22 122 1.0
100 134 7 1.0
69 71 11 107 49 1.0
65 36 43 44 119 1.0
130 40 107 80 21 91 126 1.0
34 99 66 69 105 42 77 88 63 1.0
120 121 70 1.0
67 100 69 71 42 11 24 1.0
76 87 1.0
70 74 52 119 23 120 89 1.0
2 67 38 112 114 119 122 30 1.0
138 27 1.0
104 68 1.0
96 3 37 109 117 92 1.0
35 101 70 6 69 110 80 1.0
51 117 22 71 1.0
3 8 109 112 88 90 92 126 31 1.0
64 11 139 80 51 21 87 28 126 1.0
29 13 86 143 1.0
9 3 109 1.0
100 4 108 109 50 118 1.0
1 71 41 9 111 143 50 57 123 1.0
41 113 146 19 115 145 1.0
133 38 102 8 22 62 1.0
42 138 70 146 1.0
33 8 43 110 82 1.0
97 37 6 14 29 1.0
72 68 13 1.0
16 19 60 85 1.0
49 101 1.0
107 73 27 78 1.0
97 100 132 41 11 116 56 91 1.0
34 131 138 111 143 146 23 29 1.0
2 5 39 14 52 27 93 1.0
0 103 141 114 23 58 60 1.0
41 105 39 1.0
5 38 103 148 88 1.0
73 83 53 54 1.0
0 64 68 69 37 52 88 90 127 1.0
32 66 18 50 21 25 27 28 93 1.0
115 31 1.0
36 136 75 11 48 123 125 95 1.0
8 26 29 1.0
8 129 107 49 1.0
98 37 42 139 18 148 121 95 63 1.0
104 43 1.0
66 69 140 60 15 124 1.0
65 67 102 134 8 53 1.0
8 121 0 14 1.0
32 130 131 18 91 127 1.0
97 132 45 144 55 119 25 1.0
2 68 38 104 108 110 120 27 1.0
97 98 12 111 143 20 85 122 91 1.0
130 3 102 43 143 113 23 30 1.0
71 109 46 47 45 52 149 55 26 1.0
140 36 14 1.0
133 10 11 13 15 19 86 125 62 1.0
106 91 1.0
142 30 1.0
65 89 1.0
100 132 134 71 43 83 1.0
68 20 53 28 94 1.0
97 118 1.0
0 5 75 139 78 30 1.0
135 51 148 149 62 1.0
112 147 1.0
130 146 84 53 55 123 125 95 127 1.0
65 3 12 109 46 50 1.0
132 39 71 109 55 61 1.0
4 29 94 1.0
35 71 73 43 15 114 149 58 123 1.0
69 42 43 144 23 1.0
1 132 69 102 50 62 1.0
34 98 103 83 89 1.0
97 131 71 9 111 118 62 121 25 1.0
72 73 58 1.0
32 33 34 106 148 120 121 1.0
33 35 5 136 77 24 1.0
66 67 132 135 15 18 25 28 1.0
133 48 112 82 148 120 60 1.0
129 130 101 122 29 1.0
132 38 79 1.0
43 127 1.0
112 119 1.0
96 128 51 83 21 148 125 30 1.0
64 14 82 85 31 95 1.0
145 108 1.0
48 88 12 70 1.0
130 100 70 41 15 50 24 27 1.0
145 115 21 63 1.0
124 6 1.0
2 7 47 122 29 94 1.0
72 41 142 144 89 122 1.0
128 81 19 54 27 94 1.0
9 58 4 138 1.0
65 20 125 31 1.0
25 18 126 39 1.0
8 9 10 12 79 21 86 1.0
136 66 50 109 1.0
97 33 136 137 77 146 21 25 94 1.0
35 7 137 10 12 82 60 1.0
128 116 1.0
128 1 98 72 138 113 52 58 1.0
140 12 22 122 59 1.0
81 106 43 93 1.0
97 99 11 78 110 146 116 89 1.0
64 108 79 16 17 92 1.0
66 6 110 16 120 1.0
134 106 44 109 19 54 92 93 127 1.0
32 35 136 106 115 21 30 1.0
114 3 58 63 1.0
147 116 1.0
129 6 104 137 15 88 1.0
103 8 109 14 115 86 90 31 1.0
32 42 50 87 63 1.0
101 133 109 78 112 116 54 62 1.0
64 135 12 80 117 88 91 1.0
140 77 48 122 93 1.0
3 40 73 77 141 114 149 1.0
1 8 111 84 22 62 1.0
12 20 1.0
146 108 1.0
99 92 1.0
35 6 139 46 84 91 63 31 1.0
73 42 12 45 18 61 95 1.0
65 6 138 75 139 141 109 15 89 1.0
117 22 90 91 30 95 1.0
35 136 81 29 145 92 125 1.0
128 0 2 76 110 48 92 61 1.0
109 45 115 51 89 58 1.0
98 133 139 43 75 108 149 61 62 1.0
0 65 40 108 113 1.0
131 39 1.0
70 7 139 114 116 120 59 1.0
128 4 5 37 69 139 145 20 125 1.0
96 34 134 39 70 114 83 148 1.0
131 10 106 114 56 1.0
133 38 107 123 95 1.0
72 107 45 110 15 16 113 88 31 1.0
65 141 115 84 91 1.0
140 48 114 18 53 119 88 24 57 1.0
67 16 149 120 89 26 125 1.0
7 139 16 85 89 1.0
130 3 99 11 45 146 117 61 63 1.0
70 74 15 19 55 122 1.0
41 50 140 94 1.0
128 39 140 145 115 118 55 89 93 1.0
56 10 76 84 1.0
65 4 133 10 50 121 122 1.0
61 63 1.0
57 51 117 1.0
128 35 36 9 142 145 1.0
135 109 77 141 145 82 120 28 1.0
90 122 1.0
43 142 112 53 95 57 94 31 1.0
104 138 74 117 149 126 1.0
49 139 1.0
89 77 1.0
2 38 41 42 48 16 1.0
100 9 139 77 48 20 23 1.0
130 9 10 109 78 143 117 54 30 1.0
105 15 111 89 127 63 1.0
64 131 8 43 143 80 28 29 1.0
133 114 22 87 56 1.0
128 57 92 77 1.0
76 23 1.0
69 82 24 57 93 1.0
81 106 85 63 1.0
101 7 42 148 120 24 1.0
40 137 139 48 23 89 122 1.0
56 51 109 78 1.0
65 4 102 135 43 139 58 59 124 1.0
0 130 34 132 67 39 51 85 1.0
128 1 90 143 48 147 52 87 58 1.0
97 36 11 141 50 120 30 1.0
36 11 116 59 93 1.0
0 101 7 105 75 108 14 1.0
66 101 18 148 87 56 94 1.0
100 78 111 22 120 26 60 1.0
129 91 36 1.0
66 104 110 49 22 90 92 1.0
135 14 92 146 86 25 123 60 95 1.0
81 133 1.0
99 71 49 84 117 22 1.0
8 142 143 16 81 148 54 90 1.0
40 73 106 115 117 1.0
81 26 133 54 1.0
92 71 1.0
64 5 71 39 105 74 10 143 17 1.0
0 98 4 38 105 142 19 27 1.0
131 4 73 14 85 125 1.0
70 40 75 12 111 79 17 1.0
2 37 7 76 45 50 82 58 63 1.0
121 67 135 111 112 18 57 1.0
36 135 74 11 52 85 24 28 1.0
41 50 86 87 89 1.0
99 70 110 47 88 1.0
45 108 141 70 1.0
80 105 91 112 1.0
21 20 13 138 1.0
17 137 13 22 1.0
67 68 37 1.0
9 13 113 83 120 124 1.0
43 148 135 1.0
26 4 78 1.0
129 11 115 122 94 1.0
129 134 108 50 52 117 119 89 1.0
37 135 136 106 15 27 124 29 1.0
27 108 1.0
42 101 1.0
33 40 109 13 14 50 86 30 1.0
133 10 14 50 146 86 55 1.0
131 37 1.0
132 68 135 11 126 1.0
65 5 74 15 53 61 1.0
35 47 70 87 1.0
8 10 11 109 46 84 27 62 1.0
65 33 130 133 38 73 139 121 91 1.0
98 14 1.0
32 69 39 107 140 83 148 85 1.0
2 39 83 121 26 93 1.0
65 35 133 8 112 48 16 1.0
99 4 41 78 47 52 1.0
18 92 37 1.0
136 59 1.0
105 44 141 46 17 118 120 1.0
64 104 106 45 16 19 121 90 1.0
136 9 43 12 1.0
99 67 4 56 57 1.0
5 38 136 139 109 46 50 21 94 1.0
110 23 1.0
128 34 110 1.0
132 41 77 142 49 83 52 118 1.0
134 9 137 16 113 54 88 58 127 1.0
3 134 46 111 146 51 52 124 31 1.0
35 59 118 1.0
136 14 143 82 93 31 1.0
129 10 42 14 111 119 59 60 29 1.0
2 13 1.0
60 69 1.0
98 131 68 79 18 19 58 60 1.0
71 140 12 14 15 31 1.0
105 67 61 1.0
101 136 74 144 85 120 123 127 1.0
131 84 120 121 27 1.0
106 147 101 22 1.0
26 114 1.0
66 76 82 149 86 27 1.0
104 79 147 58 63 1.0
32 137 16 17 114 118 24 29 1.0
5 6 107 16 49 50 52 56 90 1.0
98 132 134 1.0
113 69 126 7 1.0
131 20 1.0
3 139 140 51 116 55 1.0
145 18 12 122 1.0
56 53 1.0
29 31 149 119 1.0
67 4 5 39 139 44 50 85 58 1.0
52 61 94 119 1.0
36 134 44 143 80 82 55 1.0
34 72 104 138 51 1.0
107 3 136 1.0
34 36 8 107 117 92 95 1.0
128 36 109 46 20 86 1.0
32 65 99 7 105 47 145 119 126 1.0
104 88 68 1.0
32 118 12 6 1.0
69 102 8 59 107 118 86 91 63 1.0
129 99 41 47 49 58 1.0
136 9 106 141 1.0
97 99 36 13 14 143 110 56 94 1.0
40 41 139 1.0
101 109 49 146 122 1.0
48 145 38 1.0
24 0 22 63 1.0
43 107 117 110 1.0
96 136 74 79 146 116 1.0
34 131 66 6 75 13 143 115 1.0
73 142 113 118 25 61 95 1.0
32 0 141 77 52 117 122 27 95 1.0
1 133 141 110 25 63 1.0
30 7 1.0
144 50 146 114 83 120 28 62 1.0
137 12 149 62 1.0
103 11 78 55 93 30 63 1.0
40 28 85 87 92 1.0
96 38 42 75 47 113 52 55 26 1.0
59 123 142 16 51 27 29 1.0
99 77 48 146 148 117 93 1.0
3 133 104 105 14 48 18 22 1.0
65 130 71 8 105 75 77 92 1.0
10 37 117 54 1.0
73 93 110 57 1.0
67 100 5 104 73 139 76 113 1.0
99 36 106 44 45 12 118 55 1.0
144 41 147 94 1.0
103 80 113 17 115 55 1.0
1 105 79 84 148 54 25 92 1.0
10 63 1.0
131 7 108 141 25 1.0
96 131 102 140 76 46 127 1.0
81 59 44 141 1.0
99 4 74 148 120 121 1.0
3 29 118 1.0
101 134 78 79 144 55 1.0
90 116 82 110 1.0
132 134 1.0
113 130 1.0
140 111 18 85 28 95 1.0
132 6 8 106 119 56 1.0
71 117 26 125 30 1.0
65 78 15 52 53 23 1.0
97 107 140 75 76 115 56 125 1.0
8 46 1.0
37 104 12 18 82 86 94 1.0
82 51 60 38 1.0
64 68 111 47 60 1.0
26 131 118 47 1.0
82 118 87 95 1.0
67 137 107 81 26 28 1.0
35 99 103 11 140 147 51 1.0
32 132 70 72 115 54 92 94 1.0
14 16 20 52 86 1.0
44 81 115 83 125 116 93 1.0
102 110 1.0
136 149 1.0
96 98 39 10 60 148 84 118 28 1.0
64 67 42 79 21 1.0
36 4 95 47 1.0
33 25 1.0
1 5 6 103 105 73 85 60 61 1.0
46 18 86 58 126 1.0
77 142 109 78 112 125 1.0
33 130 134 6 78 16 20 1.0
66 35 4 74 75 143 47 54 59 1.0
1 132 68 37 5 14 53 23 1.0
97 132 38 42 54 23 127 1.0
105 75 85 119 24 25 123 1.0
91 66 11 1.0
5 70 135 137 140 110 144 58 124 1.0
72 91 112 1.0
34 130 100 43 52 149 118 126 1.0
96 41 128 113 1.0
120 132 62 135 1.0
97 34 4 134 140 119 57 126 1.0
64 97 66 132 105 107 19 1.0
67 94 1.0
68 90 115 52 56 89 58 91 1.0
40 72 111 1.0
38 94 66 126 1.0
86 106 20 44 1.0
40 44 12 108 23 58 1.0
102 7 72 14 18 121 92 1.0
34 5 6 103 138 110 16 144 92 1.0
134 6 59 20 88 56 91 1.0
32 67 132 142 143 145 23 90 127 1.0
57 122 1.0
1 71 49 19 126 1.0
36 39 57 125 95 1.0
136 146 35 1.0
0 98 16 81 82 115 88 1.0
133 78 23 1.0
56 97 100 33 1.0
97 61 1.0
114 76 93 119 1.0
24 86 1.0
47 83 22 23 25 94 1.0
3 42 119 89 124 31 1.0
96 104 137 106 12 1.0
99 7 41 51 58 1.0
99 11 76 45 121 92 62 1.0
4 102 15 80 94 1.0
101 145 114 124 125 30 1.0
88 58 1.0
99 5 102 14 22 119 91 1.0
73 77 13 145 114 88 27 95 1.0
130 98 72 76 144 80 18 22 25 1.0
37 124 45 1.0
133 43 141 25 90 63 1.0
104 57 13 1.0
128 99 37 135 142 26 27 1.0
99 69 70 13 145 120 57 1.0
97 131 102 39 107 108 114 83 126 1.0
42 10 82 19 149 22 1.0
128 35 37 42 108 109 110 1.0
133 141 142 55 1.0
64 70 39 8 7 43 80 84 1.0
27 107 149 103 1.0
49 66 115 5 1.0
42 45 133 95 1.0
58 131 1.0
72 99 78 1.0
102 144 149 54 86 1.0
62 91 53 70 1.0
96 106 115 87 60 1.0
7 9 42 81 19 20 118 58 59 1.0
0 130 37 134 109 111 21 1.0
4 135 81 49 121 122 91 95 1.0
51 108 61 1.0
32 37 38 76 141 49 51 117 125 1.0
35 36 101 74 139 109 143 1.0
98 35 6 140 46 50 115 57 26 1.0
73 100 110 1.0
3 35 131 70 1.0
123 24 27 52 1.0
129 36 72 104 28 17 82 124 95 1.0
128 73 74 85 27 1.0
67 13 16 51 119 62 95 1.0
48 8 54 1.0
75 11 108 52 62 1.0
68 36 140 112 49 62 1.0
56 2 13 39 1.0
97 33 104 112 28 1.0
98 101 114 83 116 1.0
64 92 86 1.0
124 42 28 1.0
3 36 5 104 49 19 125 127 1.0
8 41 42 1.0
32 8 72 15 22 28 1.0
4 6 135 47 51 61 1.0
40 78 1.0
97 131 138 139 26 123 1.0
64 129 75 60 122 124 1.0
34 79 50 84 120 58 1.0
96 67 71 73 107 14 27 1.0
33 67 38 72 149 86 28 62 1.0
49 2 36 77 1.0
34 132 68 16 148 117 89 29 1.0
144 90 29 1.0
73 43 113 25 125 31 1.0
17 34 111 1.0
49 50 83 82 25 89 30 127 1.0
5 133 38 148 25 59 62 1.0
134 60 46 1.0
2 35 131 103 47 115 116 25 1.0
113 10 123 134 1.0
49 43 1.0
33 106 110 146 89 58 1.0
39 76 92 84 91 60 1.0
89 118 125 6 1.0
51 77 1.0
67 3 133 81 61 1.0
96 129 110 1.0
38 103 41 10 11 105 24 30 127 1.0
45 145 116 20 86 122 1.0
24 62 96 118 1.0
32 133 75 47 124 1.0
98 75 1.0
6 138 141 80 144 51 86 54 122 1.0
129 82 146 122 59 1.0
99 7 75 11 45 80 148 85 21 1.0
61 143 1.0
130 105 44 53 120 25 28 63 31 1.0
96 25 42 95 1.0
61 38 135 1.0
33 68 139 142 81 93 1.0
80 146 1.0
40 81 44 46 1.0
131 10 108 141 112 120 57 1.0
0 33 131 51 85 1.0
129 40 115 52 55 24 90 59 1.0
64 100 134 23 20 55 27 29 1.0
34 136 107 43 12 78 17 22 25 1.0
6 83 19 52 88 1.0
73 76 141 54 124 1.0
0 15 146 19 22 121 1.0
35 72 109 142 48 81 147 21 94 1.0
72 105 140 109 1.0
0 101 15 118 60 1.0
68 91 43 46 48 84 59 62 127 1.0
26 51 60 109 1.0
25 90 1.0
128 145 82 97 1.0
57 115 1.0
89 12 94 143 1.0
96 99 107 85 89 1.0
20 46 55 1.0
4 75 146 84 86 126 31 1.0
143 112 18 87 91 1.0
80 73 72 28 1.0
34 108 110 80 17 60 1.0
5 38 78 47 46 143 114 117 1.0
35 131 70 138 109 83 54 1.0
67 41 76 114 62 1.0
41 142 118 24 88 1.0
41 132 1.0
128 65 129 97 102 106 50 91 1.0
132 103 28 142 51 116 58 92 95 1.0
113 124 17 92 1.0
32 96 97 99 86 118 90 1.0
78 86 55 1.0
142 83 117 120 126 1.0
1 103 76 147 124 1.0
32 5 1.0
32 128 13 79 60 95 1.0
99 5 137 75 15 24 1.0
129 68 133 5 135 70 143 16 25 1.0
37 11 14 54 88 25 28 125 1.0
1 129 68 138 44 78 113 93 1.0
98 104 9 109 147 85 57 1.0
70 39 73 46 25 94 1.0
48 41 127 1.0
3 78 48 57 63 1.0
0 66 101 136 43 44 108 52 1.0
98 52 119 62 127 1.0
117 133 39 1.0
28 110 1.0
71 137 108 144 149 23 120 1.0
64 67 38 142 81 118 55 60 1.0
138 67 63 1.0
16 34 70 103 1.0
102 40 43 76 139 46 1.0
5 69 61 1.0
16 147 28 1.0
65 3 82 24 124 31 1.0
138 139 12 46 114 21 24 29 1.0
130 10 48 112 147 119 1.0
66 149 47 1.0
32 7 104 72 141 46 83 52 121 1.0
129 38 142 85 90 123 1.0
113 3 1.0
0 129 98 37 75 108 125 30 1.0
32 97 3 107 14 18 23 30 127 1.0
19 52 139 38 1.0
0 102 71 9 74 144 83 91 1.0
88 86 1.0
135 12 109 147 85 90 63 1.0
129 34 6 83 118 23 93 1.0
96 2 35 109 79 16 49 86 1.0
128 33 102 135 41 10 142 146 85 1.0
64 102 75 141 14 46 145 57 28 1.0
98 130 75 108 79 17 26 1.0
35 134 138 47 112 80 116 59 126 1.0
99 38 23 56 92 1.0
97 106 13 133 1.0
3 49 82 147 24 91 93 94 1.0
1 102 10 121 60 1.0
65 140 117 85 92 1.0
2 101 13 144 113 18 50 57 60 1.0
136 70 1.0
68 134 137 12 122 30 1.0
128 40 76 46 115 120 26 29 30 1.0
129 39 46 88 61 1.0
107 110 1.0
2 98 70 7 71 43 126 1.0
68 42 11 118 26 1.0
18 20 95 1.0
66 6 72 73 143 62 1.0
67 42 78 81 18 30 1.0
66 48 23 88 90 31 1.0
96 2 66 41 82 118 87 26 1.0
131 4 5 101 108 77 54 55 1.0
169 185 215 1.0
195 274 243 211 216 186 252 1.0
278 230 1.0
248 260 203 183 184 281 186 1.0
257 196 234 268 269 270 1.0
226 165 182 187 255 1.0
161 270 1.0
262 296 269 210 186 1.0
221 279 1.0
153 260 299 205 249 154 1.0
256 264 274 283 252 1.0
248 163 1.0
288 167 181 182 158 1.0
153 229 264 272 209 243 150 281 255 1.0
259 295 264 201 171 205 274 279 1.0
161 162 172 278 221 1.0
200 251 1.0
209 292 158 1.0
176 171 157 1.0
208 210 266 207 1.0
160 275 172 189 1.0
188 276 262 183 1.0
194 229 241 210 276 280 1.0
281 227 190 1.0
275 179 1.0
192 252 213 156 223 1.0
241 203 269 1.0
282 205 1.0
234 172 238 242 281 191 1.0
193 163 164 269 187 283 284 1.0
226 234 175 240 209 1.0
170 173 238 271 241 216 1.0
192 194 166 238 209 277 249 155 286 1.0
280 254 287 1.0
242 181 1.0
283 285 222 246 1.0
256 226 230 245 277 221 254 1.0
288 256 215 1.0
227 174 1.0
261 232 175 273 244 277 278 285 1.0
185 296 238 208 182 281 1.0
228 294 270 178 248 185 188 1.0
261 296 175 176 243 184 153 189 253 1.0
184 257 266 164 1.0
161 203 207 275 247 219 159 1.0
257 232 243 187 252 223 1.0
200 245 174 183 1.0
257 263 174 215 249 187 1.0
290 229 270 175 238 178 180 185 1.0
243 247 1.0
198 230 175 275 282 1.0
266 234 213 245 283 188 1.0
225 204 271 178 277 246 214 153 283 1.0
259 261 235 278 248 185 186 184 1.0
257 228 263 201 266 203 208 178 253 1.0
258 165 274 279 251 1.0
264 210 180 245 284 279 247 156 1.0
256 178 176 1.0
289 296 268 208 158 1.0
195 154 273 150 282 1.0
217 258 1.0
170 218 1.0
233 234 1.0
192 289 258 226 298 1.0
259 200 272 182 249 253 1.0
157 151 1.0
289 296 169 235 175 177 187 1.0
289 225 1.0
256 242 215 191 1.0
259 261 296 169 250 220 1.0
275 255 1.0
291 260 165 266 172 249 191 1.0
192 227 202 271 211 244 277 153 1.0
295 271 275 244 284 1.0
177 222 1.0
160 194 231 170 204 216 191 1.0
195 292 299 188 211 212 274 252 191 1.0
199 266 267 177 278 251 1.0
291 274 266 1.0
175 245 182 280 155 1.0
266 196 173 1.0
263 232 169 267 207 182 278 186 188 1.0
227 168 297 267 241 215 247 1.0
288 194 229 296 204 209 183 185 1.0
226 195 171 277 255 1.0
298 205 275 278 153 1.0
192 291 298 171 210 279 151 156 1.0
265 284 209 1.0
204 236 239 183 185 282 156 287 1.0
193 163 241 214 216 217 1.0
294 171 270 271 177 216 251 190 286 1.0
176 240 156 198 1.0
150 154 190 158 255 1.0
293 231 167 268 213 183 249 1.0
280 253 150 1.0
177 150 207 1.0
289 263 168 232 297 200 245 182 189 1.0
257 228 173 178 186 1.0
163 264 271 207 211 254 159 1.0
273 185 1.0
209 173 1.0
225 170 299 270 275 245 1.0
185 165 237 153 285 1.0
295 268 211 278 155 1.0
162 227 164 171 250 187 255 1.0
261 230 167 266 205 251 1.0
163 165 294 208 245 278 215 1.0
169 226 283 223 1.0
187 212 181 231 1.0
224 226 166 168 299 173 179 248 287 1.0
275 227 165 167 1.0
288 219 236 1.0
195 298 269 270 209 212 183 185 222 1.0
225 293 266 246 183 217 283 1.0
223 293 214 295 1.0
196 179 252 150 218 283 156 1.0
162 223 166 295 234 238 250 254 191 1.0
160 176 216 1.0
192 193 197 299 268 210 212 284 1.0
216 170 260 262 1.0
289 259 199 272 151 282 1.0
165 229 231 217 284 1.0
236 175 240 241 178 184 252 221 222 1.0
171 236 240 213 157 1.0
194 198 171 237 177 179 1.0
160 289 228 203 268 270 274 178 223 1.0
161 296 234 240 217 1.0
289 191 231 168 265 238 271 244 223 1.0
192 292 186 201 206 242 211 185 250 1.0
160 168 1.0
259 263 233 208 284 254 1.0
258 195 158 185 283 286 1.0
229 208 182 185 282 255 1.0
170 202 172 178 220 253 158 1.0
160 237 273 179 181 152 285 1.0
290 262 205 175 150 1.0
220 221 1.0
193 269 179 211 151 219 285 287 1.0
225 205 238 1.0
160 201 298 299 238 152 284 189 1.0
290 229 174 272 278 250 252 1.0
282 284 277 1.0
256 276 1.0
228 237 176 150 221 1.0
178 163 183 1.0
292 171 172 237 275 181 280 158 1.0
196 232 265 170 169 173 215 187 252 1.0
162 168 201 234 269 174 275 155 1.0
241 171 1.0
186 171 253 1.0
276 228 1.0
208 162 294 1.0
226 250 208 186 219 1.0
160 291 292 168 240 278 217 250 155 1.0
292 150 159 1.0
228 209 243 247 280 1.0
161 233 271 275 157 221 1.0
296 282 236 205 1.0
190 247 1.0
234 258 157 1.0
288 234 171 206 242 213 281 1.0
288 265 284 182 1.0
298 295 1.0
167 299 171 235 219 220 1.0
258 230 263 198 201 246 216 217 1.0
213 166 1.0
259 168 175 181 213 184 283 152 1.0
256 227 233 298 206 153 1.0
192 291 195 279 186 254 1.0
192 248 292 270 175 272 184 185 255 1.0
227 265 238 176 274 245 184 219 1.0
223 180 213 183 1.0
208 227 182 1.0
289 162 234 272 243 252 189 1.0
277 250 165 1.0
256 196 230 231 264 169 180 220 191 1.0
151 155 167 1.0
252 244 183 1.0
172 244 1.0
192 227 166 1.0
224 271 293 215 1.0
193 258 203 236 270 249 189 222 287 1.0
176 292 263 1.0
198 167 242 218 159 1.0
196 261 205 275 214 279 1.0
259 167 266 176 179 1.0
274 213 150 173 1.0
226 242 167 1.0
265 228 241 1.0
224 260 267 172 203 210 255 1.0
193 196 298 238 244 1.0
161 163 164 231 169 265 180 181 287 1.0
229 263 200 238 278 1.0
292 199 242 244 287 1.0
271 245 249 154 159 1.0
192 193 164 232 233 235 175 214 286 1.0
185 294 1.0
176 242 1.0
294 233 214 1.0
227 265 271 278 215 153 282 1.0
153 231 173 271 272 152 281 157 1.0
168 275 246 247 216 1.0
211 207 1.0
224 188 1.0
296 203 204 200 1.0
192 204 205 250 251 1.0
256 293 166 218 171 176 180 246 154 1.0
290 200 297 180 280 220 159 1.0
164 228 231 221 255 1.0
231 167 268 244 184 1.0
161 297 219 220 254 159 1.0
240 289 195 292 1.0
192 153 179 173 1.0
202 286 263 1.0
294 298 243 150 156 1.0
225 260 1.0
267 284 1.0
161 194 232 212 279 249 154 254 1.0
192 230 251 241 155 1.0
257 225 207 175 151 185 183 1.0
275 245 203 1.0
160 169 175 179 180 276 182 1.0
193 291 197 230 150 252 1.0
169 212 206 1.0
224 228 294 231 233 172 186 1.0
176 163 251 1.0
193 211 207 1.0
233 164 277 294 1.0
256 289 165 265 235 175 187 253 190 1.0
160 196 235 172 206 249 254 286 1.0
257 260 175 176 150 183 156 159 1.0
182 254 1.0
256 242 292 168 1.0
248 193 194 196 267 268 206 175 152 1.0
292 228 201 238 176 210 244 155 1.0
251 231 1.0
229 236 240 178 156 157 190 1.0
194 233 238 179 254 1.0
172 293 1.0
293 199 235 212 250 188 1.0
280 258 289 165 171 239 212 216 158 1.0
193 196 265 299 210 280 250 156 1.0
185 282 169 158 1.0
176 219 238 191 1.0
202 204 173 231 1.0
290 203 207 212 284 279 215 220 255 1.0
162 292 208 211 214 150 250 252 253 1.0
161 166 209 179 181 280 186 1.0
272 247 279 190 191 1.0
184 173 231 1.0
202 174 219 156 255 1.0
195 230 169 170 201 276 250 155 1.0
224 209 190 215 1.0
291 299 178 188 212 278 252 254 1.0
160 194 200 171 243 157 249 253 159 1.0
209 258 1.0
191 258 290 295 203 216 252 157 287 1.0
195 266 171 250 175 154 189 1.0
172 221 1.0
211 214 175 1.0
168 268 271 214 215 185 1.0
291 229 233 236 243 276 188 1.0
166 298 267 176 213 181 216 219 1.0
193 226 208 176 181 152 250 219 1.0
195 164 235 156 178 215 250 188 1.0
155 292 206 1.0
193 203 172 239 1.0
288 193 225 169 241 179 180 277 185 1.0
155 269 222 1.0
228 229 295 268 211 284 246 219 156 1.0
161 258 227 201 267 211 152 285 1.0
171 156 197 1.0
161 196 177 248 249 184 159 1.0
168 161 244 158 1.0
280 175 1.0
262 296 174 270 206 241 274 246 157 1.0
229 266 298 276 215 1.0
162 230 205 181 246 282 1.0
292 174 177 242 245 191 1.0
256 193 163 264 265 189 1.0
290 263 243 184 155 156 1.0
197 166 270 181 189 1.0
198 272 179 279 248 1.0
261 264 265 171 174 254 1.0
293 170 241 180 253 1.0
172 269 240 241 186 159 1.0
155 228 293 173 1.0
291 233 235 272 278 186 157 158 1.0
256 197 299 240 176 1.0
227 229 204 238 151 285 1.0
225 257 234 236 271 187 1.0
224 161 175 215 248 151 155 253 254 1.0
235 197 1.0
186 219 1.0
152 298 155 1.0
161 262 230 276 221 287 1.0
226 196 272 283 275 217 250 155 286 1.0
210 275 243 1.0
257 289 235 210 220 1.0
226 258 150 1.0
229 263 201 235 175 181 150 213 221 1.0
259 150 247 282 190 191 1.0
299 291 188 247 1.0
209 162 190 270 1.0
153 244 183 199 1.0
257 290 171 1.0
259 217 282 243 1.0
227 172 270 242 281 1.0
161 163 229 167 173 277 246 151 223 1.0
296 192 237 215 1.0
195 228 249 167 176 153 186 188 254 1.0
211 236 150 1.0
236 252 239 1.0
201 242 252 221 191 1.0
224 162 280 157 223 1.0
282 244 218 283 284 189 1.0
209 227 174 1.0
255 227 232 266 173 209 187 286 191 1.0
237 179 213 182 216 185 157 1.0
291 294 201 272 223 1.0
180 284 228 1.0
169 282 1.0
162 259 198 211 183 279 190 1.0
195 235 240 178 246 283 285 1.0
162 261 199 266 205 207 217 285 255 1.0
258 259 276 214 150 183 1.0
226 266 273 274 275 218 1.0
160 258 200 204 249 1.0
152 201 226 207 1.0
203 210 274 244 217 284 1.0
198 264 204 155 284 1.0
161 198 218 234 233 207 248 153 186 1.0
258 167 171 180 278 154 251 156 223 1.0
248 266 163 174 1.0
226 163 212 151 1.0
195 165 169 211 276 249 189 158 1.0
267 228 261 182 1.0
288 198 239 274 251 286 1.0
161 266 174 176 286 1.0
289 167 174 207 271 243 184 154 223 1.0
176 190 1.0
191 227 228 202 171 214 155 221 287 1.0
233 269 177 154 187 1.0
297 170 213 1.0
199 297 202 237 208 240 1.0
271 277 165 1.0
266 239 246 271 1.0
179 268 181 1.0
176 170 180 1.0
229 198 202 178 244 182 183 1.0
230 263 200 167 172 240 242 179 222 1.0
197 296 275 180 279 185 157 286 1.0
209 298 233 279 1.0
176 175 287 1.0
298 189 182 1.0
228 237 271 217 186 1.0
200 241 250 221 1.0
260 261 229 249 235 209 275 185 221 1.0
292 218 180 215 186 155 252 285 1.0
257 165 240 244 185 1.0
193 207 242 246 189 1.0
161 169 201 172 173 213 182 153 1.0
161 283 1.0
261 239 247 249 251 223 1.0
259 230 263 297 298 151 185 1.0
281 285 262 1.0
198 208 241 249 252 254 1.0
256 200 266 269 213 150 246 283 157 1.0
159 269 151 1.0
258 163 207 252 159 1.0
208 271 1.0
193 226 229 165 247 183 187 190 1.0
161 165 234 210 183 1.0
152 205 150 1.0
228 294 1.0
161 259 196 1.0
240 278 1.0
219 269 214 255 1.0
256 258 227 233 172 214 283 1.0
192 225 199 203 177 187 221 190 287 1.0
292 233 171 271 187 221 223 1.0
289 292 176 208 274 1.0
270 182 223 1.0
169 162 265 1.0
200 180 253 1.0
171 222 206 295 1.0
227 206 152 282 155 285 1.0
261 199 299 179 281 1.0
200 297 167 1.0
171 213 1.0
260 166 199 296 179 1.0
176 267 252 230 1.0
232 217 186 1.0
160 258 267 235 274 251 220 1.0
224 226 264 171 269 210 1.0
163 279 1.0
257 161 170 171 272 274 1.0
205 215 1.0
294 166 266 210 283 284 255 1.0
169 244 285 206 1.0
203 212 173 1.0
164 158 1.0
289 191 262 271 276 215 284 255 1.0
226 165 298 238 175 241 216 252 157 1.0
224 229 167 274 158 1.0
153 230 191 1.0
272 206 1.0
224 161 195 200 170 203 173 248 158 1.0
166 236 251 188 276 245 246 219 220 1.0
249 165 1.0
297 166 1.0
283 230 1.0
161 258 228 286 1.0
264 265 176 278 249 1.0
295 155 206 245 219 253 1.0
212 292 228 1.0
248 168 266 242 184 251 1.0
193 295 266 202 236 207 153 1.0
289 197 295 231 264 269 275 279 1.0
170 293 182 1.0
258 275 1.0
192 225 163 227 272 208 242 184 282 1.0
216 271 157 192 1.0
160 199 274 213 152 281 283 1.0
296 202 285 1.0
152 191 1.0
296 169 1.0
170 234 271 209 181 283 1.0
195 260 264 271 177 213 153 189 1.0
256 225 288 193 164 198 286 1.0
164 229 202 267 270 215 1.0
161 167 232 171 238 177 1.0
292 169 237 178 277 158 1.0
291 164 165 169 172 240 243 182 186 1.0
248 275 1.0
289 165 265 268 278 1.0
217 266 182 246 1.0
225 229 206 271 1.0
256 162 268 270 242 157 1.0
257 222 1.0
223 231 201 173 269 273 274 275 159 1.0
160 162 234 154 1.0
193 194 205 273 179 157 287 1.0
163 156 1.0
274 180 1.0
169 299 204 235 239 240 279 187 1.0
280 153 1.0
192 225 164 262 295 168 244 191 1.0
258 295 168 206 176 177 214 279 280 1.0
192 231 175 246 185 1.0
208 220 196 238 1.0
227 294 201 206 240 277 250 159 1.0
297 235 269 274 185 189 254 1.0
288 166 199 276 153 1.0
192 257 292 232 233 201 299 271 214 1.0
230 264 232 269 270 182 281 282 1.0
163 297 173 239 241 181 247 1.0
258 259 196 267 236 237 187 1.0
299 206 270 245 248 1.0
209 243 150 246 186 254 1.0
280 158 1.0
249 210 204 172 1.0
256 193 226 296 175 217 188 253 1.0
188 294 1.0
289 232 270 242 152 283 157 159 1.0
192 225 239 177 243 277 251 286 1.0
258 290 194 262 295 169 235 277 279 1.0
168 214 1.0
289 167 277 150 217 189 1.0
256 289 226 183 153 1.0
257 291 164 294 170 246 1.0
179 214 1.0
288 259 196 233 176 180 247 1.0
198 235 237 245 277 248 219 1.0
258 170 299 270 245 217 218 191 1.0
258 164 269 181 219 188 223 1.0
218 298 293 1.0
280 269 1.0
166 299 269 210 214 284 221 1.0
229 204 206 175 241 212 276 279 1.0
192 164 264 299 180 247 252 285 1.0
193 264 175 272 286 1.0
257 162 229 167 233 234 170 180 249 1.0
160 257 290 262 270 180 1.0
266 174 211 179 159 1.0
248 197 166 1.0
224 251 255 1.0
280 181 1.0
164 265 170 266 240 282 252 159 1.0
160 260 297 177 251 1.0
237 173 271 272 244 277 217 1.0
164 229 165 170 178 179 153 282 285 1.0
265 206 150 278 190 1.0
192 288 198 263 235 220 1.0
258 262 297 265 236 242 278 182 155 1.0
251 204 166 295 1.0
192 193 185 292 198 295 242 243 249 1.0
225 199 266 203 178 1.0
198 231 168 240 273 181 248 1.0
288 297 234 203 214 1.0
187 285 1.0
162 226 233 238 182 156 1.0
260 229 262 207 209 273 154 1.0
201 180 1.0
257 162 291 228 185 270 183 281 1.0
267 159 1.0
178 280 251 284 253 1.0
288 263 176 273 182 157 158 1.0
224 290 168 298 210 1.0
153 266 284 1.0
160 267 269 179 153 253 191 1.0
220 277 263 1.0
249 230 1.0
193 225 166 199 297 242 180 157 1.0
293 165 272 245 185 1.0
233 227 156 238 1.0
225 227 230 215 216 187 157 1.0
207 244 245 216 154 156 287 1.0
257 170 286 1.0
224 291 164 198 237 219 254 223 1.0
193 258 161 295 268 177 221 287 1.0
291 267 272 276 279 155 190 1.0
196 203 270 239 177 1.0
288 257 205 174 151 186 191 1.0
178 258 220 1.0
248 242 1.0
161 289 227 193 265 174 214 150 285 1.0
192 259 282 211 186 1.0
229 296 264 203 243 252 222 191 1.0
264 193 154 158 1.0
164 263 279 281 186 1.0
191 202 213 263 1.0
163 207 245 215 158 223 1.0
256 225 241 217 157 222 1.0
259 292 260 234 208 153 1.0
240 217 268 159 1.0
290 167 203 176 273 241 180 150 1.0
225 195 293 171 276 188 223 1.0
258 299 269 239 176 283 156 1.0
262 232 236 242 277 279 185 255 1.0
260 293 295 266 203 211 1.0
240 289 1.0
217 250 1.0
162 198 167 202 269 240 176 178 152 1.0
230 263 233 267 181 220 1.0
161 294 167 237 208 177 211 280 1.0
192 257 228 236 172 270 214 285 254 1.0
288 180 277 181 278 1.0
198 297 172 238 179 276 284 220 157 1.0
192 280 195 163 298 174 210 216 251 1.0
280 260 197 295 200 184 283 287 1.0
193 227 293 167 178 182 151 159 1.0
186 165 167 1.0
289 292 232 296 298 184 189 1.0
160 167 235 238 272 274 251 1.0
263 235 185 284 285 1.0
288 202 245 1.0
280 190 1.0
193 153 173 207 151 248 217 190 255 1.0
225 194 201 235 212 279 158 1.0
216 245 1.0
257 263 264 267 275 249 1.0
186 167 1.0
225 229 200 169 170 236 1.0
160 260 198 297 234 171 275 180 221 1.0
224 168 173 240 277 183 1.0
195 182 153 186 283 191 1.0
225 226 228 292 271 250 1.0
258 188 221 286 287 1.0
289 186 221 247 1.0
193 199 265 152 153 218 253 1.0
177 227 1.0
160 269 182 1.0
192 291 260 198 278 217 189 1.0
194 226 292 294 210 248 152 223 1.0
162 197 169 202 244 182 1.0
288 185 234 267 1.0
295 263 1.0
192 195 206 275 214 278 1.0
224 295 167 235 270 271 281 1.0
228 261 199 269 242 212 248 281 1.0
280 279 1.0
155 221 262 215 1.0
295 243 280 217 250 1.0
264 241 215 216 219 287 1.0
265 235 299 211 1.0
197 263 269 244 182 281 252 190 1.0
264 270 180 249 159 1.0
263 236 180 249 285 1.0
195 209 180 214 216 187 223 1.0
249 282 275 293 1.0
229 166 295 202 272 240 184 281 218 1.0
160 295 232 199 234 299 173 216 221 1.0
162 228 269 185 186 254 223 1.0
203 188 295 175 1.0
202 279 1.0
235 222 1.0
196 229 287 1.0
288 229 239 241 178 221 1.0
163 196 262 241 242 251 1.0
226 169 171 241 213 281 1.0
290 195 292 201 170 173 216 155 1.0
210 299 164 244 1.0
225 196 264 271 209 242 178 214 1.0
262 298 235 210 243 282 155 221 1.0
288 181 1.0
196 263 299 277 215 1.0
259 291 240 241 246 282 1.0
291 165 206 207 179 250 251 1.0
234 165 1.0
224 197 296 270 247 1.0
164 292 262 295 171 268 176 240 1.0
280 288 1.0
293 182 1.0
225 197 200 171 237 182 1.0
259 198 1.0
162 255 1.0
232 215 1.0
165 297 171 203 178 215 219 158 1.0
225 202 269 206 178 213 1.0
292 294 1.0
211 222 1.0
291 167 201 174 213 245 279 220 1.0
169 291 193 211 1.0
204 238 150 217 282 1.0
264 169 203 173 243 279 221 189 1.0
203 236 205 216 217 223 1.0
264 204 223 1.0
172 269 270 207 237 241 253 1.0
162 196 294 269 175 185 154 188 223 1.0
256 273 281 250 284 1.0
193 226 204 214 1.0
224 257 290 164 274 219 1.0
169 266 299 184 281 250 158 1.0
