0 256 5 138 271 144 21 286 33 43 176 50 180 184 185 195 198 73 74 76 77 88 91 92 94 101 234 110 246 125 1.0
2 6 135 136 269 13 271 143 151 154 292 169 49 59 187 74 208 214 215 88 94 224 229 239 117 254 1.0
2 66 132 262 166 294 170 44 12 238 175 270 242 181 182 56 252 1.0
131 136 8 138 266 11 15 18 275 22 151 23 158 288 33 36 168 297 42 45 48 50 61 191 192 193 194 69 200 73 74 212 213 216 217 92 223 228 101 230 240 241 114 120 127 1.0
99 228 100 197 297 75 76 148 119 220 30 1.0
1 3 137 267 140 149 24 288 294 39 168 171 299 47 51 63 68 199 71 201 77 78 80 210 213 94 225 228 101 103 105 234 239 112 114 118 1.0
163 71 139 269 112 50 21 53 1.0
97 290 4 260 165 265 169 10 43 105 172 208 18 242 181 187 220 159 1.0
4 132 262 269 272 146 281 26 47 178 50 55 187 188 237 111 113 243 118 124 1.0
259 3 12 142 144 18 147 148 278 22 280 281 28 285 156 160 32 162 291 292 294 295 297 43 174 48 178 185 71 72 204 80 89 225 97 229 102 244 245 118 247 252 117 251 124 253 254 1.0
3 19 148 162 291 294 299 175 52 62 63 198 203 207 87 89 90 230 104 108 243 118 251 1.0
256 263 136 266 14 143 271 142 151 152 153 28 156 286 159 31 163 39 296 170 299 44 174 176 55 185 67 197 70 211 83 86 87 92 109 242 244 118 1.0
249 244 126 286 1.0
43 76 147 55 216 159 1.0
1 130 259 5 262 8 265 138 273 20 149 282 28 286 37 297 42 174 176 50 185 58 59 188 63 196 197 72 202 205 80 81 210 86 215 88 217 219 226 104 233 116 248 123 124 125 254 1.0
117 285 86 63 1.0
128 136 137 11 143 146 19 276 30 168 296 46 47 179 55 57 58 63 66 79 210 90 92 221 95 121 231 104 107 111 249 252 1.0
132 135 266 145 274 273 150 161 36 43 49 179 52 56 194 203 76 98 237 239 114 117 1.0
257 131 143 21 150 159 290 174 181 62 195 70 72 83 212 87 237 240 250 1.0
260 101 107 237 111 214 216 222 1.0
262 136 12 13 147 275 25 154 285 286 35 38 169 171 51 55 184 57 186 197 200 206 79 209 217 92 227 231 236 114 117 247 249 254 1.0
129 132 135 266 298 170 205 78 45 83 89 157 31 1.0
1 68 134 169 171 204 173 267 178 179 116 22 118 58 28 127 1.0
257 258 4 261 133 17 26 27 155 289 38 41 51 183 188 63 192 66 69 74 207 213 102 240 113 112 121 255 1.0
136 10 283 52 1.0
196 269 142 23 90 187 60 1.0
224 121 129 223 167 296 28 207 49 217 59 284 126 57 1.0
128 260 4 6 266 141 269 153 286 31 287 35 295 40 175 58 61 191 64 67 69 70 204 79 212 85 89 90 238 114 115 116 121 1.0
0 256 128 141 280 281 287 290 48 50 180 78 207 90 91 108 241 114 252 253 1.0
0 2 131 130 264 10 142 271 18 274 276 23 152 151 283 156 29 158 287 289 34 290 292 293 297 41 43 173 174 47 181 54 196 201 74 204 205 210 211 97 226 225 240 241 244 245 248 121 125 1.0
130 132 134 263 138 12 271 146 278 280 282 32 289 292 295 298 43 173 174 184 56 59 63 65 75 80 84 219 228 229 246 120 121 250 1.0
265 14 151 24 280 30 165 38 40 184 60 73 207 208 80 211 85 90 222 95 246 248 121 250 252 126 1.0
3 131 5 136 138 269 270 271 273 148 30 33 164 43 171 174 197 74 110 115 245 119 248 125 1.0
290 293 169 265 43 235 47 48 176 118 279 153 1.0
96 165 38 39 77 79 48 175 114 57 122 1.0
260 15 274 277 24 293 171 51 54 183 187 60 61 67 204 208 210 211 88 219 222 94 227 230 111 122 125 1.0
257 259 3 137 266 145 275 25 158 159 287 31 167 45 175 183 186 187 188 191 66 70 201 76 209 212 88 217 219 93 221 225 100 229 230 104 105 108 109 236 111 240 113 115 245 253 1.0
0 4 69 70 260 237 81 275 25 254 1.0
288 197 70 41 299 174 206 143 177 270 180 212 182 247 248 183 29 223 1.0
0 259 260 144 275 276 149 152 157 41 170 43 185 186 212 226 98 105 241 243 253 1.0
143 274 21 24 153 30 287 160 163 295 40 170 44 181 54 182 57 190 197 75 205 207 80 211 88 121 99 234 237 112 118 119 249 124 1.0
163 7 27 11 107 77 238 239 81 215 24 59 184 31 1.0
0 128 129 4 266 140 13 142 18 147 275 22 278 152 24 282 154 29 159 33 162 40 170 45 175 48 177 184 63 64 203 204 76 212 214 215 218 220 231 103 238 239 114 118 122 126 255 1.0
2 259 17 145 34 40 297 53 185 192 68 206 212 213 104 105 109 238 111 240 1.0
0 1 258 260 261 263 269 275 22 23 151 25 284 286 289 293 296 40 172 174 50 59 62 191 192 66 67 69 71 74 204 82 84 98 229 102 232 107 237 238 121 252 253 1.0
130 132 28 34 168 63 196 71 200 205 206 82 216 92 95 223 226 237 111 243 245 249 124 1.0
256 259 269 271 144 158 38 40 298 47 53 184 195 73 205 207 214 218 90 113 1.0
260 261 5 263 265 138 267 12 17 145 277 280 155 296 298 177 53 54 56 190 74 83 87 215 222 95 108 110 112 243 122 254 255 1.0
3 7 10 11 140 272 25 28 157 286 35 294 45 173 175 55 185 60 191 67 200 76 204 208 83 212 88 219 226 101 230 105 106 114 125 247 253 254 1.0
226 99 69 70 166 169 11 268 107 239 144 20 22 59 1.0
0 129 2 262 6 14 146 18 23 151 283 161 289 34 165 40 173 179 182 191 69 213 217 89 116 251 253 127 1.0
288 33 291 201 207 111 1.0
256 258 3 141 269 16 273 28 285 159 34 37 294 43 58 62 63 195 199 77 208 82 211 90 219 95 238 110 241 117 1.0
164 42 44 206 238 210 244 54 282 223 1.0
256 6 263 270 145 147 276 149 25 283 28 284 286 35 291 165 293 295 168 294 43 44 49 186 66 70 71 80 208 211 215 90 218 92 221 94 103 112 114 242 248 249 250 253 255 1.0
160 121 153 73 109 80 19 22 119 216 278 26 27 220 1.0
131 261 264 266 10 12 142 18 276 277 158 31 160 159 34 36 167 296 168 182 58 60 67 205 206 79 211 86 221 223 232 235 237 244 247 248 123 1.0
3 139 147 148 44 178 189 197 69 220 101 106 107 108 114 243 246 118 126 1.0
248 256 67 100 37 12 109 205 271 209 245 216 217 1.0
129 134 6 8 141 14 272 144 274 149 21 23 156 35 294 41 44 45 174 46 49 179 180 52 186 59 189 64 198 203 204 81 211 212 214 100 231 232 105 108 237 109 243 117 120 122 252 1.0
196 271 177 180 148 281 1.0
259 131 8 16 274 20 150 278 154 156 32 34 163 167 168 298 299 44 174 176 183 58 60 63 194 68 197 196 199 200 75 79 84 86 89 220 221 94 92 231 234 108 117 121 250 1.0
256 5 6 7 264 9 10 137 273 274 145 20 278 283 155 29 30 289 33 34 178 50 52 57 193 198 202 203 75 209 211 216 91 92 226 231 232 237 238 241 119 122 252 1.0
3 260 5 131 139 16 147 20 150 278 284 158 162 165 38 167 297 47 49 61 189 192 197 199 209 82 211 84 85 87 217 220 95 98 232 111 121 122 253 255 1.0
259 5 137 12 142 273 24 152 26 284 285 286 159 158 29 34 40 42 299 170 46 56 193 203 204 83 84 86 91 95 96 98 227 230 233 237 241 243 248 254 1.0
257 131 134 136 9 10 267 8 269 142 16 275 149 278 25 28 31 32 292 37 39 173 58 63 69 75 207 213 216 217 219 227 107 235 108 109 239 240 113 242 243 110 118 253 127 1.0
256 0 258 255 7 264 265 263 135 141 273 145 284 285 30 290 162 296 178 55 188 193 75 77 78 85 216 219 227 229 105 106 235 111 244 123 127 1.0
288 226 67 66 73 105 43 111 207 208 178 84 85 22 23 184 63 1.0
259 37 102 137 79 175 145 272 179 157 91 188 93 1.0
3 266 14 274 286 35 166 297 169 299 57 191 75 207 217 220 95 226 103 237 240 244 1.0
128 130 134 136 266 270 15 142 145 271 19 275 149 277 24 154 285 158 159 33 165 37 299 46 178 55 58 188 189 191 197 69 203 80 215 87 218 219 102 108 111 116 120 122 254 1.0
132 5 134 6 260 10 11 142 144 280 281 25 33 162 295 43 173 177 50 49 205 224 248 250 123 1.0
195 69 6 7 199 233 267 45 175 246 280 220 125 1.0
1 257 133 7 265 266 140 141 14 145 274 276 150 23 281 282 285 286 32 297 170 45 48 55 184 61 191 70 76 206 85 215 225 101 233 235 236 239 114 244 245 117 250 252 1.0
0 71 103 72 10 267 44 268 142 145 153 186 124 285 255 1.0
3 133 266 16 152 282 155 32 35 36 293 40 168 50 186 61 191 196 70 199 204 209 220 94 96 102 103 250 1.0
129 15 274 22 287 32 160 35 36 42 43 44 180 55 70 200 201 87 91 93 96 226 227 230 244 119 249 123 254 1.0
3 4 136 138 267 140 269 268 12 144 16 275 25 295 176 179 53 54 55 186 67 196 198 206 211 212 214 217 90 238 117 119 126 1.0
281 236 105 1.0
128 258 291 260 295 73 88 89 90 283 253 126 1.0
130 139 141 272 283 290 296 43 179 53 185 57 192 75 208 86 214 220 228 106 108 237 114 248 255 1.0
197 296 108 48 49 17 275 151 1.0
134 139 12 144 146 147 20 22 24 281 153 284 39 297 173 175 177 178 50 181 183 55 184 191 64 71 201 73 75 202 81 212 213 87 89 220 93 228 100 231 234 123 240 114 247 251 127 255 1.0
129 135 10 15 271 277 150 285 286 42 299 172 182 62 71 201 76 80 110 113 125 1.0
129 3 261 133 5 142 271 272 18 148 278 30 286 287 163 295 169 298 50 181 182 187 60 190 193 68 199 201 74 214 221 96 104 107 240 113 118 247 254 1.0
71 297 108 236 174 239 177 115 243 1.0
3 134 138 139 16 26 27 30 158 32 33 162 36 39 168 50 53 58 188 189 191 63 194 70 200 77 209 87 220 94 96 225 98 99 111 115 125 1.0
3 134 263 265 267 140 269 15 273 276 148 278 153 28 31 288 34 177 179 53 183 184 190 194 68 69 198 199 200 71 205 207 79 210 87 218 92 95 225 98 233 105 238 111 241 121 124 1.0
141 47 272 178 213 254 156 126 1.0
258 261 262 138 140 17 18 19 279 24 283 160 164 165 296 172 173 52 54 57 61 79 212 219 100 229 112 244 1.0
2 162 107 236 172 204 47 181 281 1.0
259 132 266 11 149 281 164 37 294 298 174 178 183 185 188 67 68 74 203 77 206 221 227 105 241 242 121 122 126 255 1.0
135 8 263 11 268 270 15 144 273 146 19 20 277 152 24 157 30 288 32 290 167 170 171 173 52 53 185 193 66 196 198 199 72 201 73 82 214 87 225 227 100 105 106 233 114 243 244 246 251 1.0
256 133 263 137 139 142 18 147 20 146 278 151 152 25 155 285 158 32 163 298 48 178 180 183 57 190 72 76 77 78 82 212 214 88 91 93 225 100 229 103 236 109 240 116 248 250 1.0
129 130 259 260 257 9 10 141 142 271 15 17 25 282 285 33 161 292 37 168 296 169 172 54 206 210 88 221 94 100 103 233 238 115 248 121 255 1.0
132 134 7 12 279 280 283 286 159 165 45 180 61 198 74 207 79 87 93 228 240 118 1.0
269 270 14 144 272 146 147 22 280 282 283 160 162 34 36 37 39 169 51 62 87 216 89 218 91 220 92 224 97 226 99 110 241 243 116 254 1.0
9 266 15 144 276 22 154 160 289 178 179 52 50 55 189 74 77 209 216 225 99 102 236 109 127 1.0
1 132 260 10 268 12 23 25 155 286 287 288 289 164 179 183 187 61 67 195 197 74 80 211 219 224 230 233 119 253 1.0
128 0 132 134 266 267 138 141 13 274 148 278 282 157 158 287 288 289 290 34 43 49 182 61 190 191 194 70 71 74 206 78 213 85 89 95 223 98 103 237 243 119 125 1.0
128 6 7 134 41 106 75 109 77 80 112 19 85 117 24 121 125 63 1.0
1 129 134 8 138 141 143 144 16 26 30 34 41 43 45 47 52 53 63 73 75 76 77 80 83 85 88 92 94 103 109 115 124 1.0
128 129 2 4 5 132 8 9 138 10 137 136 11 144 16 148 149 28 29 32 34 36 41 47 48 49 58 59 60 61 62 66 79 83 85 86 87 88 93 94 96 101 107 108 109 110 112 1.0
1 130 132 10 14 143 17 146 19 147 145 22 27 36 38 48 52 53 54 56 65 67 68 85 88 92 97 99 100 103 110 111 117 120 121 126 127 1.0
98 36 69 5 134 102 8 110 114 50 23 122 92 1.0
148 116 1.0
39 43 146 52 87 120 27 1.0
32 128 98 99 131 35 110 83 51 19 147 87 52 122 1.0
105 112 147 85 59 29 1.0
129 3 133 136 9 138 23 24 25 33 57 60 66 71 78 96 97 99 125 1.0
128 129 130 3 133 134 9 11 139 15 148 24 25 28 32 34 40 45 51 52 53 57 60 63 64 71 73 74 77 86 87 95 96 99 106 107 108 112 113 114 115 117 118 119 120 121 124 125 126 1.0
34 37 9 31 112 145 52 118 56 89 90 123 124 24 63 1.0
128 1 2 3 6 134 136 147 28 44 55 57 64 69 77 86 95 102 114 118 122 1.0
128 132 8 9 138 12 141 15 19 20 149 22 37 38 48 53 63 64 65 84 86 92 95 102 107 109 111 122 123 124 1.0
0 130 3 4 5 136 12 141 142 14 17 18 149 23 24 51 55 56 60 61 64 71 79 80 81 83 88 93 105 114 115 116 124 125 1.0
128 2 4 9 139 15 20 22 24 27 32 33 35 39 41 42 48 49 50 51 56 64 69 72 74 75 76 83 86 89 90 95 97 98 99 103 106 112 116 119 121 123 125 127 1.0
0 130 5 7 10 138 140 13 22 30 39 42 45 50 52 53 60 65 72 82 88 94 102 111 124 125 1.0
128 134 11 140 14 17 147 148 149 26 34 36 38 41 42 57 107 119 127 1.0
0 1 129 3 131 133 7 139 143 18 36 40 48 50 60 70 79 86 98 101 104 106 116 119 123 1.0
128 1 130 131 3 133 6 135 8 9 10 136 134 143 147 20 26 30 39 42 45 47 49 55 58 65 68 70 85 88 89 94 97 99 112 115 116 125 1.0
131 132 4 135 10 15 16 145 18 27 34 35 37 40 45 47 48 51 52 53 54 58 62 67 70 73 76 78 84 90 91 92 93 95 101 102 103 113 119 1.0
129 3 131 136 138 139 140 16 145 18 147 21 23 32 36 39 47 48 51 52 54 58 59 60 64 67 69 73 92 95 96 98 99 103 111 112 125 126 1.0
1 132 135 136 9 137 139 14 17 19 21 28 30 38 45 49 52 57 60 62 65 69 70 71 74 80 86 87 88 90 96 100 106 112 114 115 122 124 126 1.0
128 1 130 4 132 8 138 11 139 142 15 147 148 22 24 27 29 30 34 43 47 49 59 64 67 68 69 75 77 81 87 88 92 95 96 97 99 100 101 106 108 113 114 126 1.0
0 130 132 135 136 9 11 141 143 144 145 146 16 23 24 27 28 37 40 41 43 44 45 48 56 69 74 75 78 81 83 84 88 99 101 109 110 115 123 124 127 1.0
34 135 103 106 77 111 19 53 87 88 27 1.0
0 129 131 135 9 137 14 144 17 22 27 31 33 37 39 47 48 49 50 55 56 60 66 69 74 79 80 81 86 90 91 92 96 104 105 107 112 116 117 119 121 123 124 1.0
128 107 45 86 1.0
2 131 8 137 10 11 140 142 19 148 147 22 26 27 29 31 33 34 38 39 44 46 47 48 51 52 58 59 67 72 74 79 84 95 97 101 104 106 107 108 110 113 117 122 124 127 1.0
1 2 3 6 134 9 139 140 141 14 146 22 23 25 27 28 31 32 36 39 40 42 43 44 49 53 56 58 61 66 72 74 85 95 97 109 110 111 112 117 120 1.0
66 135 105 138 107 76 45 13 14 91 124 61 1.0
128 133 134 7 8 13 143 15 20 24 25 27 33 35 37 38 46 50 59 63 65 68 73 74 79 82 87 88 96 99 107 109 114 115 117 121 123 124 126 127 1.0
1 3 132 5 134 7 9 13 144 145 146 20 21 22 31 32 35 38 40 41 43 45 50 51 54 55 57 58 60 63 66 70 71 72 76 83 85 87 94 95 96 98 101 102 103 111 116 122 127 1.0
130 72 13 142 47 112 20 21 87 25 27 29 1.0
135 109 93 86 120 91 61 127 1.0
1 8 138 11 142 149 23 26 31 32 33 34 36 37 38 39 45 50 51 52 57 58 60 62 66 67 72 75 77 86 88 90 92 93 96 97 98 103 107 108 109 115 117 119 123 1.0
128 49 90 45 1.0
128 131 9 139 14 148 22 28 31 32 49 56 64 65 77 83 88 98 104 106 110 111 118 120 124 1.0
98 2 133 37 69 104 106 80 113 91 92 126 1.0
137 133 143 1.0
2 67 38 136 14 111 16 20 85 55 120 57 58 28 125 63 1.0
1 5 6 7 8 135 10 137 13 143 16 146 18 20 21 148 25 30 35 37 39 42 53 55 57 58 61 63 64 67 69 70 82 84 87 91 103 104 105 106 107 108 118 120 122 127 1.0
0 97 67 104 105 83 23 56 121 127 1.0
3 134 142 146 19 148 149 147 23 24 25 27 28 29 32 34 37 39 44 49 51 52 55 61 62 64 65 76 78 82 84 88 89 90 99 100 102 103 104 113 114 115 116 117 121 123 124 1.0
128 1 129 6 136 139 141 14 143 144 145 18 148 149 22 23 25 32 37 44 52 53 55 61 62 66 67 68 80 86 102 103 107 108 110 114 116 127 1.0
74 118 92 22 1.0
0 2 3 5 133 7 8 139 16 148 20 22 149 25 27 31 34 35 36 37 40 44 48 52 56 58 59 61 71 73 78 79 81 88 89 90 91 96 97 101 102 104 109 113 114 119 120 1.0
40 141 78 111 80 82 19 148 22 88 121 28 1.0
101 106 12 79 84 118 27 124 1.0
32 128 135 11 107 89 61 1.0
128 97 131 38 106 43 142 143 145 116 59 29 1.0
1 3 131 11 141 15 17 145 26 30 50 62 70 76 91 97 106 108 113 1.0
1 2 135 137 145 27 34 37 46 68 74 77 84 86 97 101 104 107 109 110 122 125 1.0
128 1 130 2 132 8 9 10 138 140 136 143 16 18 19 147 21 26 29 30 42 44 53 62 67 71 74 78 81 86 91 92 93 94 95 98 104 105 111 114 120 123 124 125 1.0
96 3 101 105 12 147 20 116 54 59 1.0
1 131 132 7 136 137 11 145 146 147 20 148 23 27 29 34 35 38 40 42 59 63 65 66 67 72 75 79 86 88 90 96 98 100 102 104 108 109 110 112 114 118 121 123 125 1.0
128 131 104 10 46 18 114 61 1.0
128 130 131 140 13 12 16 18 19 148 28 30 33 38 42 43 47 50 52 53 63 64 68 70 71 84 86 89 93 94 99 100 108 111 117 125 1.0
131 4 133 6 132 9 138 11 141 14 143 13 17 18 147 145 149 20 28 29 30 36 39 48 52 72 74 78 80 81 82 86 88 90 94 102 103 107 113 118 124 1.0
2 100 133 72 106 139 76 143 47 19 85 55 28 1.0
97 66 40 113 18 17 55 87 30 127 1.0
129 130 132 5 136 9 11 14 15 146 20 149 22 148 34 35 36 37 42 62 63 64 67 70 72 73 74 78 79 80 81 88 92 96 97 99 103 108 109 113 116 119 121 127 1.0
129 3 11 140 13 24 25 41 42 49 50 58 60 63 67 74 88 93 95 98 100 101 127 1.0
129 3 132 135 17 18 19 22 26 29 30 36 37 40 41 45 52 58 61 63 83 89 95 98 102 114 115 118 120 125 1.0
34 100 5 6 71 36 7 10 137 44 101 144 52 87 55 59 125 1.0
131 5 6 135 9 137 141 16 145 144 21 22 30 33 34 37 41 44 50 60 65 67 78 80 88 89 93 95 102 105 107 108 110 113 115 116 117 120 121 126 1.0
1 131 134 6 141 143 19 26 27 29 32 33 35 36 40 44 45 49 52 53 59 66 67 72 73 76 78 81 83 88 90 91 93 99 108 112 114 121 125 1.0
129 2 36 70 44 45 15 144 17 18 146 16 54 124 127 1.0
132 5 140 141 144 147 19 149 27 32 33 40 53 54 58 59 65 66 71 74 75 78 79 81 82 89 90 91 92 97 119 1.0
128 129 5 10 11 13 142 144 16 21 27 36 42 44 46 49 52 53 55 59 62 64 65 66 71 72 73 74 84 86 88 90 98 100 101 102 103 104 109 111 114 118 119 120 122 123 1.0
129 130 131 3 5 6 133 139 140 12 15 17 18 19 23 26 28 40 42 44 47 53 59 63 68 84 98 107 1.0
131 12 24 27 46 49 51 52 58 67 72 79 88 90 95 97 102 112 127 1.0
2 70 39 146 83 53 121 58 29 1.0
1 131 6 9 10 140 14 144 148 20 27 35 41 44 45 47 48 50 57 61 62 65 68 71 80 81 83 84 100 105 106 113 1.0
129 130 19 26 35 51 52 54 61 70 80 84 104 105 110 115 116 117 118 1.0
133 7 141 142 26 29 38 45 53 54 63 70 89 91 95 111 117 118 123 1.0
139 11 20 148 23 25 39 41 42 45 53 56 60 74 89 93 95 98 101 102 113 1.0
2 136 9 16 146 21 25 31 35 46 51 52 63 69 72 77 89 92 93 97 110 116 119 121 124 1.0
128 129 131 4 133 135 136 137 138 12 140 142 15 21 22 24 27 29 31 33 34 35 41 42 45 47 48 53 55 56 57 62 74 78 81 89 93 99 104 108 109 111 114 115 119 1.0
130 137 138 139 15 144 146 149 53 65 79 87 88 89 93 96 102 116 119 122 1.0
0 11 140 142 146 20 22 32 33 37 39 51 52 61 65 70 79 82 87 93 94 95 121 124 1.0
26 91 21 25 90 27 124 127 1.0
128 131 4 133 3 135 136 7 139 142 145 18 21 22 38 47 52 54 62 67 72 74 76 79 83 84 87 88 90 97 100 101 104 106 107 111 121 124 125 1.0
128 129 1 131 5 134 8 136 138 141 15 16 143 18 22 25 26 31 33 38 45 47 55 56 61 69 73 76 78 79 82 85 97 101 102 103 106 107 115 118 120 122 125 1.0
97 1 37 40 73 74 138 141 144 146 18 52 149 55 126 1.0
2 3 9 10 11 140 13 142 139 16 148 22 24 26 39 42 44 46 47 50 57 69 70 76 79 83 88 91 107 109 110 111 116 120 121 124 125 126 1.0
128 5 136 138 140 144 28 44 49 54 56 60 63 67 71 75 79 82 95 103 114 115 116 122 1.0
98 67 5 70 74 76 83 85 86 53 1.0
129 6 135 9 13 142 141 144 143 147 19 148 149 22 27 29 31 36 38 42 43 48 49 54 56 59 64 66 71 72 73 75 77 83 89 91 93 95 98 100 104 106 110 112 113 116 119 121 122 1.0
129 130 99 36 5 72 44 82 24 121 90 120 93 25 31 1.0
0 131 133 135 8 7 12 15 17 149 22 23 28 38 43 46 47 57 65 70 72 79 84 85 87 94 101 103 108 121 1.0
70 102 1.0
33 34 65 2 101 139 76 120 80 17 84 125 21 87 88 127 63 95 1.0
98 99 132 135 104 143 86 87 26 95 1.0
4 7 15 143 19 23 27 28 30 31 36 40 46 47 50 66 80 87 94 104 115 124 126 127 1.0
0 130 131 3 6 7 134 139 140 13 144 148 22 25 29 37 38 42 48 49 50 51 60 64 74 76 78 85 90 91 93 102 104 107 119 122 1.0
132 5 136 138 18 149 23 31 41 43 46 57 68 70 73 85 93 105 108 117 124 125 126 1.0
0 32 58 5 12 146 51 115 118 86 89 26 127 1.0
3 132 5 9 12 141 144 16 27 28 33 37 40 48 49 57 62 68 71 72 79 85 89 97 100 105 107 125 126 1.0
128 130 131 133 134 135 8 138 16 19 21 149 23 24 22 28 41 43 52 61 62 69 71 72 76 77 80 84 93 95 98 102 104 111 119 125 126 1.0
128 2 131 35 8 73 74 139 79 17 82 113 114 120 57 29 63 1.0
0 3 133 135 8 137 10 11 12 13 142 15 9 18 148 21 20 26 35 38 43 48 50 51 53 54 55 56 57 58 61 65 71 75 77 79 88 91 96 97 100 108 113 114 118 125 1.0
4 133 134 7 136 137 16 149 34 39 57 63 66 81 82 88 91 94 95 97 110 1.0
47 48 49 116 87 25 92 1.0
0 130 5 134 12 140 144 16 18 19 147 21 20 23 35 38 40 48 50 55 60 61 62 69 75 88 90 91 96 98 102 104 105 111 115 118 121 123 126 1.0
132 139 140 141 143 26 35 36 48 50 51 54 58 61 66 69 71 74 98 103 123 1.0
1 2 131 132 5 134 141 15 143 146 147 20 21 34 42 44 46 47 62 64 68 69 83 85 87 88 125 127 1.0
128 4 6 7 8 138 139 11 141 17 19 148 22 23 31 34 38 42 44 47 53 55 58 59 60 62 65 69 73 75 85 86 87 92 93 97 103 105 106 113 117 121 126 1.0
0 2 131 130 4 3 10 139 141 16 17 147 22 27 30 31 33 35 38 43 44 45 46 47 48 53 55 56 57 60 62 67 69 71 77 79 88 91 93 100 102 106 107 112 113 117 121 127 1.0
64 67 104 105 92 51 87 28 1.0
129 4 7 136 137 138 10 142 14 146 19 149 22 24 27 29 31 33 35 36 38 42 47 48 49 51 53 59 67 79 80 89 94 98 102 104 105 108 114 115 118 124 1.0
0 130 131 8 142 14 16 145 15 24 25 33 34 35 36 37 40 42 60 62 64 66 67 72 79 82 83 84 86 90 91 97 102 104 108 114 123 1.0
6 137 138 11 12 15 146 148 21 25 30 34 35 39 41 45 54 57 61 62 67 70 73 74 77 79 86 91 93 96 99 102 105 107 115 117 119 123 125 1.0
2 108 113 26 92 1.0
2 7 137 10 139 138 13 140 15 144 12 18 19 20 22 24 25 29 30 33 38 40 42 44 45 56 57 59 63 65 67 71 72 73 79 82 85 90 96 102 107 108 112 114 119 122 124 125 127 1.0
130 131 137 138 139 141 143 144 145 18 147 148 146 30 35 36 40 47 65 75 78 81 88 94 97 98 101 105 106 110 113 116 126 1.0
0 1 2 4 133 134 7 13 14 144 17 149 23 24 28 32 33 40 44 50 52 57 58 63 68 71 75 80 89 91 94 95 97 103 106 112 113 116 120 121 126 1.0
32 138 139 44 12 106 79 14 113 49 43 53 88 121 122 91 125 62 1.0
112 73 38 103 1.0
36 134 137 42 22 55 26 1.0
66 11 43 51 26 124 1.0
1 132 134 140 12 142 144 145 27 31 32 37 39 44 46 48 49 57 62 63 67 70 75 78 79 81 84 92 95 99 106 108 114 126 1.0
0 1 129 6 7 8 9 136 17 18 145 23 24 28 30 31 34 37 46 49 57 59 63 64 66 69 71 72 74 78 81 87 92 93 95 96 99 106 107 108 110 125 1.0
1 3 139 143 15 18 147 25 29 31 41 45 61 62 67 69 76 86 95 100 105 110 111 1.0
2 37 39 8 107 78 110 17 20 148 54 56 26 88 1.0
38 108 12 142 51 1.0
128 130 3 131 2 8 138 10 12 141 144 21 22 32 37 38 48 50 58 60 73 77 82 91 103 110 121 122 125 126 1.0
32 0 2 98 35 133 102 72 105 11 31 14 92 120 123 124 126 127 1.0
96 67 69 102 70 8 43 13 79 81 146 26 29 1.0
1 130 3 5 6 7 8 9 10 16 17 19 20 22 23 27 30 40 42 44 46 48 50 60 63 65 71 74 90 93 96 97 101 107 110 113 122 125 1.0
0 97 148 86 26 1.0
128 1 2 133 6 135 7 146 18 148 149 20 27 29 32 33 36 54 57 58 60 68 69 73 75 85 89 91 92 100 102 107 112 113 116 118 126 1.0
5 17 147 85 149 86 63 1.0
1 2 131 130 133 6 136 10 11 142 143 14 144 18 148 32 33 35 41 44 45 47 48 51 52 55 57 61 70 75 76 78 83 84 85 86 87 90 93 100 102 105 107 115 117 124 127 1.0
40 130 93 22 1.0
128 6 135 8 9 137 138 140 13 14 16 148 22 25 32 37 38 42 46 54 60 64 67 70 76 81 84 86 88 90 94 97 105 108 114 116 119 124 127 1.0
130 5 17 146 18 22 27 35 37 41 54 57 58 67 78 88 94 100 105 107 120 122 1.0
0 130 132 133 6 135 134 4 11 141 17 18 24 25 27 34 39 48 49 61 77 81 84 86 88 93 97 103 109 110 114 118 1.0
128 1 5 8 11 140 13 142 12 15 21 33 38 41 45 46 51 61 77 78 85 93 104 107 110 116 1.0
128 135 136 11 143 17 145 19 147 22 26 36 37 38 45 47 49 50 52 53 61 63 64 67 72 84 88 97 102 104 116 120 125 1.0
129 131 133 135 9 10 14 16 145 147 148 20 22 27 31 32 33 46 47 51 54 57 59 61 65 66 69 70 72 74 81 85 88 91 92 93 99 102 104 111 119 121 122 123 1.0
96 137 90 76 1.0
33 101 6 41 43 45 112 145 83 121 30 1.0
128 4 5 6 139 12 13 143 144 145 146 27 44 51 53 66 70 71 72 76 80 83 87 95 100 107 110 120 124 126 1.0
0 128 131 134 7 137 10 11 140 145 146 17 148 22 23 36 39 40 48 50 51 55 58 61 62 73 76 77 81 82 90 97 99 100 102 106 107 109 110 112 114 122 125 1.0
192 195 167 168 206 239 272 207 178 278 254 1.0
258 264 266 272 275 276 151 288 161 294 167 168 169 166 171 182 183 188 190 191 192 195 200 204 206 215 220 222 226 227 233 235 246 247 251 1.0
194 255 250 268 206 238 209 275 245 246 215 186 251 254 159 1.0
256 258 269 274 277 150 279 152 154 283 285 158 157 159 290 291 292 165 297 299 174 175 178 180 183 188 190 191 192 197 199 201 202 205 207 209 210 216 223 224 226 229 235 238 249 250 251 253 1.0
288 226 259 292 261 166 168 264 265 178 244 277 283 220 157 1.0
261 262 269 274 276 277 151 279 282 283 285 157 160 289 293 297 175 177 180 181 182 183 187 191 192 193 194 198 199 201 202 212 216 217 218 219 223 230 231 234 236 239 246 247 251 252 253 1.0
256 257 263 271 274 276 278 157 161 291 292 164 296 168 180 184 189 201 209 212 213 214 220 224 226 234 238 244 248 251 1.0
262 273 150 151 285 158 288 164 295 172 177 183 189 195 216 228 237 241 251 253 254 1.0
257 260 261 263 267 273 278 279 280 153 283 285 159 288 289 162 163 164 166 167 175 176 178 180 181 184 189 192 203 206 209 210 213 215 217 221 223 227 229 244 245 246 249 254 255 1.0
257 249 295 278 153 1.0
258 259 292 166 169 299 172 178 181 182 191 192 203 208 215 221 224 225 228 234 239 242 1.0
257 259 268 274 278 152 285 291 165 297 298 170 171 174 175 177 183 190 192 194 202 206 208 214 215 216 217 221 222 228 230 233 236 239 244 248 255 1.0
218 268 150 167 1.0
289 164 197 265 170 152 281 282 251 253 1.0
260 261 264 268 269 272 150 151 280 159 160 163 292 295 296 170 298 172 299 178 180 182 185 188 195 213 214 219 221 226 230 236 237 243 249 1.0
257 260 263 271 275 283 284 285 161 291 164 165 292 296 168 171 175 176 177 182 186 192 209 211 213 217 219 224 227 228 232 238 243 247 251 255 1.0
256 260 270 277 279 153 158 287 160 164 295 168 177 180 185 191 206 207 222 223 224 228 238 243 253 1.0
256 258 261 264 268 269 273 277 152 153 154 155 284 161 292 293 294 167 296 295 298 168 299 176 177 180 187 188 194 195 201 208 209 212 218 223 227 229 230 234 239 247 253 1.0
192 161 291 228 165 200 232 235 236 205 172 240 273 275 183 217 215 155 1.0
258 261 267 269 270 275 276 277 151 281 282 155 153 154 286 291 164 292 166 294 295 296 175 178 181 184 185 188 199 212 214 220 221 231 245 248 251 252 255 1.0
257 259 266 270 278 151 286 287 162 291 293 168 170 172 173 174 179 186 190 195 204 213 222 223 226 228 232 233 234 235 236 240 246 255 1.0
266 268 271 273 276 279 280 157 285 289 161 290 164 166 295 297 179 180 182 184 198 201 203 206 207 212 217 219 226 229 231 233 235 238 239 242 244 245 248 250 252 253 254 1.0
224 160 295 168 204 205 206 240 272 246 254 154 188 221 190 1.0
256 257 263 266 271 273 276 150 279 153 284 288 290 292 293 167 169 174 175 186 190 193 200 204 215 219 220 221 226 229 231 244 245 248 1.0
257 262 273 282 283 158 286 160 165 295 169 184 186 190 194 195 201 204 214 225 234 253 1.0
192 264 202 219 158 1.0
257 258 259 264 270 271 272 274 278 279 150 281 282 155 156 157 283 159 288 289 167 170 298 177 178 179 180 189 192 193 194 197 199 202 204 206 210 212 218 225 228 229 230 232 233 240 242 245 252 1.0
260 261 280 154 155 157 285 161 162 291 166 298 174 177 180 182 184 185 190 192 198 200 202 216 218 222 227 238 246 1.0
288 225 226 161 233 298 174 182 279 214 278 219 252 1.0
257 290 180 278 183 152 158 254 286 1.0
264 275 278 152 154 161 291 297 170 171 177 180 194 197 199 209 218 224 231 235 238 246 249 252 255 1.0
256 261 263 264 268 271 153 163 165 295 297 181 186 192 205 217 222 226 235 236 246 247 248 254 1.0
263 274 275 151 284 158 160 290 297 170 182 186 189 203 204 207 217 226 235 1.0
260 165 251 185 187 223 1.0
262 264 267 275 277 150 279 156 285 288 291 292 164 163 167 295 172 175 179 182 193 194 195 199 208 210 213 215 217 219 223 224 226 231 240 242 248 249 252 1.0
262 265 266 268 269 275 278 153 156 284 166 294 297 299 182 185 192 194 198 200 206 207 218 221 222 223 227 230 235 244 249 250 255 1.0
265 275 159 289 162 167 168 298 193 198 199 200 201 204 206 215 221 222 224 229 245 252 1.0
195 229 198 230 232 165 155 205 242 243 178 157 152 217 219 156 221 159 1.0
262 263 271 272 274 278 151 280 154 283 292 169 175 179 181 184 187 191 194 203 204 222 223 226 232 235 240 246 1.0
256 258 260 261 266 273 276 153 156 286 287 159 161 162 288 293 165 295 184 185 208 215 222 225 230 236 239 243 244 245 246 251 252 1.0
199 295 169 250 299 233 234 219 282 187 254 1.0
257 261 265 274 275 152 154 155 284 287 160 159 163 292 164 291 295 168 171 172 189 193 196 198 200 203 205 216 222 227 228 238 253 1.0
257 266 268 273 277 150 279 282 155 286 287 288 161 292 293 294 298 172 175 183 192 206 210 215 220 226 227 233 234 242 246 247 251 253 254 1.0
194 226 166 263 168 233 265 236 208 272 242 280 218 287 1.0
256 257 268 269 271 275 276 150 280 154 284 287 288 162 292 298 170 172 173 175 178 190 191 205 207 210 225 232 233 240 244 250 252 255 1.0
258 271 275 278 150 152 157 163 293 166 297 171 174 178 192 208 213 214 223 224 228 237 249 251 254 255 1.0
256 261 262 267 269 272 274 153 282 156 158 287 289 162 291 164 165 166 295 168 169 299 176 177 179 181 182 185 186 187 188 190 193 194 201 202 213 220 228 235 237 241 252 253 1.0
257 260 262 263 267 274 277 152 153 283 157 159 164 165 166 292 296 169 168 297 171 175 176 177 179 181 185 194 196 197 201 203 208 212 215 217 222 232 236 242 243 246 247 1.0
258 261 263 270 272 275 152 283 156 158 287 289 163 165 170 171 173 176 178 184 188 189 191 192 198 199 201 209 210 211 214 217 218 219 232 237 250 253 1.0
261 273 274 277 278 152 282 158 159 294 167 172 178 181 185 186 189 190 202 204 206 216 218 223 229 238 247 249 254 1.0
225 259 260 195 263 199 169 204 268 245 182 214 219 190 222 1.0
265 271 276 153 282 154 155 157 284 287 286 161 290 291 164 293 294 162 296 292 298 299 172 297 174 170 167 163 182 187 190 191 195 196 199 201 208 222 223 229 232 241 244 245 248 250 253 254 255 1.0
257 258 265 271 272 275 277 153 282 155 154 157 156 159 288 162 292 168 170 173 174 179 180 184 187 188 190 193 194 198 199 201 202 203 204 211 212 218 222 228 229 230 234 236 240 242 247 253 255 1.0
262 264 265 269 271 272 277 151 152 157 158 287 160 289 286 291 295 171 172 190 191 200 206 213 214 218 222 223 231 233 236 240 241 250 1.0
259 262 265 271 272 153 286 290 293 171 174 176 181 182 187 198 203 210 216 229 237 238 252 1.0
256 259 261 276 154 283 162 165 295 174 175 176 180 198 199 200 206 207 219 221 224 234 237 250 1.0
271 276 278 279 153 282 283 158 159 291 163 166 295 173 174 180 181 183 186 189 199 201 210 212 214 225 231 246 255 1.0
259 268 270 273 275 276 277 159 181 183 193 194 196 200 204 211 213 223 228 241 245 1.0
265 269 150 280 155 285 160 290 164 166 172 175 178 181 183 185 186 189 192 200 202 205 210 212 219 222 223 235 245 250 1.0
256 258 261 268 269 272 150 280 281 154 282 155 159 290 162 164 163 166 167 291 165 173 174 181 182 185 188 193 201 202 208 211 212 213 214 216 217 221 224 235 240 245 252 255 1.0
259 266 267 271 276 150 152 154 156 157 284 160 295 170 175 178 180 186 190 193 197 204 206 208 210 213 217 221 222 225 226 228 230 236 239 243 247 253 1.0
260 228 296 202 203 236 238 211 276 180 279 152 252 1.0
225 227 294 168 170 298 269 245 287 1.0
177 186 242 277 1.0
258 266 271 276 277 152 288 163 294 296 172 174 180 184 190 191 203 209 213 217 221 222 226 227 231 237 241 243 1.0
258 260 265 266 267 268 275 277 280 156 157 159 163 168 181 184 187 191 193 197 198 200 201 203 207 208 218 226 229 230 242 253 1.0
291 232 171 236 270 282 219 157 255 1.0
260 262 269 275 276 278 151 154 283 156 157 286 159 160 289 162 291 293 165 166 298 170 172 177 178 180 185 187 189 198 201 209 210 212 218 221 224 229 231 235 237 238 240 242 244 245 252 253 1.0
256 262 263 273 151 280 153 155 156 159 164 293 166 295 167 165 170 172 177 179 188 196 200 201 203 205 213 218 220 233 242 243 250 255 1.0
224 288 223 195 194 165 196 167 292 297 205 238 207 213 150 279 218 191 1.0
261 266 269 274 275 277 150 151 155 156 159 160 161 162 167 170 179 182 184 187 192 197 203 207 210 213 219 223 226 228 229 232 234 237 241 243 245 246 248 252 253 254 255 1.0
192 295 200 169 239 272 243 184 185 188 152 223 1.0
193 196 203 269 206 271 243 248 185 220 1.0
256 259 271 275 277 150 152 156 284 293 294 172 174 185 199 203 210 211 214 218 219 222 223 224 227 230 233 238 247 252 255 1.0
256 265 278 152 156 159 293 165 176 179 180 187 191 195 200 210 217 219 220 223 226 236 247 1.0
259 263 266 269 271 278 150 281 154 156 157 158 288 290 163 169 171 172 185 186 188 192 193 194 195 199 201 202 205 209 216 218 220 223 230 235 236 237 240 242 246 248 249 255 1.0
256 267 268 282 284 158 291 292 165 295 296 169 298 168 179 182 184 188 199 202 203 206 210 214 218 235 238 240 1.0
263 266 267 150 279 278 287 161 162 289 164 297 183 192 193 227 242 251 253 1.0
256 274 279 282 283 157 160 289 163 165 166 296 298 299 177 180 201 206 213 215 222 224 235 244 248 1.0
256 258 261 266 267 273 274 275 153 155 158 290 162 292 165 297 176 178 179 187 192 194 204 206 215 229 230 238 245 254 255 1.0
257 258 260 265 266 269 273 279 285 163 292 293 294 167 297 170 299 173 176 179 187 189 190 191 194 195 196 198 204 210 211 214 218 219 220 221 224 226 227 230 231 236 238 242 243 246 247 249 251 1.0
260 264 276 283 156 155 290 299 177 186 187 191 192 193 195 197 199 202 211 222 242 244 248 251 253 255 1.0
260 261 262 266 267 271 279 282 284 285 287 161 162 163 291 294 295 172 182 183 187 188 190 194 195 209 214 218 219 220 221 225 227 228 229 232 236 248 250 251 253 1.0
257 260 265 267 268 270 272 273 151 153 163 166 297 170 171 176 181 187 192 193 201 203 204 207 214 216 222 225 226 227 229 230 231 233 237 240 242 245 251 253 1.0
264 268 272 281 153 157 286 296 169 298 171 178 181 188 204 213 219 223 229 231 232 239 242 247 253 1.0
256 260 271 273 280 282 161 290 168 299 175 177 179 181 188 191 196 200 207 208 216 221 225 226 227 233 235 249 252 1.0
265 271 274 150 286 290 292 173 175 179 185 193 195 198 203 209 213 217 218 221 223 224 226 228 232 233 234 238 240 244 245 254 1.0
259 267 277 155 287 288 292 167 169 172 173 184 200 201 202 203 206 209 210 220 225 237 1.0
230 231 169 267 270 212 245 278 250 155 190 191 1.0
259 270 278 280 289 163 298 175 182 185 191 196 197 203 204 208 213 214 215 231 251 255 1.0
269 273 276 279 160 165 167 169 170 178 180 183 187 188 204 215 216 222 226 241 1.0
176 189 1.0
168 252 1.0
259 263 270 271 283 160 288 292 294 297 179 192 202 213 222 229 230 236 238 241 244 251 1.0
270 276 151 282 163 166 176 180 185 198 201 203 204 205 219 229 248 252 255 1.0
262 267 273 278 282 283 156 158 291 165 294 296 177 182 186 189 191 193 194 195 197 200 201 207 209 215 220 229 230 231 233 238 252 1.0
256 161 248 163 195 165 168 299 268 172 174 242 211 178 215 151 282 1.0
257 274 275 278 151 280 153 154 281 156 157 155 287 290 164 165 296 169 298 174 180 182 183 184 188 200 202 204 206 207 210 211 212 213 215 216 219 221 227 232 236 239 240 241 242 244 245 249 254 1.0
268 277 153 154 282 287 167 296 169 172 176 209 211 212 227 228 236 237 241 243 248 1.0
256 258 260 267 271 275 150 281 155 156 290 293 294 296 174 178 181 183 184 190 201 205 208 209 210 211 215 217 218 220 226 239 243 244 246 247 248 250 253 254 1.0
261 268 272 274 153 283 161 291 166 298 173 180 185 190 191 192 197 201 205 213 214 217 226 227 231 232 237 240 242 250 1.0
163 227 265 234 299 238 271 177 212 245 246 278 282 253 1.0
257 259 260 267 273 275 279 280 281 282 155 157 159 291 164 292 163 166 168 174 175 176 180 181 185 187 189 205 206 207 208 215 216 220 225 227 229 230 231 234 237 238 239 240 243 252 1.0
261 276 280 154 285 159 167 296 170 171 299 176 178 182 185 186 187 199 206 209 228 230 236 249 1.0
258 290 174 271 175 273 243 277 278 246 216 282 187 285 1.0
256 270 274 283 284 157 156 158 289 290 164 293 169 170 299 173 175 176 187 196 197 202 206 210 216 217 218 219 236 240 253 1.0
161 162 293 267 205 237 212 189 286 1.0
153 278 265 1.0
163 197 165 237 238 271 207 212 213 181 183 247 157 190 1.0
227 234 170 273 275 245 183 280 1.0
196 261 228 263 204 239 209 242 210 247 188 158 1.0
259 260 264 268 276 154 155 285 158 288 160 290 163 295 298 179 184 185 187 188 194 196 200 203 204 205 210 211 216 219 230 234 241 245 249 1.0
256 273 276 279 153 282 283 156 287 293 296 175 176 187 199 200 201 206 216 221 226 228 232 238 243 1.0
242 295 1.0
258 264 269 270 273 278 155 156 286 159 161 291 163 165 166 168 169 172 180 187 188 189 191 193 194 197 200 201 203 211 222 223 228 231 236 237 238 248 249 1.0
257 261 264 277 153 154 283 163 170 180 182 187 188 193 194 196 199 200 204 207 208 215 221 222 223 230 234 236 244 1.0
258 232 267 211 213 246 221 190 191 1.0
257 261 262 263 270 274 275 276 277 151 280 152 153 285 159 289 168 296 170 172 175 180 182 186 190 206 209 211 216 220 223 227 240 241 244 248 250 252 253 1.0
256 258 260 261 262 269 273 277 279 152 280 158 287 161 290 163 292 165 166 291 169 298 299 297 173 178 179 180 181 184 186 187 188 199 214 215 220 223 226 234 237 240 242 251 252 253 1.0
258 163 291 229 168 205 270 210 244 245 286 255 1.0
159 290 194 262 166 174 241 275 244 150 215 154 287 1.0
267 158 1.0
257 258 265 266 274 275 282 285 159 289 162 165 168 174 191 194 196 204 215 218 236 237 251 1.0
257 275 276 150 280 284 157 160 168 170 299 172 175 176 184 185 187 189 190 197 199 202 203 209 215 216 228 243 1.0
256 255 231 263 273 212 150 214 185 187 287 1.0
258 260 265 266 269 271 277 278 151 153 282 155 159 160 290 162 291 165 167 296 169 181 182 188 189 195 202 204 207 208 209 221 226 227 249 254 1.0
258 260 269 154 155 286 287 161 289 163 295 168 169 299 178 186 192 193 194 201 205 208 213 214 217 234 235 241 247 248 253 1.0
261 268 269 155 285 160 161 162 163 170 299 172 176 179 187 191 193 205 214 218 220 224 228 230 233 234 236 1.0
261 270 273 278 281 156 285 286 293 294 170 299 298 173 177 182 188 189 191 193 195 196 200 201 204 208 211 213 215 217 220 222 227 233 237 240 242 250 252 253 254 1.0
259 267 268 269 270 275 277 151 283 285 158 286 289 294 296 298 172 176 178 182 184 189 196 198 201 204 207 213 214 216 219 222 224 232 239 240 244 245 247 249 254 255 1.0
160 192 194 265 266 173 207 182 283 1.0
262 263 271 272 276 150 279 154 286 162 292 295 299 176 177 184 186 188 191 193 194 195 196 198 200 202 203 205 210 211 212 216 217 222 227 231 234 242 247 252 1.0
258 265 266 268 282 285 158 286 160 288 289 291 292 293 294 167 295 169 168 166 174 177 183 188 190 193 195 196 197 202 203 204 205 210 212 217 218 221 223 225 227 232 233 240 245 246 252 254 1.0
269 270 276 151 153 281 155 284 286 295 188 194 199 203 205 211 218 231 243 246 252 255 1.0
160 162 167 200 232 263 218 179 245 151 152 282 155 222 1.0
159 257 194 259 195 287 197 296 267 175 241 180 244 182 152 156 223 1.0
290 259 164 226 165 295 296 172 237 270 239 209 211 275 181 249 223 1.0
261 267 269 278 150 282 286 159 289 290 291 293 297 299 181 187 190 194 195 212 243 248 255 1.0
260 266 271 284 290 291 293 178 187 196 199 209 210 212 224 226 227 238 246 1.0
259 265 273 274 160 289 163 292 297 170 169 184 192 194 197 198 201 205 206 208 209 211 212 213 214 218 224 227 228 230 235 238 250 255 1.0
259 265 266 272 282 156 164 166 167 183 193 198 208 215 217 224 227 237 238 243 244 249 250 1.0
259 263 266 268 269 279 151 155 286 160 289 290 292 294 296 169 173 190 191 192 210 211 213 217 219 222 223 224 226 227 229 231 242 244 247 253 255 1.0
180 206 286 247 1.0
258 260 263 267 268 269 272 274 276 150 279 151 278 153 156 158 289 162 163 164 295 169 170 174 176 180 184 187 191 192 193 197 202 205 210 214 215 218 222 223 225 233 240 241 242 243 246 249 254 1.0
