2 137 144 147 20 283 284 161 37 173 55 184 198 74 210 105 234 233 243 244 1.0
258 99 34 262 135 102 282 299 112 84 118 55 214 26 189 62 1.0
280 170 106 44 13 17 179 184 121 56 283 60 94 1.0
4 134 8 267 143 273 279 152 289 161 164 43 174 184 187 201 209 101 106 1.0
224 230 75 270 283 1.0
0 137 266 139 274 275 152 282 159 32 161 34 291 163 37 45 53 56 92 222 1.0
65 4 37 13 237 60 238 145 178 245 151 124 1.0
256 162 261 134 42 11 140 236 174 52 56 222 1.0
14 16 209 17 152 155 1.0
33 99 230 200 72 9 236 140 14 207 16 18 184 91 127 223 1.0
3 268 273 274 19 21 22 283 28 165 62 197 87 88 216 239 116 120 251 1.0
102 28 294 1.0
249 46 1.0
105 42 171 76 173 21 158 1.0
5 133 261 72 298 107 13 47 112 50 23 120 90 95 1.0
128 288 162 163 165 294 73 10 76 205 175 118 54 281 250 187 286 95 1.0
128 257 265 138 268 141 270 143 22 283 177 195 197 73 208 215 218 116 254 1.0
35 26 122 199 299 43 14 49 55 58 93 254 31 1.0
89 42 163 108 1.0
288 227 163 101 131 295 134 233 108 238 208 210 147 150 119 218 94 1.0
39 297 11 110 147 217 252 1.0
240 140 262 1.0
261 294 75 177 216 1.0
292 299 275 216 121 157 287 1.0
266 135 1.0
291 68 37 200 171 140 239 146 155 220 1.0
69 41 139 237 60 114 245 186 92 95 1.0
160 232 265 139 43 107 111 82 53 118 117 185 283 92 1.0
291 131 231 74 173 78 142 48 111 114 275 212 244 248 28 1.0
258 67 99 5 133 100 232 170 45 219 46 22 55 216 91 285 126 127 1.0
289 34 97 228 197 71 10 270 83 213 27 1.0
257 292 7 232 170 139 298 234 270 240 272 210 85 278 183 221 30 95 1.0
289 292 133 102 260 73 170 106 172 250 47 144 80 242 211 243 181 90 1.0
0 224 288 100 261 230 106 142 175 272 48 207 49 220 217 250 60 157 1.0
289 290 133 262 70 48 50 211 159 1.0
267 4 150 55 1.0
161 33 291 164 232 265 11 111 175 82 284 213 215 183 59 220 1.0
161 292 294 136 72 140 115 180 24 249 1.0
224 163 230 9 202 204 238 175 115 212 116 214 283 124 285 1.0
256 196 4 70 235 18 116 279 120 249 92 190 1.0
195 167 207 275 20 217 1.0
32 225 34 99 6 71 173 110 237 254 56 158 1.0
129 226 274 63 1.0
5 138 143 114 117 186 59 126 63 1.0
128 129 258 2 5 142 145 35 40 171 175 178 182 187 189 194 199 72 105 1.0
288 66 103 42 113 55 119 280 247 221 1.0
289 1 132 263 136 231 52 154 1.0
65 258 3 292 136 72 233 77 174 175 79 119 53 215 185 156 1.0
288 161 129 166 240 275 244 247 1.0
289 195 45 242 211 180 182 58 123 1.0
32 173 239 49 117 150 124 1.0
160 131 67 293 261 133 35 41 267 14 273 17 114 55 123 1.0
249 283 171 17 1.0
294 200 42 43 205 175 85 182 151 215 189 1.0
292 133 298 12 112 89 90 284 1.0
288 1 269 141 111 147 243 86 279 184 121 27 93 126 1.0
248 141 145 49 21 280 1.0
290 194 107 146 247 187 92 127 1.0
224 129 4 263 264 40 46 241 51 214 218 1.0
80 73 288 1.0
198 48 213 149 28 1.0
69 197 51 148 20 216 284 95 63 1.0
128 162 260 38 297 106 75 170 144 115 182 152 122 1.0
34 163 260 268 77 81 209 86 123 220 61 287 1.0
96 225 259 68 134 167 298 204 15 144 178 50 211 150 23 59 1.0
193 291 73 250 108 174 207 24 282 92 29 127 1.0
32 33 128 259 4 293 165 231 193 299 108 18 276 279 216 217 93 287 1.0
0 1 34 69 230 10 14 175 176 25 222 1.0
97 293 262 231 199 265 75 48 178 279 24 185 120 62 1.0
0 261 134 135 9 298 73 74 237 142 105 78 18 53 22 155 159 1.0
288 161 134 231 105 108 143 175 117 22 183 153 283 157 1.0
256 162 66 135 263 75 12 45 269 240 156 177 115 248 26 27 124 1.0
192 287 37 6 70 172 187 76 251 272 274 179 246 88 24 123 31 159 1.0
66 3 194 34 104 265 110 84 24 26 60 94 1.0
34 285 1.0
259 4 111 16 115 276 254 249 90 158 1.0
282 123 171 1.0
289 168 137 139 53 87 279 126 1.0
292 229 6 104 138 268 252 189 1.0
226 259 195 98 70 166 227 135 172 78 50 82 85 149 284 159 1.0
193 297 204 108 111 272 143 144 210 152 123 252 190 1.0
226 3 260 38 134 231 235 82 244 87 58 221 1.0
32 33 3 293 135 72 233 8 76 238 116 157 189 285 61 126 1.0
64 193 161 290 103 171 175 16 19 87 247 59 254 1.0
129 259 260 230 137 250 170 174 14 82 21 53 181 153 218 59 1.0
33 265 233 235 11 207 212 117 86 182 91 93 94 1.0
194 266 236 50 127 1.0
257 50 132 215 1.0
289 35 196 249 138 299 269 60 278 25 124 222 1.0
137 233 238 15 152 214 184 60 189 1.0
290 260 133 202 52 1.0
1 194 270 83 250 61 1.0
98 194 294 230 299 173 111 81 153 61 1.0
100 101 238 1.0
193 228 196 198 40 298 235 138 46 240 177 277 119 217 60 1.0
34 291 39 73 234 203 112 273 176 58 156 221 94 1.0
256 290 3 58 7 71 139 267 207 19 243 85 150 218 1.0
289 294 141 143 177 113 119 183 26 1.0
228 17 178 218 155 287 1.0
264 154 296 45 46 51 54 196 68 72 201 74 202 84 219 102 233 242 126 1.0
69 38 296 105 266 265 108 13 201 272 83 212 252 278 280 122 156 158 1.0
288 225 65 192 143 149 182 277 153 31 1.0
160 229 167 103 267 107 75 173 15 140 273 18 187 284 1.0
162 223 4 197 5 39 217 141 208 114 19 277 25 27 188 95 1.0
195 294 38 40 201 11 299 173 267 208 112 51 180 213 25 123 1.0
229 294 146 182 279 1.0
98 226 69 101 104 78 238 240 51 115 116 25 283 1.0
193 201 209 87 30 1.0
295 296 297 298 7 204 9 123 143 113 51 212 181 30 254 59 93 222 1.0
225 36 229 43 110 112 82 148 22 27 222 1.0
261 138 269 15 18 275 153 155 284 162 36 293 167 43 179 53 77 80 211 214 1.0
64 101 232 43 76 141 142 78 175 220 54 185 188 189 222 1.0
195 163 69 294 295 103 228 229 241 146 275 179 181 277 28 62 1.0
34 165 73 235 155 178 212 117 216 187 1.0
64 294 169 73 44 78 115 182 215 248 153 186 220 222 1.0
128 227 67 165 294 231 200 292 109 116 88 185 218 95 1.0
289 193 259 100 263 8 270 238 241 82 145 180 212 218 253 1.0
128 292 197 37 44 142 175 80 273 18 274 82 276 182 216 185 1.0
257 67 131 261 198 266 43 10 45 76 48 54 55 86 186 190 1.0
225 226 195 132 5 198 263 231 39 145 178 52 213 247 221 254 286 1.0
164 8 235 75 43 108 143 238 179 56 216 184 223 1.0
194 226 7 135 264 106 268 175 124 49 273 53 56 60 95 1.0
225 292 69 41 238 15 23 217 218 286 1.0
3 165 167 232 201 16 50 146 149 120 281 59 287 1.0
128 33 132 261 260 204 240 210 147 278 279 157 222 1.0
0 185 199 168 275 116 212 152 57 156 24 1.0
86 94 166 87 1.0
140 15 16 272 273 281 36 168 46 54 182 200 74 83 96 97 230 233 238 248 1.0
64 192 131 295 201 42 139 204 11 234 175 144 73 12 94 1.0
264 14 21 32 291 293 43 179 59 60 67 69 74 205 218 100 114 245 120 1.0
160 161 290 1 258 165 166 167 8 104 234 39 268 172 98 271 201 183 1.0
129 194 99 101 76 269 146 148 149 26 220 189 1.0
97 131 38 166 73 75 15 50 187 189 1.0
0 136 203 172 173 208 21 1.0
32 194 209 157 30 1.0
258 194 233 172 86 250 123 1.0
230 40 276 20 280 154 59 1.0
129 261 200 138 111 209 61 118 58 29 158 1.0
2 272 281 158 31 30 161 40 170 57 59 62 195 220 221 103 108 237 242 1.0
32 257 258 5 75 172 269 110 145 178 275 181 182 279 218 189 255 1.0
225 33 194 101 9 138 73 173 270 174 273 22 154 1.0
137 139 270 277 154 155 34 164 294 297 185 57 193 197 74 82 214 241 249 251 1.0
65 296 267 236 82 186 1.0
256 149 1.0
256 264 233 45 114 189 1.0
166 295 71 280 24 287 1.0
165 135 169 216 271 148 152 26 31 255 1.0
132 228 135 233 115 54 1.0
194 101 263 233 298 10 269 205 207 150 278 152 87 56 157 1.0
96 193 290 64 66 281 234 171 15 50 115 149 182 118 213 151 122 191 1.0
130 291 68 264 106 298 74 205 46 235 273 1.0
20 281 26 166 39 49 177 181 186 191 192 207 208 81 99 114 242 246 122 1.0
28 84 247 1.0
130 37 263 295 266 269 239 47 19 1.0
1 101 172 111 241 84 182 184 222 94 1.0
3 67 266 75 173 142 16 144 80 148 116 214 184 282 95 1.0
259 10 11 266 141 14 142 279 156 38 167 296 189 210 93 94 224 228 244 123 1.0
290 17 148 55 122 1.0
192 0 162 102 263 198 266 245 284 223 1.0
74 158 262 1.0
160 3 261 122 42 274 83 242 278 56 94 90 158 1.0
262 106 171 299 207 16 115 245 248 250 29 223 1.0
193 98 197 230 6 249 232 74 40 202 175 208 151 217 287 1.0
186 26 1.0
3 100 112 84 215 89 1.0
297 201 139 175 80 47 188 178 276 53 211 24 25 27 92 95 1.0
257 261 7 170 266 268 141 79 16 81 18 117 23 56 250 124 63 1.0
129 213 222 1.0
4 239 1.0
195 227 3 166 68 9 138 266 45 109 175 144 119 90 29 190 286 1.0
223 101 6 90 237 174 78 54 281 58 158 94 287 1.0
32 194 133 169 138 111 177 85 117 286 1.0
276 149 44 1.0
100 70 203 108 237 238 211 22 121 1.0
3 6 138 11 150 156 37 295 43 173 60 75 209 88 93 222 226 228 111 251 1.0
257 83 149 183 91 1.0
104 88 204 1.0
289 66 163 68 262 167 263 234 45 145 19 148 85 279 152 251 1.0
0 225 229 294 39 200 234 266 268 16 24 95 1.0
140 182 127 1.0
130 265 270 144 145 275 22 152 24 25 298 44 61 189 63 70 220 223 115 1.0
257 202 170 106 83 147 88 1.0
289 196 101 294 262 171 81 82 20 158 1.0
198 232 210 115 84 87 56 216 29 127 1.0
291 165 6 296 266 12 14 1.0
1 3 233 234 11 177 50 243 181 152 93 1.0
195 260 36 259 134 264 291 270 142 243 147 247 253 124 93 1.0
208 281 46 265 1.0
265 25 282 284 31 164 168 169 55 189 200 202 77 207 208 80 90 98 101 123 1.0
98 100 169 44 81 29 181 85 278 53 285 1.0
216 25 23 1.0
97 162 163 132 69 102 73 139 12 171 1.0
97 71 78 179 212 91 188 61 1.0
129 131 136 268 145 297 45 173 178 183 184 60 64 78 79 85 105 116 248 1.0
6 136 72 268 174 15 124 14 274 83 52 180 84 189 93 26 28 285 1.0
32 288 2 36 69 100 17 218 187 220 285 1.0
96 289 35 266 153 1.0
162 290 165 232 241 211 55 59 1.0
1 7 145 26 291 169 174 49 178 52 185 195 74 78 88 94 103 105 233 240 1.0
288 193 226 291 225 197 101 168 298 45 271 273 178 83 214 284 95 31 1.0
67 231 137 138 11 139 234 75 271 208 51 90 91 254 1.0
34 194 134 71 10 138 112 254 159 1.0
2 262 135 234 107 139 12 270 271 80 18 178 245 25 187 1.0
280 292 4 199 232 8 106 104 76 77 208 53 247 216 123 188 191 1.0
69 262 71 232 137 233 171 201 45 102 117 21 58 223 1.0
194 294 199 44 110 16 177 280 126 283 222 1.0
1 236 13 108 18 281 93 94 223 1.0
116 74 228 1.0
34 67 139 269 110 276 218 126 1.0
129 7 264 140 281 285 33 167 41 48 51 55 57 59 196 83 100 235 122 124 1.0
162 35 264 233 42 137 139 216 78 245 95 24 153 154 28 94 286 1.0
288 192 256 289 133 69 37 76 204 109 271 187 113 210 211 154 123 254 1.0
160 133 154 8 169 139 174 111 240 177 114 79 184 26 1.0
256 195 298 271 277 23 1.0
128 258 135 266 138 156 291 167 177 53 188 191 200 85 227 100 238 112 244 120 1.0
265 266 10 23 288 34 44 173 52 53 65 198 71 199 83 86 97 230 232 120 1.0
66 194 231 296 105 263 173 46 143 48 112 83 121 1.0
146 91 236 5 1.0
46 206 1.0
128 4 264 269 278 30 295 169 44 50 51 186 58 191 197 94 228 242 246 1.0
160 129 291 165 70 69 294 197 167 266 140 205 177 145 114 116 150 283 1.0
225 165 199 72 40 78 277 181 156 1.0
32 131 197 232 105 268 112 211 218 283 95 1.0
192 194 35 258 259 6 166 72 73 137 200 77 237 240 182 215 221 29 1.0
193 163 298 172 277 184 28 1.0
258 297 42 269 18 84 182 58 254 1.0
0 8 76 173 78 209 116 86 30 255 1.0
256 64 121 225 9 10 15 49 82 54 183 185 250 221 1.0
225 2 262 1.0
67 41 139 144 215 218 219 253 286 31 1.0
216 195 103 1.0
36 79 48 23 247 88 251 1.0
5 8 297 233 235 51 211 248 1.0
0 130 134 136 270 271 147 292 171 51 181 187 190 191 209 96 109 245 117 127 1.0
267 14 181 246 185 126 1.0
128 229 102 167 10 234 268 141 12 238 109 117 216 153 57 158 223 1.0
192 225 194 153 100 262 199 41 269 175 15 210 115 185 250 220 61 1.0
152 117 208 1.0
0 192 291 196 165 11 205 50 183 281 60 157 57 1.0
289 234 43 76 77 144 159 1.0
128 3 259 11 271 19 21 283 42 175 187 78 206 219 94 100 231 237 245 126 1.0
160 226 99 100 265 109 77 111 79 49 175 239 209 180 60 222 1.0
224 128 98 3 160 37 165 102 264 42 204 272 17 273 213 55 31 1.0
125 262 1.0
199 9 16 117 249 218 255 1.0
128 3 7 15 277 296 42 177 182 184 185 195 199 205 78 215 87 230 239 247 1.0
256 295 299 171 43 174 213 60 29 1.0
128 193 0 292 134 174 175 212 53 20 87 216 25 126 181 150 222 1.0
131 263 8 157 289 47 181 185 68 205 207 213 87 217 91 95 224 113 117 255 1.0
80 222 1.0
64 98 4 102 7 143 83 22 56 59 1.0
102 41 141 16 85 118 89 26 1.0
129 44 114 118 88 92 95 1.0
38 104 80 17 18 114 52 48 24 25 125 1.0
7 105 106 17 18 1.0
64 98 34 4 69 103 75 44 77 14 46 144 145 80 112 20 1.0
136 73 76 148 20 118 121 31 1.0
69 38 104 110 119 1.0
130 37 6 20 149 1.0
64 55 1.0
97 68 104 43 76 93 1.0
4 60 145 149 124 1.0
96 1 64 0 133 102 103 71 137 41 83 118 57 90 1.0
122 51 12 92 1.0
88 99 28 141 1.0
1 101 69 138 20 54 88 89 1.0
1 97 100 138 11 82 87 56 60 31 1.0
72 37 1.0
34 100 7 10 76 16 51 1.0
96 1 130 133 105 43 13 48 145 19 84 116 54 22 58 1.0
0 34 3 100 37 104 9 42 75 76 81 149 86 117 90 1.0
112 12 38 1.0
128 34 68 132 38 74 139 80 112 20 117 54 23 149 121 27 93 1.0
132 133 71 42 45 109 143 46 49 114 110 81 53 117 88 123 1.0
98 67 83 149 23 1.0
37 71 44 117 124 125 1.0
2 131 68 101 5 104 140 14 144 80 50 49 22 123 1.0
131 73 79 80 17 56 26 1.0
121 44 71 92 1.0
131 10 142 144 146 149 25 30 36 40 45 50 60 75 98 99 112 124 127 1.0
35 131 72 139 12 77 79 16 82 20 53 86 22 25 57 1.0
41 140 13 14 50 1.0
68 137 77 121 62 1.0
66 71 103 10 53 22 56 62 61 30 1.0
96 65 100 7 81 17 21 119 1.0
132 133 103 28 110 60 144 146 53 24 121 56 124 31 1.0
136 72 41 140 143 145 18 125 53 29 95 1.0
112 19 45 22 1.0
135 77 111 25 92 61 62 1.0
96 33 98 34 68 32 37 140 12 48 49 146 115 19 23 120 124 127 1.0
3 135 141 143 20 29 39 41 45 60 63 79 87 91 92 98 106 109 123 1.0
0 128 97 34 90 102 122 73 108 50 19 149 121 58 91 124 125 62 1.0
0 98 131 69 135 141 118 119 22 1.0
17 98 9 1.0
5 8 41 104 140 143 145 125 22 120 93 126 1.0
89 7 75 139 77 14 112 146 121 90 124 1.0
128 131 67 101 110 24 92 1.0
128 5 133 135 107 108 143 144 23 85 54 118 56 87 27 61 126 31 1.0
0 38 74 44 78 82 83 53 86 55 90 27 124 93 30 1.0
128 36 38 142 14 126 1.0
134 106 44 110 114 21 55 1.0
32 105 91 69 1.0
96 37 134 73 75 139 14 47 16 49 78 85 21 86 57 60 31 1.0
96 35 7 39 104 108 77 142 13 80 17 19 123 28 1.0
96 4 101 37 82 114 86 92 126 1.0
70 107 142 79 60 1.0
129 9 11 139 143 17 18 48 59 63 65 69 74 85 90 99 105 110 113 1.0
80 105 48 100 1.0
32 65 3 4 103 9 43 140 110 82 93 87 28 125 1.0
136 96 21 31 1.0
43 76 14 1.0
0 89 1.0
70 104 138 48 18 58 1.0
64 2 5 137 106 141 78 142 144 17 52 149 89 26 60 1.0
122 27 131 1.0
0 33 2 101 102 73 13 15 143 113 52 21 119 87 122 91 1.0
130 6 10 76 84 1.0
1 35 68 133 9 11 147 148 117 24 25 28 1.0
2 3 134 11 141 143 145 19 44 47 60 84 89 104 108 111 120 121 123 1.0
88 75 20 1.0
64 97 131 5 133 13 46 61 19 117 86 29 1.0
65 37 70 101 42 75 15 145 82 22 24 25 122 29 127 1.0
144 104 120 38 1.0
113 114 6 7 1.0
0 131 68 104 46 111 78 145 51 29 1.0
71 105 107 11 110 142 16 17 148 86 90 31 1.0
4 12 108 15 80 114 24 95 1.0
64 71 136 106 43 54 28 1.0
129 65 6 103 40 41 9 75 139 143 17 114 145 21 125 1.0
128 129 96 36 100 39 105 138 47 21 86 53 90 28 1.0
34 66 134 104 137 10 73 76 12 46 13 18 149 86 119 24 1.0
128 130 138 85 24 57 125 1.0
96 5 37 104 73 45 78 111 47 145 114 148 25 89 63 94 57 1.0
36 5 103 106 44 78 15 80 49 146 113 21 118 88 127 1.0
129 2 3 39 9 139 12 77 13 116 22 94 89 58 60 30 1.0
11 131 93 55 1.0
3 101 73 127 14 48 85 149 118 88 59 92 31 1.0
131 100 71 138 78 111 80 81 113 115 84 147 118 88 123 93 62 1.0
3 68 1.0
99 59 1.0
129 34 100 70 72 41 46 143 148 117 122 94 127 1.0
1 42 1.0
1 97 4 68 7 40 106 123 107 112 146 148 120 58 91 1.0
65 1 67 3 69 134 47 114 117 54 119 60 1.0
125 21 1.0
1 130 132 6 8 138 11 140 146 26 34 41 47 56 68 72 79 90 95 1.0
98 40 42 107 109 77 80 50 147 23 83 55 57 58 60 95 1.0
32 1 2 3 4 101 39 71 105 106 12 47 117 53 87 126 1.0
33 70 136 75 51 149 123 1.0
33 102 8 10 138 12 82 20 85 119 122 1.0
128 97 135 72 106 75 10 139 82 83 88 57 94 1.0
131 36 39 142 78 60 95 1.0
136 91 20 94 1.0
64 130 99 138 107 108 148 120 92 63 127 1.0
64 128 132 15 28 1.0
33 34 37 70 39 73 78 48 49 116 85 24 60 95 1.0
100 133 7 104 136 9 73 13 46 14 48 18 115 148 114 54 86 116 1.0
1 66 70 71 7 73 13 15 112 50 51 115 20 61 1.0
70 39 103 84 23 89 26 29 1.0
121 60 109 1.0
101 70 135 12 109 48 21 61 30 63 1.0
33 40 54 57 122 1.0
100 101 90 7 145 122 1.0
66 102 10 43 141 13 145 113 26 125 1.0
32 133 39 9 106 41 12 77 108 111 89 1.0
96 33 3 68 103 72 9 137 11 43 13 48 18 148 21 125 1.0
0 132 133 137 14 25 26 27 31 1.0
132 7 136 141 14 143 19 24 33 38 49 52 71 72 81 103 104 122 123 1.0
89 130 2 133 134 41 74 45 46 16 113 50 49 84 54 120 25 1.0
64 1 37 8 11 44 108 79 144 115 23 19 119 57 93 25 1.0
60 22 1.0
140 112 22 23 123 95 1.0
120 49 1.0
128 2 100 134 39 40 11 77 46 111 144 119 21 86 87 24 92 30 1.0
89 65 3 100 5 136 138 107 11 45 112 145 81 83 120 25 123 95 1.0
128 132 38 70 41 107 108 79 16 145 49 147 20 85 21 52 1.0
19 55 1.0
67 68 5 6 101 73 137 140 110 144 118 119 86 60 95 1.0
65 70 39 81 49 53 90 27 1.0
35 132 67 104 137 11 141 78 48 49 19 116 31 1.0
128 2 134 6 14 143 17 20 48 52 57 61 62 76 93 101 103 113 121 1.0
131 73 79 21 85 55 90 1.0
131 134 138 74 44 111 47 120 26 127 63 1.0
89 2 51 62 1.0
49 118 41 1.0
98 133 102 82 53 118 26 59 1.0
128 35 38 111 1.0
32 133 102 8 72 74 13 79 80 115 51 149 24 25 122 123 95 127 1.0
1 130 4 103 9 107 13 60 92 111 84 117 56 27 31 95 1.0
128 97 100 103 73 47 82 54 60 93 1.0
2 67 35 99 40 15 17 55 1.0
97 34 36 37 7 72 9 73 27 109 79 124 146 51 149 91 28 30 1.0
1 4 6 85 59 29 1.0
96 133 71 139 50 23 149 55 119 123 1.0
42 60 125 1.0
134 6 40 103 13 142 112 148 22 119 121 92 1.0
64 97 69 41 106 10 44 47 113 17 149 22 94 1.0
98 99 68 5 70 9 48 20 117 56 93 1.0
32 99 37 9 28 142 116 53 56 92 125 95 1.0
17 130 67 122 1.0
131 134 138 139 13 143 35 38 39 52 53 55 74 90 99 100 106 123 127 1.0
0 35 102 10 44 110 144 149 126 1.0
42 92 78 119 1.0
65 33 135 39 137 74 108 18 85 22 88 58 59 1.0
65 131 133 134 37 44 142 48 49 82 51 112 86 87 88 127 1.0
130 3 135 10 46 116 27 1.0
131 35 5 78 144 119 94 1.0
129 58 101 69 7 42 145 117 118 86 26 124 1.0
98 8 10 22 56 121 91 1.0
97 1 65 100 135 8 9 140 46 17 20 22 1.0
67 101 74 18 21 29 1.0
96 97 40 138 10 45 123 61 95 1.0
39 104 138 140 108 44 16 17 18 85 149 122 1.0
97 36 5 6 134 44 111 81 147 57 93 1.0
130 99 100 70 39 106 11 12 30 21 55 62 56 89 90 25 1.0
96 106 77 81 18 115 84 57 27 1.0
128 99 138 109 143 119 31 1.0
1 70 6 137 109 141 81 54 87 1.0
75 15 112 144 148 90 93 1.0
128 108 1.0
91 125 1.0
133 104 109 48 17 112 83 23 90 60 1.0
36 4 6 8 40 106 140 13 110 80 113 115 52 21 23 25 61 1.0
129 5 7 135 140 83 84 120 27 92 62 1.0
65 39 79 118 58 93 126 1.0
32 0 40 108 44 47 22 23 87 27 63 1.0
2 133 10 141 17 18 23 30 37 43 46 54 57 60 93 95 113 124 126 1.0
129 26 40 136 138 107 17 146 58 63 1.0
144 3 134 1.0
132 38 71 75 11 43 21 1.0
65 82 23 119 122 124 1.0
97 69 102 6 47 17 81 83 21 90 92 127 1.0
32 97 2 66 129 69 6 137 138 42 18 58 1.0
115 89 83 110 1.0
128 4 102 104 105 41 14 79 145 49 83 148 117 113 115 89 26 1.0
99 135 73 107 110 14 17 83 148 22 120 1.0
40 11 76 45 16 1.0
64 97 129 32 36 42 139 76 11 15 145 51 117 86 149 120 122 1.0
96 33 99 132 3 5 39 131 137 43 12 15 146 86 91 63 1.0
99 138 74 142 80 115 147 121 61 1.0
32 66 4 137 73 12 45 145 81 114 126 59 30 1.0
131 99 136 8 75 107 110 16 112 113 115 147 93 124 125 63 1.0
64 37 75 20 23 59 124 1.0
107 97 139 13 1.0
144 139 136 119 1.0
64 97 34 66 130 65 134 39 9 84 86 30 91 92 93 94 1.0
1 70 135 9 141 17 126 63 1.0
96 0 33 99 3 38 111 112 145 114 23 117 53 87 120 24 52 92 1.0
1 103 106 45 18 56 31 1.0
128 1 132 138 139 141 14 15 144 28 43 51 54 64 67 79 82 120 126 1.0
72 105 98 38 1.0
0 132 133 138 139 31 142 141 77 113 82 60 95 1.0
128 1 38 136 148 87 23 58 1.0
130 106 46 49 148 116 52 58 124 30 1.0
130 131 13 39 50 53 57 64 67 68 70 85 92 94 95 97 101 104 112 1.0
46 80 22 56 94 1.0
133 102 37 75 140 15 143 115 23 87 25 90 1.0
98 105 116 119 26 123 30 1.0
107 12 1.0
96 38 136 139 12 13 110 48 17 82 80 56 58 27 95 1.0
3 39 84 58 125 1.0
98 39 112 88 123 1.0
130 2 8 75 44 60 143 80 81 146 83 84 53 86 79 92 93 1.0
1 129 7 71 75 77 145 84 148 22 149 89 62 1.0
96 1 3 132 70 7 104 105 103 45 82 116 21 87 121 26 92 1.0
65 33 137 42 48 17 18 123 1.0
89 130 66 69 143 144 82 51 84 83 121 92 94 1.0
33 95 1.0
34 72 107 144 50 86 91 1.0
33 65 102 39 73 106 107 141 111 124 82 62 25 28 30 63 1.0
2 130 133 7 13 17 146 29 30 42 50 54 59 60 61 78 108 115 127 1.0
0 108 1.0
36 133 74 139 42 44 144 145 19 1.0
68 37 69 101 40 104 10 18 53 86 118 122 92 125 30 1.0
133 140 22 26 40 42 65 69 71 75 86 87 96 106 109 110 116 123 125 1.0
32 33 130 3 100 1 132 97 42 11 79 50 18 85 56 25 58 88 1.0
17 10 93 122 1.0
50 110 1.0
0 33 35 103 11 49 115 20 21 63 95 1.0
32 129 1 99 4 65 38 138 109 111 51 93 86 54 90 61 62 1.0
35 3 90 133 73 42 139 141 114 57 122 124 1.0
133 71 104 8 107 108 77 110 78 44 114 22 55 27 1.0
129 70 110 147 124 1.0
37 42 77 145 92 125 126 1.0
2 134 7 136 137 138 14 111 80 114 52 23 91 124 31 1.0
0 65 34 101 39 108 45 14 15 49 114 115 83 147 116 23 1.0
3 5 103 40 137 41 39 12 9 79 147 21 118 23 92 31 1.0
0 32 99 38 39 72 41 11 108 144 113 148 89 60 126 1.0
96 129 0 132 71 74 109 92 81 18 82 148 145 113 19 60 1.0
2 100 134 72 106 139 28 16 83 121 90 91 92 1.0
104 62 1.0
65 97 72 139 12 43 19 20 53 89 91 29 1.0
0 33 130 97 7 138 45 110 83 90 30 1.0
36 4 68 137 10 43 144 51 93 53 87 55 61 95 31 1.0
32 0 97 122 74 78 110 113 55 58 123 28 61 1.0
137 28 79 18 84 149 89 124 1.0
2 98 37 102 72 42 43 142 145 51 84 119 23 121 1.0
101 103 135 138 11 108 13 142 47 16 48 83 84 117 85 55 31 1.0
64 130 35 67 98 27 41 137 17 21 119 91 1.0
133 6 7 136 9 13 141 18 22 38 55 67 72 74 80 92 105 121 127 1.0
33 130 6 110 79 117 27 94 1.0
5 40 73 75 13 110 15 80 144 52 89 93 1.0
128 32 98 5 41 77 14 111 112 81 84 125 56 28 93 30 1.0
13 134 1.0
33 129 68 37 5 102 75 48 27 63 1.0
33 2 7 73 137 139 147 56 25 31 1.0
16 20 21 33 43 46 50 61 64 71 74 75 78 82 87 90 101 122 124 1.0
33 130 129 98 65 135 106 139 141 79 143 50 84 118 26 1.0
1 98 131 100 106 10 42 28 141 144 145 84 52 120 57 123 124 1.0
129 98 121 134 135 136 42 74 140 77 14 47 84 125 56 89 61 126 1.0
96 33 135 7 14 46 16 50 147 20 23 88 25 1.0
3 135 104 40 138 136 12 141 137 47 16 50 148 87 120 123 1.0
38 104 76 47 50 117 87 88 1.0
123 91 29 22 1.0
0 140 142 53 87 58 1.0
2 99 103 7 41 139 82 115 117 123 124 1.0
98 137 46 81 117 24 29 1.0
129 2 68 123 20 54 119 24 118 59 1.0
2 100 78 79 115 53 54 30 1.0
97 67 6 71 135 122 136 75 108 76 78 107 113 146 84 23 90 60 1.0
64 129 130 33 100 68 26 1 40 108 60 114 51 55 57 90 59 28 1.0
98 108 124 49 16 21 56 57 120 62 31 1.0
66 44 79 112 15 114 148 120 27 60 30 1.0
64 66 9 10 114 147 1.0
97 3 40 43 46 123 1.0
132 69 39 71 78 116 54 25 90 125 31 1.0
129 90 39 1.0
1 11 15 112 54 62 27 126 1.0
138 13 30 79 1.0
138 14 15 27 93 1.0
74 131 61 1.0
96 97 7 108 45 46 47 94 1.0
53 147 61 54 1.0
0 35 6 71 120 142 124 81 16 52 53 54 56 92 30 95 1.0
106 11 47 111 115 124 1.0
32 97 105 10 45 79 50 19 23 117 84 119 56 63 1.0
68 101 106 107 141 145 89 1.0
69 134 7 109 17 50 18 61 118 121 122 125 1.0
130 70 72 9 138 139 13 52 53 22 25 63 1.0
1 130 107 75 149 57 1.0
131 102 103 40 73 76 48 17 113 20 88 1.0
0 65 66 35 132 4 103 104 105 138 107 46 148 56 1.0
0 32 38 39 137 44 13 142 86 89 29 1.0
4 105 141 16 17 1.0
96 97 105 44 109 78 110 114 148 52 127 61 62 95 1.0
88 139 44 78 1.0
130 131 11 112 81 18 113 20 114 148 55 120 59 28 1.0
2 133 103 43 77 13 16 118 88 91 61 1.0
101 5 9 141 14 109 80 49 82 115 147 56 61 1.0
33 130 67 104 105 27 75 108 14 142 124 145 51 84 118 119 59 60 1.0
128 97 34 131 4 134 71 45 16 52 53 54 126 1.0
64 136 47 49 147 54 31 1.0
98 82 122 63 31 1.0
33 66 99 100 101 72 106 44 14 111 144 16 115 116 117 53 119 1.0
1 99 100 71 40 73 136 139 108 107 15 80 111 19 22 26 1.0
96 32 2 3 68 67 104 40 106 11 45 46 84 21 85 27 60 93 1.0
10 43 1.0
104 9 11 49 27 1.0
128 8 75 143 16 51 117 54 58 123 95 1.0
32 129 1 131 98 134 105 78 143 48 113 81 19 18 148 110 26 1.0
0 2 3 68 72 137 106 12 44 13 77 17 114 147 93 149 120 29 1.0
128 130 131 12 141 19 31 34 50 54 64 65 77 82 91 109 112 118 127 1.0
65 27 59 74 78 79 29 51 82 53 55 94 123 125 62 1.0
67 5 6 13 144 17 116 20 54 55 125 121 124 29 1.0
97 100 5 72 138 139 142 143 144 145 20 120 27 30 1.0
1 130 4 8 12 19 26 40 46 48 55 68 80 84 89 90 91 96 115 1.0
68 134 136 112 82 83 85 118 22 53 21 1.0
96 121 132 1.0
66 103 136 75 45 114 89 90 1.0
131 74 75 139 84 116 23 121 90 28 29 1.0
97 115 86 57 1.0
131 7 139 14 21 26 30 34 54 56 68 75 99 102 104 110 112 121 127 1.0
106 100 1.0
132 101 134 141 14 15 144 51 147 86 55 56 25 26 127 1.0
135 105 12 78 79 14 80 145 116 55 57 63 1.0
129 67 3 42 76 14 48 1.0
65 2 99 40 42 75 11 109 15 16 145 52 120 26 94 1.0
64 74 44 77 81 147 56 63 1.0
98 8 9 143 81 92 1.0
131 105 106 43 76 46 15 50 83 119 52 22 23 124 29 62 95 1.0
129 34 40 9 111 112 146 84 53 118 22 20 121 56 95 1.0
129 2 66 9 45 82 126 1.0
110 78 1.0
0 129 135 138 10 12 77 78 60 80 112 85 120 24 26 124 1.0
34 131 68 41 42 138 114 146 116 121 60 29 126 1.0
128 96 5 37 7 40 80 113 19 93 53 122 60 61 1.0
128 3 110 79 80 22 55 1.0
68 5 7 135 73 10 8 59 81 49 115 20 146 91 93 1.0
96 4 5 40 72 140 44 13 47 80 146 84 148 22 86 28 93 62 1.0
32 64 67 132 136 137 75 77 13 79 15 111 114 51 50 142 91 60 1.0
96 32 100 107 140 142 15 82 51 20 84 148 24 1.0
65 101 70 102 139 75 142 46 22 86 31 1.0
129 97 66 37 10 139 108 45 76 44 60 146 84 23 62 24 28 126 1.0
98 2 37 133 71 138 110 56 1.0
97 66 36 70 38 137 142 14 17 52 149 117 119 57 1.0
160 161 258 233 271 273 177 212 151 217 1.0
161 290 291 193 163 194 200 178 183 281 251 221 1.0
290 294 234 171 214 219 157 1.0
289 296 297 168 201 269 239 272 277 246 152 158 190 1.0
267 269 158 159 174 179 187 189 199 203 210 211 214 215 221 231 234 240 246 1.0
224 281 275 245 151 185 1.0
181 174 263 1.0
196 165 199 1.0
288 261 197 167 229 201 200 171 299 293 240 273 274 188 253 287 1.0
161 195 229 198 233 170 238 240 280 283 220 286 287 1.0
294 201 209 211 215 285 1.0
161 226 229 199 265 170 203 299 202 208 210 244 216 249 220 158 1.0
290 195 230 295 275 214 219 286 1.0
192 225 200 239 209 215 1.0
160 230 199 243 219 1.0
290 195 165 167 264 202 171 236 275 284 246 247 217 186 251 156 189 287 1.0
261 297 242 278 223 1.0
268 272 275 150 152 281 154 290 295 167 201 208 211 222 224 231 232 242 247 1.0
226 227 228 164 198 172 173 206 236 178 243 282 187 1.0
160 289 229 198 200 234 238 207 175 209 274 212 214 183 282 156 157 254 1.0
193 223 164 262 295 167 264 234 199 244 247 217 284 189 159 1.0
258 169 178 184 217 220 190 223 1.0
228 230 296 233 202 170 235 205 270 169 208 178 212 180 185 218 254 255 1.0
192 288 163 228 293 263 232 231 170 242 274 247 217 250 251 252 221 222 1.0
255 291 232 265 218 282 299 179 215 152 153 186 283 223 1.0
160 224 164 260 196 229 272 245 150 222 1.0
193 196 172 246 185 219 254 1.0
256 196 166 199 171 180 252 278 213 280 220 216 1.0
159 227 281 204 173 216 273 177 277 214 247 184 183 155 286 254 223 1.0
224 289 225 166 298 204 172 183 1.0
244 211 188 228 1.0
163 262 299 203 208 242 252 155 220 1.0
256 199 237 211 246 151 250 189 1.0
178 283 150 159 1.0
195 299 239 175 150 281 283 254 287 1.0
193 229 169 299 280 219 1.0
160 289 165 236 218 187 1.0
288 290 168 170 234 267 298 179 244 276 216 185 155 189 158 1.0
160 161 296 298 212 183 1.0
227 228 200 203 268 267 238 206 244 254 1.0
193 293 199 296 201 236 205 273 275 276 277 181 214 189 215 221 190 287 1.0
226 294 265 277 247 252 287 1.0
288 193 249 199 168 235 269 207 209 241 276 213 277 281 187 158 1.0
197 297 172 273 179 182 189 1.0
161 164 298 172 238 155 190 286 1.0
177 293 173 1.0
267 198 1.0
289 194 291 260 296 233 250 172 237 272 209 246 253 186 188 189 254 1.0
192 256 163 259 218 170 250 235 233 177 186 157 158 1.0
176 291 165 167 1.0
211 159 1.0
161 264 234 170 210 254 1.0
232 277 252 165 1.0
160 223 165 166 230 168 201 232 298 174 275 279 153 154 159 1.0
225 289 191 292 195 169 202 204 240 276 245 183 247 252 253 287 1.0
262 263 271 279 152 154 283 159 287 298 175 179 209 214 222 230 244 246 251 1.0
169 188 236 205 1.0
229 198 230 232 296 171 172 240 273 243 182 187 1.0
261 230 201 267 269 238 272 177 214 279 151 157 216 1.0
290 198 262 231 200 202 168 172 173 211 244 278 183 246 282 1.0
266 269 275 279 284 288 293 298 189 194 195 213 221 236 247 250 251 252 255 1.0
255 196 292 164 170 171 268 208 243 275 277 217 254 159 1.0
185 166 263 172 236 209 180 246 247 216 249 251 284 1.0
289 162 229 167 168 200 236 183 249 221 1.0
268 271 275 276 282 155 157 287 292 295 179 187 201 206 209 217 235 243 254 1.0
289 296 204 238 177 275 276 151 248 153 220 253 158 1.0
225 258 259 228 164 291 263 264 201 202 238 242 179 215 186 255 1.0
224 225 164 230 166 265 267 272 242 244 252 186 219 284 157 1.0
249 172 207 1.0
225 292 296 266 203 234 175 207 209 211 254 281 250 190 191 1.0
160 192 258 293 297 173 269 176 213 182 216 185 155 191 1.0
228 252 150 1.0
289 290 259 261 263 298 171 204 269 175 241 214 248 187 220 1.0
225 292 229 264 297 234 266 204 205 271 207 210 220 211 187 284 190 1.0
224 194 199 231 234 271 240 186 158 191 1.0
288 160 226 198 294 264 182 185 186 157 191 1.0
194 167 263 238 240 241 178 276 159 1.0
258 163 232 168 272 243 244 247 152 253 250 221 222 1.0
192 291 259 293 231 233 268 173 269 177 245 213 184 217 187 252 1.0
258 195 228 267 155 204 236 203 272 240 205 182 249 154 187 157 191 1.0
288 162 227 194 165 166 200 233 234 273 243 180 183 248 247 284 190 1.0
288 160 197 261 202 268 239 207 244 156 222 159 1.0
193 262 232 200 234 296 187 270 241 210 275 212 181 277 248 219 252 189 1.0
162 232 265 171 243 277 184 249 154 156 1.0
162 230 263 171 172 268 242 211 284 285 254 1.0
224 194 227 294 166 297 298 173 208 210 243 245 278 254 216 249 154 190 1.0
159 287 198 170 209 178 253 254 191 1.0
193 164 272 278 156 1.0
162 291 260 165 226 231 297 266 173 238 174 208 276 181 278 151 284 286 1.0
289 226 163 260 225 185 199 201 297 299 204 169 151 153 1.0
202 235 179 283 157 1.0
291 198 199 200 207 215 184 186 283 158 1.0
192 294 166 233 202 237 270 271 176 206 182 280 217 282 155 157 254 1.0
288 162 223 194 235 203 239 272 274 179 211 213 214 152 282 254 287 1.0
227 251 150 279 246 155 1.0
290 156 189 154 1.0
224 193 196 200 169 175 240 208 210 211 180 245 222 154 284 157 190 159 1.0
292 294 201 269 173 241 180 151 152 282 155 1.0
263 272 277 289 293 296 174 191 195 196 200 203 214 227 231 235 238 247 249 1.0
160 256 228 294 199 236 172 175 207 245 182 250 285 286 159 1.0
192 196 261 231 267 172 204 270 239 272 177 274 279 185 186 155 158 1.0
257 258 263 264 201 234 239 240 242 211 244 1.0
195 220 1.0
227 262 295 296 201 172 240 241 277 278 251 1.0
200 171 268 236 241 247 248 154 1.0
290 252 157 214 1.0
161 258 204 1.0
160 228 292 295 296 265 202 171 299 205 267 179 243 181 215 187 254 1.0
259 198 233 206 175 272 241 277 245 246 216 282 283 158 1.0
227 260 229 297 239 183 281 250 220 159 1.0
220 204 1.0
257 260 265 273 151 158 293 295 185 188 190 194 206 211 212 225 237 238 242 1.0
257 165 169 270 243 276 1.0
233 226 156 255 1.0
288 162 290 217 294 168 201 274 183 185 283 1.0
196 293 262 263 261 198 217 269 206 239 275 277 181 153 218 219 188 1.0
288 262 232 170 235 204 173 241 177 212 248 286 1.0
263 296 231 267 236 240 278 215 150 154 253 1.0
193 168 169 202 203 268 238 271 240 175 178 180 280 282 158 252 222 255 1.0
289 231 247 169 179 214 183 217 187 189 254 1.0
262 269 276 277 284 163 172 175 176 181 187 195 207 209 215 225 226 234 241 1.0
288 225 258 231 299 273 245 182 219 157 1.0
192 288 196 167 263 271 239 210 222 255 1.0
227 198 231 296 239 274 253 154 155 188 189 190 1.0
172 188 254 1.0
159 163 228 154 169 236 270 271 272 180 279 216 183 282 219 190 158 255 1.0
228 296 299 240 210 184 1.0
267 275 278 282 157 293 180 182 184 190 204 208 229 235 245 246 250 252 255 1.0
257 258 294 168 297 171 206 240 181 248 1.0
291 164 197 261 293 247 235 236 187 207 177 210 276 180 151 280 186 283 1.0
256 153 291 163 196 294 199 281 266 267 273 213 181 279 277 185 158 286 1.0
230 263 295 207 273 1.0
192 161 201 233 279 174 269 240 272 241 220 211 215 185 156 221 1.0
256 194 264 169 268 239 207 211 246 283 287 1.0
289 193 162 295 170 299 267 237 239 207 251 211 278 214 152 281 187 1.0
193 185 229 210 179 253 155 285 1.0
295 175 1.0
161 258 200 186 266 268 206 176 210 180 214 280 250 158 159 1.0
170 294 1.0
226 227 293 230 294 296 201 232 179 211 215 152 185 186 283 188 158 159 1.0
292 198 230 200 201 236 272 179 243 245 182 183 154 159 1.0
258 163 165 1.0
261 231 297 154 285 287 1.0
161 261 167 169 235 244 1.0
165 166 168 298 273 275 212 246 248 217 250 219 156 285 286 1.0
258 162 196 230 295 271 177 245 181 151 283 1.0
288 261 231 299 203 211 246 248 249 186 251 221 1.0
224 290 266 202 239 277 157 1.0
259 229 270 176 177 244 247 249 221 190 1.0
256 228 197 266 202 170 270 215 157 1.0
224 175 275 179 221 222 1.0
292 181 1.0
261 167 170 267 248 153 186 1.0
227 229 263 233 235 205 210 245 214 151 217 218 188 157 223 1.0
224 162 229 262 293 174 206 176 156 275 182 247 216 252 184 1.0
208 172 189 262 1.0
227 292 171 236 275 243 186 189 254 1.0
224 290 292 263 174 250 252 1.0
289 193 196 229 241 276 248 281 1.0
291 195 165 230 231 200 260 267 242 218 286 190 287 1.0
224 227 230 262 272 275 186 1.0
192 257 261 230 250 235 243 150 184 217 154 190 254 1.0
192 291 262 263 167 206 240 241 242 215 280 281 220 1.0
165 230 234 267 236 171 238 176 275 244 279 151 189 159 1.0
291 197 263 167 235 1.0
256 197 230 232 242 243 246 215 253 1.0
228 260 231 266 235 203 179 184 218 286 1.0
291 261 264 275 247 218 1.0
193 163 261 270 274 212 1.0
203 276 269 1.0
185 178 228 158 1.0
224 193 292 282 214 151 218 219 255 1.0
164 198 267 268 239 273 241 243 212 274 248 153 218 252 285 223 1.0
162 292 229 267 235 240 153 155 286 1.0
256 226 165 230 294 264 268 237 177 220 252 278 183 188 159 1.0
228 297 202 265 176 178 210 287 1.0
197 167 200 264 271 178 276 278 279 286 1.0
161 271 179 245 255 1.0
242 153 170 211 1.0
259 165 294 231 167 298 266 204 269 270 238 240 176 178 181 284 1.0
228 217 272 252 249 283 284 1.0
225 264 265 276 184 219 1.0
224 164 196 294 231 264 233 201 207 281 285 1.0
267 155 286 288 290 295 168 175 180 181 185 192 201 203 210 229 230 245 250 1.0
257 196 260 205 175 241 156 213 214 181 184 277 187 220 286 255 1.0
161 163 227 171 208 251 159 1.0
193 244 1.0
248 290 197 168 202 235 271 278 150 151 251 190 223 1.0
230 296 172 182 159 1.0
258 163 292 249 272 212 216 281 1.0
192 232 203 236 174 175 242 150 281 222 1.0
260 272 287 288 292 294 167 295 170 299 177 197 201 210 213 232 237 243 245 1.0
291 231 297 234 187 241 275 277 283 1.0
193 291 195 230 263 298 299 268 239 179 214 150 248 187 284 190 1.0
191 161 193 196 229 227 264 171 299 174 270 208 241 154 188 159 1.0
187 261 235 1.0
261 267 275 154 291 296 299 177 181 190 199 207 221 231 232 236 237 242 250 1.0
171 166 1.0
192 194 165 199 297 271 276 278 1.0
289 226 259 228 270 238 177 246 216 282 219 188 1.0
232 271 272 239 179 281 1.0
259 262 264 280 152 159 161 291 295 174 188 190 204 210 216 232 237 248 252 1.0
226 165 261 229 218 266 207 176 209 241 243 277 247 282 190 191 1.0
168 221 254 1.0
164 260 296 297 202 173 208 241 186 187 1.0
153 195 164 228 167 267 269 207 180 181 249 158 1.0
287 166 231 294 169 299 174 177 273 222 191 1.0
225 294 230 264 201 169 203 171 173 206 269 208 202 275 214 183 282 222 1.0
256 161 225 192 199 295 151 186 251 252 254 1.0
273 170 180 253 1.0
288 225 292 198 297 266 299 206 238 272 270 212 244 215 251 285 1.0
163 262 263 232 203 236 211 276 282 251 190 191 1.0
198 262 175 247 155 287 1.0
229 169 240 151 255 1.0
162 197 299 274 153 1.0
288 196 273 209 151 216 186 155 222 1.0
256 291 164 293 169 170 265 266 271 250 251 221 222 159 1.0
263 278 150 282 154 155 156 288 164 170 176 184 189 191 195 202 233 236 238 1.0
162 197 297 234 204 212 285 1.0
297 261 1.0
288 262 297 278 252 1.0
259 292 230 269 183 1.0
162 163 227 264 170 237 176 274 275 243 210 249 250 285 286 1.0
196 294 167 296 201 297 268 277 185 187 156 1.0
153 261 202 171 269 211 276 181 249 252 286 159 1.0
288 225 194 193 292 261 198 166 195 265 234 153 298 263 210 182 185 187 1.0
282 235 269 174 190 239 242 222 252 278 247 253 186 283 156 285 158 159 1.0
168 298 275 1.0
193 164 264 200 206 176 277 278 153 190 286 1.0
261 294 200 265 170 270 175 155 221 254 1.0
192 256 291 196 239 210 244 213 277 251 285 159 1.0
161 292 293 197 196 264 263 298 250 272 150 248 249 218 155 156 189 223 1.0
163 293 197 298 202 268 238 174 247 152 250 283 184 1.0
256 225 233 203 299 171 174 278 279 1.0
289 259 201 207 179 243 180 152 186 219 1.0
224 161 229 175 159 1.0
248 193 191 227 160 230 172 272 247 152 186 157 254 159 1.0
294 263 202 236 205 270 207 272 252 151 183 152 153 186 251 220 222 1.0
264 251 1.0
226 260 229 230 296 232 267 203 269 175 240 209 176 181 281 156 1.0
263 155 206 174 211 213 154 283 220 190 255 1.0
250 229 1.0
258 260 280 154 284 288 289 290 166 179 189 192 194 196 200 212 219 237 252 1.0
261 169 242 274 181 218 159 1.0
224 161 288 215 228 291 294 166 168 192 250 174 177 211 245 278 151 154 1.0
280 292 164 201 234 298 206 272 241 178 252 277 278 151 152 250 251 156 1.0
188 253 1.0
289 165 198 231 264 267 206 209 1.0
162 185 299 270 208 209 274 213 214 150 151 253 252 285 1.0
160 161 162 226 229 234 176 273 184 153 157 223 1.0
289 291 200 238 206 176 177 241 212 277 151 216 183 186 1.0
193 162 292 165 232 233 298 299 169 170 279 221 254 1.0
198 167 232 264 169 205 238 243 181 280 281 220 152 190 191 1.0
162 197 188 215 220 221 223 1.0
244 261 1.0
165 235 270 207 240 208 274 248 1.0
192 256 290 227 228 169 172 242 276 186 187 157 1.0
230 237 238 271 272 208 249 187 157 286 1.0
257 258 166 167 264 169 298 203 201 263 206 245 214 215 219 191 1.0
192 225 296 181 183 155 1.0
195 292 261 229 263 169 234 203 299 268 272 274 212 217 186 155 1.0
226 162 153 294 263 299 238 210 211 276 245 277 247 253 155 285 158 1.0
193 191 290 198 294 296 187 275 283 220 287 1.0
264 253 157 192 1.0
200 223 1.0
192 161 289 259 169 234 201 270 175 211 244 277 182 248 218 284 189 191 1.0
288 256 163 196 261 195 227 200 233 177 274 209 277 181 183 187 286 287 1.0
256 261 198 203 268 174 209 212 180 222 1.0
160 193 161 196 197 232 202 238 207 272 209 153 155 159 1.0
230 167 202 171 298 205 270 177 211 243 279 251 156 255 1.0
231 222 238 1.0
259 206 178 213 157 222 1.0
258 164 261 199 204 271 208 207 150 249 283 254 255 1.0
256 258 269 273 274 275 279 285 295 174 184 192 202 203 210 220 224 244 252 1.0
291 164 228 165 199 267 176 179 276 182 279 184 1.0
294 167 169 239 271 177 176 243 214 281 187 159 1.0
259 263 297 233 203 204 237 175 242 274 244 246 280 186 158 156 222 1.0
195 176 245 215 283 1.0
288 291 230 168 203 236 156 252 251 284 221 1.0
224 288 196 165 198 230 175 272 177 242 212 213 277 278 286 1.0
160 260 201 170 242 179 275 181 280 284 285 254 1.0
162 229 261 295 197 167 170 233 205 208 180 150 279 189 1.0
257 225 167 232 170 235 207 271 242 214 150 182 186 1.0
192 289 196 201 235 206 174 176 175 220 180 244 243 151 248 250 284 158 1.0
170 268 173 207 178 1.0
227 297 171 267 173 271 177 182 1.0
291 299 150 183 186 1.0
163 293 168 201 299 271 176 273 179 277 247 280 281 218 1.0
160 293 295 200 203 274 211 182 185 285 1.0
280 162 292 228 264 298 267 251 242 181 247 248 250 187 286 1.0
228 237 270 239 1.0
271 157 165 167 298 172 185 197 200 201 203 211 218 220 237 249 250 252 254 1.0
256 265 297 269 213 186 286 1.0
185 229 263 233 182 217 186 1.0
291 228 229 214 1.0
225 258 292 242 245 1.0
230 296 299 239 208 212 213 186 220 157 223 1.0
290 195 217 294 231 266 202 238 272 182 151 221 214 189 222 255 1.0
256 163 168 170 298 268 237 173 274 210 252 277 278 213 279 189 1.0
288 257 292 261 166 204 206 272 210 179 183 189 254 255 1.0
248 199 263 299 268 205 208 274 243 245 151 184 156 253 1.0
260 261 268 278 280 283 285 159 289 170 185 191 192 195 213 218 228 243 254 1.0
225 162 262 166 205 206 271 213 154 254 1.0
224 289 165 296 234 208 241 244 215 248 281 186 155 156 189 255 1.0
214 230 1.0
192 289 191 164 229 167 169 203 239 188 276 248 218 220 157 223 1.0
159 192 160 290 228 165 196 295 294 169 236 238 210 211 245 216 219 255 1.0
193 225 163 164 199 237 206 238 213 221 1.0
209 263 1.0
265 269 281 282 157 162 292 293 169 200 201 205 212 215 219 220 232 244 252 1.0
289 292 261 260 270 175 181 153 284 221 1.0
240 212 247 154 155 222 190 286 1.0
211 195 1.0
160 226 195 266 243 180 184 153 283 158 159 1.0
256 225 160 294 296 200 170 267 203 205 184 153 219 252 286 1.0
192 195 261 294 202 266 282 299 174 177 243 244 249 186 189 1.0
200 201 212 1.0
160 194 195 293 167 176 208 253 191 1.0
258 228 199 232 269 238 173 241 183 281 284 255 1.0
224 193 160 290 292 258 257 295 259 208 177 213 183 287 1.0
289 164 230 264 206 214 1.0
192 257 196 205 237 209 178 243 212 251 285 287 1.0
192 257 290 268 243 211 251 158 1.0
196 197 169 270 272 222 1.0
291 163 293 231 234 202 267 203 176 211 182 248 1.0
296 171 180 249 223 1.0
196 269 239 209 249 252 253 1.0
