64 67 70 73 9 44 78 83 20 27 1.0
71 74 10 13 78 82 51 20 83 26 1.0
64 65 2 8 16 20 56 91 93 62 1.0
4 8 73 48 50 19 18 53 93 30 1.0
73 10 44 15 81 17 85 89 91 95 1.0
64 65 67 36 5 74 48 85 56 61 1.0
64 65 73 11 43 82 56 89 92 62 1.0
99 40 11 43 17 86 23 24 29 63 1.0
0 98 73 76 47 16 55 57 26 30 1.0
1 40 41 43 12 18 53 21 57 26 1.0
33 36 37 38 39 46 14 57 26 28 1.0
1 67 3 71 16 20 21 22 89 30 1.0
0 46 18 19 82 30 87 24 62 94 1.0
35 6 40 75 14 49 88 56 91 30 1.0
97 67 36 37 7 74 43 75 51 83 1.0
70 72 73 74 45 47 52 54 27 61 1.0
68 71 41 10 11 45 79 50 19 86 1.0
33 3 90 38 78 80 84 20 58 60 1.0
32 7 11 78 18 19 53 87 25 93 1.0
97 40 41 10 17 83 84 88 57 26 1.0
96 98 35 7 10 78 19 55 57 58 1.0
97 71 40 8 17 82 49 84 24 57 1.0
2 67 38 77 78 80 16 86 22 89 1.0
97 2 7 59 10 43 20 21 24 91 1.0
97 40 9 45 17 81 52 54 28 94 1.0
32 96 64 68 27 41 12 80 50 91 1.0
2 34 41 77 13 78 49 89 91 31 1.0
26 8 76 16 50 84 21 57 58 95 1.0
33 98 39 40 74 14 81 53 54 25 1.0
65 66 7 72 43 75 16 21 22 58 1.0
0 98 2 5 38 45 50 82 55 23 1.0
33 68 10 44 79 50 55 54 87 31 1.0
97 3 38 72 8 91 85 88 59 61 1.0
32 99 7 75 44 18 51 21 25 59 1.0
69 38 8 9 13 21 54 89 94 95 1.0
96 0 5 37 39 6 47 82 52 57 1.0
64 4 68 8 75 78 17 18 90 94 1.0
89 69 40 47 80 50 87 57 94 31 1.0
6 41 43 46 19 52 87 88 89 59 1.0
4 38 45 46 48 81 19 23 60 94 1.0
39 27 11 78 16 89 26 59 30 63 1.0
97 5 43 46 79 18 50 24 58 30 1.0
0 66 4 40 10 79 52 21 56 27 1.0
96 68 74 46 14 50 19 54 61 62 1.0
0 67 68 5 15 87 88 58 94 95 1.0
35 37 74 43 76 48 51 24 92 63 1.0
65 34 4 38 7 8 79 48 22 59 1.0
36 37 6 41 10 77 15 19 23 28 1.0
65 6 72 8 13 78 21 22 23 28 1.0
67 41 12 13 44 15 80 52 23 26 1.0
0 1 39 79 17 84 55 23 26 60 1.0
98 39 11 78 81 52 25 27 28 93 1.0
2 90 38 70 59 91 76 53 58 27 1.0
12 78 48 82 51 20 29 23 60 93 1.0
89 40 79 16 47 85 53 56 25 95 1.0
68 5 12 45 14 83 84 89 26 60 1.0
98 6 70 78 17 23 56 89 60 93 1.0
99 67 6 71 15 84 21 87 25 94 1.0
97 1 5 74 12 15 48 49 19 21 1.0
96 8 77 46 79 14 78 61 89 29 1.0
64 33 65 67 36 11 12 16 81 23 1.0
2 3 5 13 77 81 86 91 30 95 1.0
99 68 36 74 24 94 26 91 60 30 1.0
0 90 76 46 49 81 83 20 26 27 1.0
98 34 2 74 44 48 83 52 20 91 1.0
0 65 67 68 69 39 53 56 60 31 1.0
3 68 7 72 43 49 52 55 90 95 1.0
64 33 68 69 72 78 16 82 51 19 1.0
69 40 73 11 16 88 56 91 60 63 1.0
65 66 9 42 76 45 13 18 52 92 1.0
99 35 7 16 48 21 22 23 24 31 1.0
72 41 42 45 46 81 24 57 91 31 1.0
74 42 44 75 52 55 87 59 61 94 1.0
99 26 8 75 45 86 89 90 59 30 1.0
4 36 6 73 41 77 49 85 22 90 1.0
67 36 37 11 45 51 52 83 90 28 1.0
36 38 6 72 10 13 51 30 94 95 1.0
32 34 35 98 38 7 27 78 22 91 1.0
0 36 5 70 71 49 19 52 24 88 1.0
32 68 43 76 13 47 49 23 60 61 1.0
0 4 38 71 7 11 15 58 61 94 1.0
96 64 69 9 13 46 80 82 92 93 1.0
34 11 46 17 82 19 84 23 55 92 1.0
32 99 35 70 15 17 19 25 58 93 1.0
96 32 70 74 45 86 30 27 60 94 1.0
64 3 71 9 43 14 48 82 29 63 1.0
32 1 5 44 60 79 49 56 59 92 1.0
36 10 12 14 79 51 52 25 92 95 1.0
32 97 2 66 15 52 21 88 26 59 1.0
32 1 3 8 11 20 23 55 61 30 1.0
4 37 5 9 13 31 15 25 28 95 1.0
98 35 76 46 79 16 17 15 56 94 1.0
33 67 73 74 48 52 91 60 94 63 1.0
1 35 6 44 76 81 61 89 29 94 1.0
36 70 72 43 14 21 89 29 95 31 1.0
66 71 74 45 80 83 20 56 59 30 1.0
64 2 99 77 15 80 49 21 56 89 1.0
97 67 71 7 44 17 50 88 57 90 1.0
98 4 69 43 60 47 51 84 90 92 1.0
11 28 15 48 16 79 20 22 23 92 1.0
64 35 3 70 47 52 22 54 28 31 1.0
65 98 72 49 82 52 53 24 89 56 1.0
32 3 72 13 14 50 83 86 58 31 1.0
64 34 38 79 82 18 26 92 93 62 1.0
32 65 34 7 41 74 43 13 52 54 1.0
65 33 71 73 74 43 48 18 22 57 1.0
98 68 27 10 18 51 52 21 59 61 1.0
98 66 69 37 15 53 87 23 57 27 1.0
1 66 70 38 72 9 11 16 90 30 1.0
33 98 38 75 15 18 22 89 26 95 1.0
34 35 70 38 72 41 43 77 81 60 1.0
65 97 70 11 12 75 15 16 20 63 1.0
1 66 2 36 70 11 43 47 56 31 1.0
97 1 34 35 5 40 76 15 89 28 1.0
66 99 2 9 45 49 84 52 22 20 1.0
65 66 36 37 52 93 85 23 61 94 1.0
97 65 36 73 42 75 11 78 19 59 1.0
0 38 43 15 80 81 53 22 23 91 1.0
33 2 1 39 41 13 78 51 84 83 1.0
34 39 71 12 92 20 84 52 27 28 1.0
32 65 5 69 17 52 53 21 87 91 1.0
56 6 9 75 44 16 51 24 58 88 1.0
97 34 3 37 10 77 48 81 51 60 1.0
98 70 76 46 81 20 85 53 55 26 1.0
97 40 72 75 15 84 62 88 57 30 1.0
64 33 66 38 39 44 25 58 91 61 1.0
0 32 70 39 79 49 81 54 60 63 1.0
32 35 4 40 43 45 79 47 52 90 1.0
36 69 38 71 75 77 81 20 24 89 1.0
65 34 3 7 12 60 47 23 59 28 1.0
67 68 38 74 11 13 19 51 94 31 1.0
2 70 80 48 29 83 23 60 61 95 1.0
64 33 98 96 7 44 53 27 93 95 1.0
96 2 5 73 44 51 88 25 93 30 1.0
0 34 3 7 74 45 77 80 83 89 1.0
32 65 0 35 72 84 85 88 24 63 1.0
26 69 6 39 43 78 80 17 23 90 1.0
0 98 72 8 73 14 80 23 90 94 1.0
34 70 39 73 10 82 19 84 56 91 1.0
96 33 3 99 36 12 77 84 57 91 1.0
96 65 43 12 80 49 81 90 94 63 1.0
73 44 46 14 78 50 52 88 90 61 1.0
65 35 71 8 72 15 16 50 23 31 1.0
97 66 69 5 38 42 43 79 21 59 1.0
3 99 26 71 44 45 17 54 24 58 1.0
1 66 35 36 44 77 81 20 85 61 1.0
64 4 69 74 43 45 16 54 89 25 1.0
99 5 73 41 44 12 17 83 84 25 1.0
37 75 77 45 47 80 18 24 90 62 1.0
97 98 1 4 10 45 14 47 16 18 1.0
7 46 16 52 20 87 92 63 94 31 1.0
97 6 46 15 48 23 56 26 59 61 1.0
96 67 68 37 36 9 13 46 78 84 1.0
98 66 34 8 73 77 45 51 84 63 1.0
70 41 47 51 21 88 57 26 59 94 1.0
33 66 2 72 45 19 85 94 25 30 1.0
96 99 37 72 11 43 45 87 24 88 1.0
32 66 67 58 90 9 86 56 26 27 1.0
35 36 5 99 13 81 50 62 59 30 1.0
39 75 76 14 18 61 19 85 27 29 1.0
0 69 43 44 14 81 84 53 57 93 1.0
96 2 71 78 50 23 89 90 93 30 1.0
0 33 98 99 7 55 23 89 27 60 1.0
99 35 37 71 40 8 75 16 23 56 1.0
96 33 99 79 48 86 22 60 62 63 1.0
5 8 42 75 11 80 81 17 55 24 1.0
98 39 73 42 74 46 79 83 30 31 1.0
33 36 38 72 44 78 86 58 28 30 1.0
71 40 9 14 19 21 86 29 30 95 1.0
5 42 60 17 83 20 84 23 92 29 1.0
64 70 71 14 49 82 84 25 30 95 1.0
68 38 8 9 42 43 86 22 56 63 1.0
67 37 5 44 14 79 23 57 91 25 1.0
96 32 2 5 44 47 25 27 92 63 1.0
96 2 35 4 3 47 81 83 22 26 1.0
5 40 74 11 76 43 18 19 22 25 1.0
34 4 6 70 9 73 43 54 87 28 1.0
96 2 71 40 91 15 51 57 26 27 1.0
32 0 5 13 57 84 22 25 28 31 1.0
32 1 67 4 69 39 9 12 78 95 1.0
5 6 72 41 75 14 82 87 27 94 1.0
96 35 68 70 39 72 77 20 22 27 1.0
0 68 7 42 10 45 79 48 56 88 1.0
34 35 4 43 77 79 51 52 19 88 1.0
1 97 66 72 73 78 54 23 88 62 1.0
65 97 38 39 76 80 21 24 26 61 1.0
64 65 72 43 46 51 84 53 25 59 1.0
76 13 14 80 49 86 24 25 59 62 1.0
97 2 70 9 76 19 85 21 24 59 1.0
65 7 77 50 83 54 55 24 92 94 1.0
1 35 99 68 38 11 46 54 59 61 1.0
65 67 35 73 13 47 57 28 29 94 1.0
36 69 7 78 46 48 83 57 60 62 1.0
34 7 39 10 77 46 48 84 24 95 1.0
65 67 4 9 74 78 17 82 27 92 1.0
96 67 40 78 47 80 82 86 29 63 1.0
34 7 11 75 80 83 54 55 92 31 1.0
32 1 38 76 79 48 49 91 29 62 1.0
32 66 6 41 50 52 87 23 59 28 1.0
97 98 3 36 66 8 9 41 55 23 1.0
96 97 65 69 13 14 48 52 24 29 1.0
96 6 43 75 13 15 82 86 56 89 1.0
96 66 35 71 12 45 15 83 86 30 1.0
96 65 2 98 5 39 41 76 52 24 1.0
32 3 69 70 12 50 18 85 86 56 1.0
89 65 34 5 39 44 79 80 57 63 1.0
0 97 34 76 46 14 49 19 85 61 1.0
1 33 38 72 11 46 49 54 88 29 1.0
98 6 7 39 8 79 82 60 61 94 1.0
64 65 68 69 6 43 44 52 55 93 1.0
0 99 7 39 9 72 40 47 61 94 1.0
98 37 6 10 44 46 92 60 29 94 1.0
66 68 45 83 23 85 22 87 93 63 1.0
69 7 71 80 52 85 27 28 94 95 1.0
34 37 41 14 78 80 87 25 29 94 1.0
2 91 11 75 10 49 20 53 54 59 1.0
26 36 39 13 79 48 52 56 90 28 1.0
97 35 69 70 44 48 53 89 93 31 1.0
64 97 99 13 79 19 22 30 62 31 1.0
32 97 2 33 4 39 76 47 54 95 1.0
34 67 4 26 70 49 87 90 59 92 1.0
34 67 75 48 49 19 21 23 89 26 1.0
65 66 12 14 17 51 52 57 29 94 1.0
1 67 5 8 75 78 16 84 23 60 1.0
96 0 67 35 70 7 46 81 50 19 1.0
64 65 69 41 74 16 50 87 88 61 1.0
64 5 7 8 74 12 14 80 18 94 1.0
65 98 37 38 73 9 11 45 22 25 1.0
32 33 67 38 91 43 77 55 27 94 1.0
0 5 38 41 9 15 82 55 91 92 1.0
32 5 37 41 44 45 47 80 56 91 1.0
64 2 99 68 6 11 77 48 17 95 1.0
36 4 38 69 46 16 48 54 88 24 1.0
34 67 69 43 44 23 55 58 27 62 1.0
72 73 40 12 45 46 48 86 89 30 1.0
7 42 76 13 16 52 54 60 93 94 1.0
1 3 37 70 8 12 16 83 23 91 1.0
64 35 68 39 41 75 13 20 84 23 1.0
64 3 69 5 42 16 18 50 54 27 1.0
72 44 16 49 55 54 22 24 28 62 1.0
0 2 5 72 75 44 86 57 95 63 1.0
13 14 15 81 51 84 53 87 55 94 1.0
70 72 10 11 13 45 78 14 50 21 1.0
33 66 67 38 10 42 48 49 53 63 1.0
3 7 40 48 19 52 54 23 27 28 1.0
36 68 70 10 43 45 47 51 21 93 1.0
32 99 37 10 45 50 18 88 59 94 1.0
0 99 36 10 46 47 19 30 89 94 1.0
64 98 73 10 13 21 22 57 93 30 1.0
66 6 39 73 78 17 54 86 22 25 1.0
98 35 67 5 6 59 13 29 27 93 1.0
70 41 75 13 47 23 27 92 63 31 1.0
5 72 11 14 85 23 59 60 30 31 1.0
64 98 41 74 51 84 23 53 87 24 1.0
98 4 73 11 47 17 50 19 24 90 1.0
65 97 74 13 48 21 53 25 93 63 1.0
97 70 39 41 43 12 44 84 90 93 1.0
73 42 91 49 52 85 23 59 94 31 1.0
66 5 44 17 84 85 87 26 27 63 1.0
32 67 72 11 79 51 21 59 60 62 1.0
32 65 98 5 38 78 15 20 25 91 1.0
33 66 5 69 60 16 52 28 29 94 1.0
0 1 2 97 12 44 76 50 27 93 1.0
72 47 16 51 85 22 88 89 61 95 1.0
96 70 41 42 76 77 46 78 80 17 1.0
98 99 67 40 75 12 43 79 29 63 1.0
98 67 41 10 48 20 24 25 29 30 1.0
33 34 9 74 44 81 29 23 25 61 1.0
32 1 4 38 40 42 14 22 25 62 1.0
1 2 66 6 10 80 50 51 52 24 1.0
65 33 1 2 69 41 81 57 26 27 1.0
65 36 71 73 12 83 52 28 93 30 1.0
97 69 7 77 14 80 18 20 57 90 1.0
66 68 73 74 12 76 18 21 54 24 1.0
2 99 67 27 44 45 54 59 62 31 1.0
67 68 70 40 9 10 87 57 62 95 1.0
97 35 74 43 12 13 47 21 29 63 1.0
71 39 73 77 78 47 17 84 53 31 1.0
97 34 3 36 41 47 83 22 56 28 1.0
99 69 39 13 79 15 24 89 26 29 1.0
66 12 48 81 82 80 86 23 92 93 1.0
65 2 72 75 76 49 83 87 60 63 1.0
64 1 0 35 75 12 81 19 21 56 1.0
32 66 35 4 14 87 56 57 93 30 1.0
64 69 41 43 15 47 19 22 58 59 1.0
96 1 69 73 12 45 54 58 93 94 1.0
99 5 70 46 14 49 81 85 86 59 1.0
65 99 6 45 15 80 83 90 59 61 1.0
99 38 6 73 41 89 90 27 61 31 1.0
32 66 98 37 81 18 17 54 59 94 1.0
32 99 36 4 38 39 73 45 82 90 1.0
6 7 11 82 83 93 51 84 29 63 1.0
58 39 72 42 11 18 86 26 28 95 1.0
1 5 70 41 11 51 83 54 22 56 1.0
96 97 2 99 70 76 13 53 88 28 1.0
0 33 67 37 38 13 79 82 27 62 1.0
1 5 38 71 11 21 87 57 60 25 1.0
96 97 70 6 40 76 77 12 54 95 1.0
33 65 68 16 18 82 21 22 90 94 1.0
35 5 6 11 13 78 79 80 84 54 1.0
65 33 97 7 9 43 20 23 56 92 1.0
74 45 79 16 52 84 54 86 56 26 1.0
35 39 71 76 84 24 27 61 94 95 1.0
64 2 15 48 79 80 83 85 28 95 1.0
2 35 41 49 50 53 86 56 89 91 1.0
0 43 12 76 21 55 26 60 62 31 1.0
4 37 70 73 76 14 47 17 85 23 1.0
3 68 69 45 77 15 82 21 88 90 1.0
73 42 11 78 49 81 51 20 86 25 1.0
65 2 68 41 75 43 45 46 54 28 1.0
32 98 73 45 79 49 82 54 90 30 1.0
32 98 8 41 16 50 21 54 55 24 1.0
33 39 77 48 19 84 55 87 91 95 1.0
64 65 58 69 70 73 11 15 26 93 1.0
65 70 71 72 43 77 80 19 84 30 1.0
66 68 12 44 13 79 16 20 23 62 1.0
1 38 75 78 18 20 21 87 59 62 1.0
35 73 31 19 52 21 58 28 29 95 1.0
72 41 75 14 49 23 87 56 25 30 1.0
3 67 7 73 74 47 51 54 28 63 1.0
64 0 32 68 41 11 14 50 53 91 1.0
4 70 40 72 45 19 54 55 88 92 1.0
2 68 5 6 7 41 46 21 88 59 1.0
66 70 7 8 74 84 89 59 95 63 1.0
96 2 67 8 73 43 15 53 86 25 1.0
99 37 72 41 77 78 48 82 50 22 1.0
68 10 76 82 52 53 21 60 94 95 1.0
64 3 68 5 74 80 21 22 24 95 1.0
33 99 37 71 76 79 81 84 58 29 1.0
64 7 41 15 17 50 83 82 61 30 1.0
65 37 12 30 86 55 56 89 61 94 1.0
96 33 37 6 42 43 78 19 54 23 1.0
7 8 59 75 28 55 23 90 91 60 1.0
1 65 3 36 45 78 80 22 25 26 1.0
37 72 14 50 51 22 23 90 28 61 1.0
64 33 3 7 40 46 18 19 24 89 1.0
32 97 66 3 35 37 78 17 22 28 1.0
66 71 8 73 76 15 54 24 58 93 1.0
36 11 44 20 23 54 86 22 26 63 1.0
99 3 73 48 19 20 86 56 94 62 1.0
98 99 10 43 18 19 23 88 25 60 1.0
3 68 10 80 16 19 52 87 25 27 1.0
33 99 4 11 14 82 22 26 59 95 1.0
66 3 99 13 14 16 52 55 91 31 1.0
64 1 5 70 71 14 16 17 87 59 1.0
97 69 9 75 76 14 52 85 84 31 1.0
97 6 41 47 16 15 83 56 26 30 1.0
0 34 5 41 42 43 48 83 84 89 1.0
4 8 42 46 14 78 17 89 95 57 1.0
32 97 3 8 12 45 47 54 30 94 1.0
97 66 1 38 50 22 23 24 92 93 1.0
66 35 26 6 42 53 54 88 25 90 1.0
2 68 79 82 51 61 89 26 59 29 1.0
96 0 34 5 70 73 78 23 57 91 1.0
34 66 71 40 73 82 18 20 85 93 1.0
6 42 12 49 83 94 90 28 30 63 1.0
3 69 38 6 43 45 19 83 21 23 1.0
1 4 6 72 74 80 48 83 20 88 1.0
96 98 99 36 74 49 53 22 56 31 1.0
96 72 14 16 17 85 54 53 86 25 1.0
6 10 75 14 51 83 84 86 23 60 1.0
33 1 68 13 46 85 87 29 30 31 1.0
64 97 12 77 79 48 85 22 57 95 1.0
64 35 11 76 86 23 62 57 27 94 1.0
97 4 36 11 15 21 53 55 60 61 1.0
35 37 44 81 82 51 20 23 24 90 1.0
1 98 59 45 14 46 23 88 27 60 1.0
36 37 38 42 43 44 14 49 19 93 1.0
65 40 11 12 46 14 19 87 90 62 1.0
32 13 18 83 30 87 26 60 29 62 1.0
1 10 43 76 13 78 17 87 55 25 1.0
32 9 76 12 45 18 52 20 86 61 1.0
96 33 4 70 8 9 77 47 85 91 1.0
32 65 2 35 71 42 20 25 90 60 1.0
7 40 73 9 77 80 82 21 91 93 1.0
32 97 66 70 51 52 25 91 29 31 1.0
33 35 12 14 79 24 88 61 94 31 1.0
64 4 12 48 51 19 54 55 56 90 1.0
32 1 97 66 5 39 9 74 60 92 1.0
65 67 7 45 15 83 84 22 86 26 1.0
33 67 37 70 12 80 81 84 88 93 1.0
37 9 44 46 83 87 24 89 31 57 1.0
34 8 11 79 54 57 90 59 28 61 1.0
96 1 6 40 73 78 50 83 22 57 1.0
65 2 5 7 43 12 78 19 51 23 1.0
89 34 69 38 14 83 52 86 57 91 1.0
32 97 4 71 77 84 20 53 56 31 1.0
32 66 26 72 41 42 80 24 90 27 1.0
64 35 38 74 12 84 85 55 60 62 1.0
33 37 7 46 84 53 22 56 27 92 1.0
69 70 7 5 42 74 76 17 56 57 1.0
98 3 35 5 70 74 80 86 58 91 1.0
33 4 90 44 50 85 87 88 56 27 1.0
96 97 32 4 42 45 46 48 49 80 1.0
96 64 67 68 7 42 12 81 87 63 1.0
1 8 78 79 48 16 83 87 24 92 1.0
65 38 10 44 45 76 50 20 86 24 1.0
96 66 37 7 73 15 79 20 85 63 1.0
33 66 9 10 75 54 86 22 58 60 1.0
33 36 78 17 20 85 57 92 93 95 1.0
33 70 72 41 13 49 22 89 26 61 1.0
33 34 3 41 75 43 46 48 53 26 1.0
0 64 5 73 75 53 56 57 88 25 1.0
3 71 12 45 17 82 83 52 53 59 1.0
72 9 47 81 49 82 22 55 86 54 1.0
64 65 3 4 7 75 12 13 90 27 1.0
0 37 5 43 53 21 87 89 61 62 1.0
64 65 3 69 78 48 18 54 55 61 1.0
32 37 70 9 80 81 18 23 87 91 1.0
35 5 70 8 76 48 81 51 59 92 1.0
0 9 12 13 78 84 86 57 27 62 1.0
97 34 99 71 75 44 52 54 25 90 1.0
37 41 42 12 51 53 55 23 89 90 1.0
64 68 9 10 79 16 47 81 23 88 1.0
32 98 38 73 12 79 18 54 90 61 1.0
96 32 76 13 17 18 52 86 23 59 1.0
32 1 68 6 41 42 76 78 20 56 1.0
5 8 74 10 77 46 82 23 88 59 1.0
45 13 79 48 49 21 54 86 22 95 1.0
97 2 99 42 45 49 50 19 85 28 1.0
90 38 39 42 45 52 22 26 28 62 1.0
66 71 45 46 82 83 21 54 24 93 1.0
64 33 97 66 70 43 54 59 29 30 1.0
1 97 8 73 9 43 48 57 29 94 1.0
34 36 11 79 47 88 89 26 92 93 1.0
96 64 99 5 14 48 49 57 26 30 1.0
0 34 67 70 7 39 83 84 59 30 1.0
36 5 69 4 11 44 78 83 56 31 1.0
68 40 72 10 48 21 86 56 24 61 1.0
34 99 35 71 13 14 52 92 61 94 1.0
66 3 59 11 20 86 88 25 91 31 1.0
67 70 8 48 17 16 85 23 60 63 1.0
1 37 75 14 17 51 52 28 30 63 1.0
5 71 75 15 82 22 30 56 91 62 1.0
2 39 9 41 42 45 16 50 51 20 1.0
99 67 69 72 41 8 12 49 87 23 1.0
33 39 9 12 13 80 18 25 27 29 1.0
33 70 6 7 9 80 17 51 20 22 1.0
64 1 99 4 74 46 80 90 28 62 1.0
97 2 70 71 10 50 84 54 61 63 1.0
32 38 41 45 79 53 86 23 94 95 1.0
64 67 40 42 45 51 52 19 22 62 1.0
64 68 75 43 76 14 86 57 91 60 1.0
0 34 42 75 13 48 53 87 23 30 1.0
58 38 71 41 13 16 86 89 26 25 1.0
98 69 73 42 74 41 46 49 52 53 1.0
34 69 6 71 40 72 14 15 51 94 1.0
96 98 2 68 37 69 73 15 16 95 1.0
34 3 4 37 36 40 47 79 89 31 1.0
66 6 70 72 73 10 13 79 50 24 1.0
89 67 41 73 85 21 25 59 93 62 1.0
96 7 40 45 14 80 19 20 91 95 1.0
65 34 37 7 73 9 11 31 63 95 1.0
97 37 76 44 47 48 81 52 90 62 1.0
32 65 36 37 40 44 79 49 18 24 1.0
10 11 12 17 50 84 20 89 94 31 1.0
32 69 74 76 13 14 84 24 25 30 1.0
96 65 5 8 9 42 40 76 54 26 1.0
35 68 69 8 72 80 18 50 22 28 1.0
99 43 60 80 50 22 55 25 28 29 1.0
33 6 8 74 75 77 47 23 21 87 1.0
0 1 35 5 70 28 81 17 60 93 1.0
65 10 14 48 20 53 55 56 28 61 1.0
32 8 73 76 82 51 61 54 23 29 1.0
65 35 67 99 8 49 82 20 86 95 1.0
32 34 69 12 13 80 50 85 88 89 1.0
72 73 12 48 49 82 80 23 88 61 1.0
0 65 35 68 40 76 16 80 89 95 1.0
38 41 43 46 83 19 86 57 26 59 1.0
34 35 99 75 76 22 23 29 94 63 1.0
98 99 7 75 16 80 81 57 90 59 1.0
96 65 37 7 80 81 22 55 27 93 1.0
3 36 75 14 79 18 52 22 55 56 1.0
68 71 40 43 46 81 82 87 58 28 1.0
38 71 72 41 13 84 21 20 86 95 1.0
33 99 8 73 15 48 87 90 27 93 1.0
33 98 36 6 72 41 50 55 57 90 1.0
32 98 69 71 13 77 87 25 90 91 1.0
97 98 35 36 70 40 82 51 60 62 1.0
4 69 68 75 11 19 85 58 91 28 1.0
1 66 4 68 79 17 89 26 27 93 1.0
0 35 36 69 70 7 44 21 22 29 1.0
96 35 37 43 80 50 82 54 86 63 1.0
64 97 5 38 7 72 14 50 18 22 1.0
32 65 33 5 38 71 72 15 24 92 1.0
0 72 59 45 23 56 27 92 62 95 1.0
96 0 35 37 38 40 13 79 82 87 1.0
39 14 20 88 94 27 28 61 62 31 1.0
64 66 13 14 79 45 55 25 27 31 1.0
34 99 4 40 75 15 17 49 19 61 1.0
97 99 4 3 19 20 21 58 59 95 1.0
66 67 36 39 44 80 49 18 58 59 1.0
74 11 42 79 83 22 23 59 63 95 1.0
96 1 73 9 15 50 19 85 86 93 1.0
96 69 6 39 40 9 12 17 51 94 1.0
3 4 12 77 82 51 84 23 93 95 1.0
0 64 41 47 16 81 85 91 92 63 1.0
1 2 98 70 73 10 43 78 16 56 1.0
99 37 73 13 79 48 49 17 47 21 1.0
65 36 70 9 44 48 52 21 22 55 1.0
32 33 1 8 42 45 16 25 28 30 1.0
71 72 77 81 83 53 86 57 60 62 1.0
0 2 4 45 46 14 48 19 22 31 1.0
96 76 77 78 79 85 87 89 62 95 1.0
0 33 32 37 6 41 43 19 23 24 1.0
97 98 67 71 74 76 82 51 90 63 1.0
0 2 35 38 47 48 22 23 27 31 1.0
98 68 70 72 78 85 53 57 90 63 1.0
33 36 40 42 11 43 14 16 19 24 1.0
64 99 81 82 52 85 90 92 62 95 1.0
8 9 13 15 19 20 21 22 23 31 1.0
65 70 80 83 53 86 55 58 59 93 1.0
39 7 9 42 11 13 14 16 20 28 1.0
97 98 69 73 76 80 61 87 93 94 1.0
0 33 34 35 6 39 8 9 49 28 1.0
97 67 79 82 93 89 58 61 62 63 1.0
33 38 44 45 13 47 19 24 25 31 1.0
89 96 67 99 81 82 85 53 57 62 1.0
34 3 4 39 41 42 10 14 24 30 1.0
96 70 74 51 83 86 87 56 54 62 1.0
0 34 2 37 7 14 47 48 17 29 1.0
96 97 64 99 81 85 87 90 93 62 1.0
3 10 13 47 16 15 21 24 26 27 1.0
97 99 71 73 78 82 87 89 93 63 1.0
1 3 4 9 41 47 19 23 26 31 1.0
99 67 70 72 76 85 56 57 93 62 1.0
32 33 6 38 42 12 14 17 20 27 1.0
64 97 67 77 81 50 83 84 56 89 1.0
0 38 8 11 14 48 49 16 19 26 1.0
97 66 74 51 85 53 87 57 91 61 1.0
33 37 38 7 9 44 13 46 23 29 1.0
96 65 66 67 64 71 51 55 60 62 1.0
37 7 40 42 43 44 14 17 22 25 1.0
65 98 67 99 74 77 53 55 90 61 1.0
35 36 4 38 39 46 48 17 19 28 1.0
98 66 69 71 76 54 87 88 58 60 1.0
0 4 38 41 17 19 22 23 29 31 1.0
72 73 75 79 85 54 57 91 60 62 1.0
32 3 7 40 16 19 21 23 26 31 1.0
67 68 74 79 80 51 55 88 89 62 1.0
0 2 3 35 37 7 8 41 18 27 1.0
97 66 68 71 51 54 87 57 91 62 1.0
35 6 46 14 16 26 27 29 30 31 1.0
96 97 98 71 76 84 55 90 60 95 1.0
1 33 2 37 11 44 14 18 23 26 1.0
68 69 75 80 84 85 56 57 62 63 1.0
0 34 3 7 40 12 14 15 48 24 1.0
66 72 73 79 51 52 86 90 59 62 1.0
1 39 43 44 13 14 16 19 26 29 1.0
70 73 50 82 85 86 56 90 59 63 1.0
0 33 37 40 12 13 48 21 23 24 1.0
73 78 81 51 56 62 59 92 61 94 1.0
33 1 5 7 12 15 48 18 29 31 1.0
96 71 50 55 56 57 91 93 62 63 1.0
1 36 38 10 46 18 21 23 27 31 1.0
96 98 76 81 83 51 85 54 55 56 1.0
36 6 7 43 44 45 14 47 15 25 1.0
65 67 73 75 85 54 57 58 59 94 1.0
0 32 2 35 39 9 23 24 26 28 1.0
64 65 78 80 83 84 85 54 90 94 1.0
33 41 11 44 47 15 18 21 22 27 1.0
98 72 80 81 84 85 56 58 59 60 1.0
34 7 12 46 47 16 49 21 24 26 1.0
97 76 80 82 51 85 58 93 94 63 1.0
2 39 8 49 20 22 23 25 28 30 1.0
65 70 71 74 76 77 79 84 93 63 1.0
32 34 35 5 40 41 43 12 47 24 1.0
96 66 68 73 74 76 56 57 90 95 1.0
33 38 42 43 12 45 48 17 28 30 1.0
65 97 77 79 50 83 52 55 93 95 1.0
32 36 37 9 10 11 47 28 30 31 1.0
67 71 72 73 78 80 50 54 63 95 1.0
33 3 36 38 8 42 11 14 16 28 1.0
89 65 99 69 78 93 86 57 92 61 1.0
4 6 7 10 42 14 47 15 18 28 1.0
96 64 66 74 51 85 54 87 55 59 1.0
39 40 41 10 48 49 19 26 27 31 1.0
96 66 99 67 70 78 55 90 91 61 1.0
32 33 35 36 5 7 12 45 48 27 1.0
97 99 75 77 85 86 88 91 92 63 1.0
32 33 3 38 41 10 12 15 17 23 1.0
97 98 99 68 75 50 55 88 57 92 1.0
32 37 5 7 40 43 46 14 15 30 1.0
67 73 78 82 84 53 54 94 89 62 1.0
33 2 38 13 46 19 20 21 25 29 1.0
98 99 71 72 78 54 87 58 91 93 1.0
32 1 4 43 12 16 49 27 28 29 1.0
64 71 79 80 81 53 87 90 60 63 1.0
36 4 6 39 7 5 11 49 19 26 1.0
99 70 72 80 87 56 58 61 94 63 1.0
0 32 35 8 41 9 11 18 26 28 1.0
97 69 70 71 77 80 55 89 62 57 1.0
0 4 36 39 41 43 16 18 25 27 1.0
98 73 74 75 79 82 50 57 91 92 1.0
36 5 8 42 46 14 16 15 19 28 1.0
96 66 72 75 82 51 56 63 62 95 1.0
36 5 6 8 40 49 23 25 29 30 1.0
56 68 67 75 77 78 88 57 90 63 1.0
3 4 36 8 42 45 46 17 18 28 1.0
96 65 78 80 50 84 55 56 59 62 1.0
1 34 7 42 48 16 22 25 27 30 1.0
64 97 66 67 68 86 55 87 89 93 1.0
33 39 8 41 11 44 14 47 24 27 1.0
67 68 74 77 79 80 82 52 88 90 1.0
4 36 38 10 12 45 16 17 19 26 1.0
65 66 76 77 51 83 56 57 58 61 1.0
35 36 40 12 13 17 24 25 27 31 1.0
66 72 76 53 86 55 58 60 63 95 1.0
32 33 34 35 36 42 45 46 47 25 1.0
70 74 75 82 52 87 59 60 93 62 1.0
32 36 39 12 17 18 19 22 23 29 1.0
64 72 77 79 80 82 53 85 86 59 1.0
33 34 35 36 40 41 42 14 27 30 1.0
64 70 72 75 81 51 86 58 92 95 1.0
3 5 6 10 46 14 15 49 19 29 1.0
97 58 79 80 50 84 86 90 59 92 1.0
1 7 42 13 14 18 19 20 21 23 1.0
98 99 69 70 71 80 83 58 93 94 1.0
33 36 38 39 45 16 19 21 24 29 1.0
69 73 77 78 51 53 59 93 62 95 1.0
0 5 10 42 44 45 11 48 20 28 1.0
98 68 82 83 85 87 89 61 94 63 1.0
3 4 43 13 45 17 18 21 26 31 1.0
64 67 70 74 76 77 51 87 89 94 1.0
33 35 37 5 40 42 11 47 49 17 1.0
65 99 67 78 83 53 87 89 91 93 1.0
33 39 41 43 18 19 25 26 27 30 1.0
64 97 67 68 99 80 94 89 90 62 1.0
3 35 5 39 46 15 21 22 23 25 1.0
70 71 75 76 83 84 87 89 92 63 1.0
0 8 41 43 44 19 22 27 29 31 1.0
65 74 78 81 52 85 55 88 94 95 1.0
0 1 3 36 6 7 9 43 12 47 1.0
66 69 71 50 83 52 84 53 55 61 1.0
37 40 9 12 14 16 48 21 27 31 1.0
97 99 90 70 76 50 89 58 60 94 1.0
32 1 35 5 7 11 16 19 20 21 1.0
96 66 98 70 92 52 53 88 60 63 1.0
34 5 6 39 11 17 22 25 28 31 1.0
97 71 78 80 51 52 84 90 91 62 1.0
5 38 7 41 9 11 49 18 21 26 1.0
70 74 80 51 84 85 86 90 91 93 1.0
1 34 3 40 46 47 19 21 23 30 1.0
65 79 83 84 52 86 87 54 89 59 1.0
32 33 4 6 8 12 13 47 28 31 1.0
96 65 66 97 72 74 80 53 57 58 1.0
33 35 3 36 7 47 48 16 22 28 1.0
98 68 81 52 56 62 58 59 60 94 1.0
2 7 41 43 46 16 48 18 26 28 1.0
64 99 77 83 53 89 90 91 60 93 1.0
1 35 7 8 41 44 12 14 25 30 1.0
98 73 75 80 85 86 53 54 59 63 1.0
3 7 39 12 45 14 15 49 20 22 1.0
64 71 77 79 85 87 55 88 61 62 1.0
34 7 42 15 16 18 20 23 24 28 1.0
76 77 78 79 51 86 56 89 60 95 1.0
32 35 37 9 42 46 15 47 18 19 1.0
64 97 99 90 77 85 54 58 60 93 1.0
34 3 37 39 7 8 10 43 19 24 1.0
98 99 74 82 83 87 88 89 94 57 1.0
1 35 36 37 13 18 23 24 28 31 1.0
65 70 76 80 51 84 54 88 57 59 1.0
32 33 0 40 42 43 47 20 21 23 1.0
66 67 70 72 73 77 50 53 87 57 1.0
1 35 5 39 40 43 13 16 22 25 1.0
69 72 73 76 78 50 51 55 88 90 1.0
32 35 6 40 41 43 15 47 26 28 1.0
64 66 68 70 72 77 80 50 85 60 1.0
0 4 38 9 15 49 17 22 23 30 1.0
66 99 68 77 80 82 88 57 91 95 1.0
5 43 44 45 12 16 18 21 24 25 1.0
65 97 68 72 75 77 50 57 63 95 1.0
1 36 39 41 9 13 47 48 27 28 1.0
98 75 50 52 85 55 56 93 62 63 1.0
32 36 5 38 45 47 16 20 24 28 1.0
97 99 69 70 72 81 50 51 89 63 1.0
0 33 34 39 42 10 13 14 29 31 1.0
99 68 69 79 92 51 53 88 57 60 1.0
33 1 11 45 48 49 20 28 29 31 1.0
64 66 69 77 82 83 54 87 59 62 1.0
35 5 9 10 46 47 16 18 25 31 1.0
96 65 98 75 76 80 86 55 89 90 1.0
0 33 35 4 38 9 45 17 20 30 1.0
64 68 70 76 82 52 54 87 88 95 1.0
3 36 37 5 11 46 49 19 23 31 1.0
69 71 76 77 81 50 53 86 58 91 1.0
5 37 7 9 11 15 48 24 27 28 1.0
96 72 51 52 53 91 92 61 62 95 1.0
32 33 5 37 39 13 23 24 25 27 1.0
98 67 68 69 76 79 51 53 91 61 1.0
1 36 39 41 12 46 48 18 19 29 1.0
65 99 67 79 80 82 53 86 87 92 1.0
1 34 8 41 11 12 14 16 49 26 1.0
65 66 69 71 72 73 75 76 79 82 1.0
32 33 37 38 41 15 19 20 22 30 1.0
64 69 75 76 51 85 56 89 90 91 1.0
3 4 37 8 9 12 14 15 29 30 1.0
64 97 67 71 75 84 53 86 95 63 1.0
3 6 7 43 44 11 15 16 48 31 1.0
70 73 75 77 78 82 51 55 89 90 1.0
2 5 38 43 14 47 48 49 23 30 1.0
64 66 98 79 80 86 89 93 95 63 1.0
0 36 40 43 12 45 46 14 47 23 1.0
64 68 90 50 52 55 58 60 93 63 1.0
34 37 7 8 9 10 16 17 19 31 1.0
65 71 78 82 83 84 54 89 91 62 1.0
32 36 37 42 45 47 16 15 20 24 1.0
69 71 72 81 85 86 54 59 61 62 1.0
2 4 37 41 13 14 47 49 18 26 1.0
64 68 73 77 81 51 55 89 91 93 1.0
34 4 8 40 46 47 14 17 22 26 1.0
69 75 76 77 81 84 57 58 94 95 1.0
5 37 9 10 43 12 48 49 20 22 1.0
69 70 72 77 79 80 81 52 90 95 1.0
32 1 37 39 43 11 18 23 28 31 1.0
68 69 77 79 50 51 52 87 92 63 1.0
37 38 41 15 20 21 23 24 25 26 1.0
96 97 67 74 80 82 84 56 89 63 1.0
34 5 38 41 9 46 15 49 23 24 1.0
96 89 64 98 76 82 54 57 90 94 1.0
1 2 39 8 11 46 48 16 18 28 1.0
65 98 99 75 76 79 54 58 62 63 1.0
32 7 40 8 11 44 47 48 19 25 1.0
97 98 72 73 74 75 50 51 54 94 1.0
33 6 7 9 42 45 15 19 20 27 1.0
66 69 71 76 77 81 87 88 56 59 1.0
0 3 44 45 14 17 23 24 25 31 1.0
65 68 91 77 50 89 59 61 94 63 1.0
2 38 42 43 45 17 18 25 26 28 1.0
96 98 67 72 77 81 50 83 84 95 1.0
33 7 41 12 45 14 44 48 24 31 1.0
70 72 75 80 50 87 55 54 88 93 1.0
3 10 11 13 14 17 21 26 27 31 1.0
96 97 98 73 76 86 56 90 88 61 1.0
5 40 9 44 45 12 49 18 21 22 1.0
90 72 51 84 53 85 58 59 92 63 1.0
34 37 5 39 8 12 13 24 28 29 1.0
97 70 92 80 83 84 86 54 91 60 1.0
4 39 9 43 11 15 16 21 22 26 1.0
97 70 71 59 75 77 82 53 91 95 1.0
0 4 37 41 12 45 46 49 21 31 1.0
65 99 76 78 50 62 89 59 92 94 1.0
0 1 34 5 6 10 15 18 20 27 1.0
80 81 82 61 84 52 89 90 93 94 1.0
0 35 4 38 8 41 11 12 26 29 1.0
99 70 77 80 82 83 85 87 93 94 1.0
5 38 40 41 10 47 22 23 26 30 1.0
65 97 72 74 76 81 53 54 58 63 1.0
36 4 37 38 41 10 18 19 25 30 1.0
64 67 75 50 83 52 89 58 59 93 1.0
10 43 11 15 47 17 18 22 29 30 1.0
65 97 98 73 80 85 86 57 91 92 1.0
6 39 7 43 18 19 22 23 27 28 1.0
64 70 73 80 50 84 85 52 55 92 1.0
32 2 7 41 42 48 16 18 25 28 1.0
71 75 80 50 51 52 85 87 58 60 1.0
36 37 39 42 13 22 26 27 28 31 1.0
97 72 73 75 77 80 82 86 56 60 1.0
0 2 35 36 41 15 20 25 26 28 1.0
97 65 72 75 78 82 52 90 60 63 1.0
7 39 9 8 11 45 14 13 30 31 1.0
64 96 66 99 68 72 81 83 88 58 1.0
0 33 42 16 17 20 22 24 25 27 1.0
64 67 71 50 51 52 86 56 61 95 1.0
1 3 35 39 10 47 16 21 24 31 1.0
66 76 50 51 53 54 56 93 94 63 1.0
36 38 40 10 12 46 48 49 17 26 1.0
64 98 67 79 83 86 88 57 60 95 1.0
32 33 6 42 11 12 15 17 18 23 1.0
96 97 66 74 77 50 87 56 91 60 1.0
32 0 34 36 8 11 12 13 46 19 1.0
97 74 75 93 53 87 94 61 95 63 1.0
32 34 35 5 12 48 49 17 21 24 1.0
96 66 68 74 77 83 52 93 61 95 1.0
32 3 4 37 42 45 15 22 24 30 1.0
65 99 80 81 83 85 54 56 89 88 1.0
3 36 37 6 5 38 42 48 19 27 1.0
99 76 78 81 52 53 86 58 60 61 1.0
34 13 14 48 49 18 19 25 30 31 1.0
64 96 99 77 78 50 52 86 55 95 1.0
33 2 36 5 43 14 48 22 23 24 1.0
67 81 51 84 88 57 56 91 61 63 1.0
32 35 36 7 39 9 10 43 21 31 1.0
97 69 70 72 74 82 51 86 54 60 1.0
2 3 36 10 11 42 25 27 29 30 1.0
98 69 71 51 54 62 89 58 91 94 1.0
32 33 36 6 17 19 20 24 28 29 1.0
73 76 51 52 83 87 58 92 62 63 1.0
32 37 8 9 42 43 44 49 26 31 1.0
71 80 83 52 85 87 55 56 90 93 1.0
32 1 3 36 7 42 12 49 21 23 1.0
97 67 74 79 51 85 54 87 59 61 1.0
4 5 6 39 10 11 17 19 21 28 1.0
96 97 68 69 73 77 84 58 93 62 1.0
33 1 36 38 39 48 17 18 19 30 1.0
66 99 73 76 80 83 52 85 55 90 1.0
0 33 32 2 37 9 12 46 16 19 1.0
96 67 70 74 75 78 81 53 87 92 1.0
33 35 36 7 10 13 15 20 30 31 1.0
96 64 98 76 52 58 60 61 95 63 1.0
33 1 4 6 8 43 44 12 26 30 1.0
64 96 74 79 80 82 83 56 90 59 1.0
0 33 34 35 4 36 7 13 46 20 1.0
66 68 75 77 80 81 50 53 54 90 1.0
33 1 3 37 38 12 13 47 16 26 1.0
96 65 98 99 66 71 85 86 59 62 1.0
0 4 37 38 39 7 12 13 46 24 1.0
64 65 77 80 82 55 88 56 91 62 1.0
2 3 4 39 11 45 25 26 30 31 1.0
96 97 66 99 72 76 77 80 82 61 1.0
1 35 3 6 42 43 46 17 26 27 1.0
64 65 66 69 71 76 54 55 89 62 1.0
0 3 35 5 40 44 45 48 19 22 1.0
96 65 77 60 83 54 88 92 61 62 1.0
1 35 36 7 40 10 42 48 17 30 1.0
65 98 75 92 80 84 60 61 94 63 1.0
39 7 9 42 17 18 19 26 28 31 1.0
65 68 71 83 52 53 85 56 89 90 1.0
0 9 41 45 46 47 15 18 24 30 1.0
96 98 71 72 74 75 79 54 91 92 1.0
32 3 4 41 42 11 15 17 18 24 1.0
89 70 73 80 82 51 54 57 92 95 1.0
4 36 39 9 10 13 47 49 19 28 1.0
96 70 71 73 83 57 90 91 61 95 1.0
35 4 8 46 14 48 17 20 27 31 1.0
96 70 82 52 54 89 59 92 93 95 1.0
1 6 7 42 12 44 18 26 30 31 1.0
64 98 71 76 77 82 83 86 91 94 1.0
2 35 41 42 44 45 15 48 24 30 1.0
96 89 98 81 51 85 88 57 90 61 1.0
0 9 43 12 20 24 25 28 30 31 1.0
97 98 67 71 75 80 52 87 60 94 1.0
1 4 6 44 14 15 19 20 22 28 1.0
70 75 77 78 79 51 55 56 57 63 1.0
32 33 3 5 10 42 44 45 12 26 1.0
64 98 99 67 77 50 87 91 95 63 1.0
34 3 2 5 38 41 14 23 24 26 1.0
64 66 71 73 50 53 91 63 62 95 1.0
4 5 38 44 45 47 19 23 25 29 1.0
97 66 58 73 74 53 86 90 59 94 1.0
32 0 35 42 15 47 24 25 26 31 1.0
64 99 69 75 79 82 83 84 53 54 1.0
32 39 10 11 42 47 16 49 18 21 1.0
64 97 98 99 68 73 79 88 58 94 1.0
36 6 7 8 40 12 20 25 26 31 1.0
66 98 71 80 50 84 56 57 93 94 1.0
3 37 38 6 41 42 43 14 26 27 1.0
90 70 75 80 81 52 86 56 58 63 1.0
32 33 1 39 40 9 45 16 48 28 1.0
68 69 75 79 50 55 87 58 63 95 1.0
2 37 6 42 44 45 46 19 20 28 1.0
64 98 69 72 73 84 86 87 88 63 1.0
33 3 36 37 44 48 17 19 23 30 1.0
66 98 99 68 71 81 54 88 59 94 1.0
1 2 6 39 41 10 14 16 49 26 1.0
64 71 77 84 54 55 88 91 94 63 1.0
40 42 44 16 49 19 20 24 25 30 1.0
69 70 72 76 80 51 84 53 54 91 1.0
0 3 4 39 12 13 44 16 21 26 1.0
96 65 70 80 50 51 52 82 57 58 1.0
33 3 37 38 42 10 14 17 25 30 1.0
97 75 76 77 51 52 62 60 93 94 1.0
32 2 34 5 7 40 46 49 20 23 1.0
65 66 68 70 91 50 83 52 57 59 1.0
33 34 2 6 7 40 19 22 27 29 1.0
64 66 98 80 52 53 85 88 92 63 1.0
1 4 6 38 8 41 44 15 17 26 1.0
65 68 73 76 78 83 85 90 61 94 1.0
4 5 39 9 10 16 19 22 25 29 1.0
68 74 77 81 50 52 84 88 57 90 1.0
36 6 11 12 44 13 47 18 19 30 1.0
64 98 72 75 78 80 84 52 88 57 1.0
3 5 8 40 43 44 11 15 17 20 1.0
64 98 80 82 53 85 87 89 60 95 1.0
2 35 4 5 42 43 13 14 18 30 1.0
96 66 67 68 98 59 77 84 91 62 1.0
1 37 42 14 22 23 25 27 28 29 1.0
96 97 98 65 69 73 75 76 87 57 1.0
33 5 38 39 41 15 16 17 48 26 1.0
67 68 74 92 81 55 60 63 62 95 1.0
0 5 6 37 8 17 19 22 27 30 1.0
97 70 92 80 82 51 53 86 60 93 1.0
32 1 3 38 12 44 47 17 22 25 1.0
64 97 67 71 79 51 54 87 60 62 1.0
34 3 5 39 11 45 19 20 23 27 1.0
70 74 50 51 52 55 62 60 94 63 1.0
3 4 36 38 40 11 45 48 25 30 1.0
97 66 98 69 72 75 81 88 94 95 1.0
32 34 37 8 10 43 13 19 22 29 1.0
64 98 66 79 50 53 55 87 56 62 1.0
1 4 7 40 42 14 18 23 27 29 1.0
96 70 50 84 53 87 88 57 90 94 1.0
32 33 8 9 15 16 49 23 26 28 1.0
64 97 75 50 51 54 87 56 59 61 1.0
37 6 39 41 42 18 22 25 27 30 1.0
96 69 59 81 86 55 89 90 91 61 1.0
3 6 39 8 41 38 44 13 19 23 1.0
69 77 78 52 85 54 56 57 58 91 1.0
32 33 36 5 38 8 16 19 22 26 1.0
96 68 72 75 50 82 54 56 59 60 1.0
35 36 37 38 7 9 12 17 22 30 1.0
65 68 69 71 77 81 82 83 88 57 1.0
32 2 3 6 41 44 15 19 23 28 1.0
97 65 69 76 78 81 83 53 93 94 1.0
0 34 3 2 5 9 42 26 28 29 1.0
66 69 79 80 50 84 85 56 89 61 1.0
0 33 4 6 39 40 9 25 26 28 1.0
97 67 68 70 74 77 84 56 92 62 1.0
4 37 7 9 14 47 15 19 21 22 1.0
64 96 98 68 71 77 54 88 58 61 1.0
2 35 37 39 10 15 48 47 20 30 1.0
65 97 67 68 73 75 76 51 87 57 1.0
0 33 4 39 10 11 46 17 49 22 1.0
64 65 66 67 70 93 59 61 62 95 1.0
0 2 3 36 4 5 37 40 16 29 1.0
97 73 84 85 54 88 90 59 60 62 1.0
34 35 5 38 46 49 18 22 23 29 1.0
96 71 77 50 51 52 55 56 59 92 1.0
32 1 3 5 9 44 14 20 26 27 1.0
99 68 71 77 79 83 52 54 88 63 1.0
2 36 43 44 13 48 17 20 21 28 1.0
96 68 76 80 81 50 54 87 93 63 1.0
3 4 8 10 14 16 20 26 28 29 1.0
97 68 69 70 71 79 55 85 87 58 1.0
33 34 35 38 11 48 17 21 25 28 1.0
76 60 80 51 53 55 57 90 92 94 1.0
33 34 35 40 9 15 16 48 27 28 1.0
96 67 69 71 75 77 52 93 95 63 1.0
33 39 10 15 48 20 24 26 27 28 1.0
67 69 76 77 84 90 59 60 93 62 1.0
6 9 46 47 48 49 22 26 27 30 1.0
98 67 72 79 50 83 85 62 60 94 1.0
34 11 43 44 12 15 49 17 23 24 1.0
96 70 72 76 78 83 57 58 59 62 1.0
1 5 38 8 11 46 14 15 18 24 1.0
97 98 68 72 73 75 77 79 88 63 1.0
2 5 38 8 43 44 49 19 21 25 1.0
64 97 68 80 83 53 87 57 90 61 1.0
1 3 4 37 43 46 17 18 26 31 1.0
98 66 67 70 73 75 76 80 88 60 1.0
37 12 44 13 15 47 20 23 26 30 1.0
64 71 72 73 74 81 84 85 57 60 1.0
3 5 40 8 14 15 18 20 26 31 1.0
64 65 68 71 77 79 85 86 90 60 1.0
35 38 41 11 45 49 20 22 25 30 1.0
68 69 71 81 55 86 87 88 53 93 1.0
33 34 4 14 15 48 21 22 26 31 1.0
77 81 85 86 87 58 60 93 62 95 1.0
32 33 34 3 38 10 14 47 25 26 1.0
64 97 96 88 89 91 92 61 62 57 1.0
38 6 10 11 12 47 48 28 30 31 1.0
89 65 67 70 72 84 85 87 57 93 1.0
35 10 43 12 13 45 15 25 29 31 1.0
64 67 76 80 50 51 52 55 92 63 1.0
0 33 4 7 8 9 45 20 26 30 1.0
96 64 66 98 52 88 57 60 61 62 1.0
1 33 9 42 43 45 47 49 26 28 1.0
65 97 66 70 74 81 54 55 57 93 1.0
2 35 40 10 11 44 45 14 27 30 1.0
96 99 68 67 72 52 85 53 57 60 1.0
2 37 38 7 12 23 24 26 27 29 1.0
96 66 99 67 69 68 76 78 51 90 1.0
34 38 43 13 14 17 18 19 21 22 1.0
69 73 75 77 79 81 87 88 58 61 1.0
32 36 6 45 47 17 19 23 27 29 1.0
97 69 71 72 77 80 50 53 89 59 1.0
3 9 44 13 45 16 18 22 25 29 1.0
64 99 71 82 52 85 91 60 61 63 1.0
1 2 10 13 45 48 20 25 27 28 1.0
65 67 68 71 82 51 84 86 87 63 1.0
2 34 35 5 40 42 11 45 48 21 1.0
96 71 72 74 51 52 55 89 58 93 1.0
35 4 42 11 44 12 16 49 21 23 1.0
64 66 68 74 81 50 56 89 90 59 1.0
34 35 4 38 39 41 47 48 15 20 1.0
98 99 77 82 83 86 55 89 58 93 1.0
34 5 6 9 45 48 18 19 29 30 1.0
70 74 84 85 54 55 57 58 62 63 1.0
32 4 8 12 15 17 49 21 22 26 1.0
65 69 75 82 84 53 58 59 62 63 1.0
32 2 3 41 9 11 42 16 18 25 1.0
64 68 71 80 81 51 84 85 88 95 1.0
1 34 4 5 36 44 14 20 27 29 1.0
69 70 74 82 53 87 55 89 61 62 1.0
0 4 5 36 9 17 22 23 28 31 1.0
98 67 72 76 80 81 51 53 55 62 1.0
0 35 5 6 39 8 42 12 15 17 1.0
64 65 99 73 51 53 55 56 57 59 1.0
5 37 39 8 44 45 46 48 20 24 1.0
67 72 74 81 82 83 54 57 63 95 1.0
32 1 3 7 8 11 13 49 27 28 1.0
96 97 67 69 70 79 82 52 54 58 1.0
36 6 39 9 46 17 19 20 25 29 1.0
64 97 70 76 77 85 87 56 92 61 1.0
32 1 34 3 37 41 11 16 22 30 1.0
99 71 73 74 80 83 84 53 86 63 1.0
1 37 6 39 42 11 44 46 15 18 1.0
64 96 98 71 50 52 85 55 92 62 1.0
32 7 40 43 13 46 23 25 26 30 1.0
98 73 77 82 84 54 88 59 60 63 1.0
