97 99 35 3 72 8 42 43 75 46 79 50 84 94 63 1.0
3 99 7 72 9 42 11 13 81 18 19 21 23 24 93 1.0
64 33 97 38 71 14 48 17 86 55 94 58 93 62 31 1.0
2 36 69 90 9 43 12 13 44 46 49 82 50 26 92 1.0
1 97 98 36 69 6 9 74 78 83 54 55 90 59 29 1.0
96 98 35 38 8 46 79 16 15 80 56 94 28 62 63 1.0
32 66 37 40 72 11 15 48 19 52 85 87 58 27 93 1.0
32 67 39 9 74 45 82 18 85 88 24 58 27 92 30 1.0
1 97 35 3 5 6 12 77 45 15 48 17 20 89 91 1.0
1 37 71 72 74 12 92 47 83 21 55 88 27 28 62 1.0
0 97 1 99 32 64 38 8 40 16 85 22 92 63 95 1.0
65 3 4 41 42 15 51 53 86 23 87 26 91 92 94 1.0
1 98 67 3 5 66 72 40 9 17 18 19 87 23 63 1.0
65 9 74 43 44 11 47 15 17 19 84 22 23 25 60 1.0
32 34 36 71 9 73 76 47 80 48 53 89 59 62 95 1.0
96 34 70 39 72 9 10 6 82 21 55 56 25 26 63 1.0
0 34 98 58 70 6 74 76 12 48 18 51 23 90 94 1.0
2 98 70 10 13 14 77 79 49 82 22 54 24 59 94 1.0
0 33 71 73 74 14 47 16 17 49 82 19 91 30 95 1.0
90 11 76 44 15 48 49 81 82 85 86 23 88 24 58 1.0
96 56 70 38 41 73 76 45 15 19 23 55 88 90 59 1.0
1 33 66 97 37 6 71 39 42 76 45 77 46 18 84 1.0
0 98 99 4 37 6 34 40 42 13 79 18 59 29 30 1.0
4 36 6 38 40 69 76 46 17 20 87 88 60 93 94 1.0
98 35 34 13 14 80 50 83 24 62 57 59 92 94 31 1.0
96 33 66 68 6 41 11 44 16 49 80 85 90 30 95 1.0
1 38 71 39 9 42 45 13 47 83 56 25 58 59 92 1.0
33 2 67 68 73 42 12 13 79 51 21 55 25 62 95 1.0
4 6 8 74 10 12 45 78 46 48 55 88 89 62 63 1.0
97 98 40 72 77 16 49 22 23 90 91 92 61 30 31 1.0
0 98 36 72 40 78 47 79 81 18 83 20 23 56 91 1.0
65 99 69 70 6 39 8 75 15 47 50 20 55 59 62 1.0
3 5 71 40 73 7 11 49 51 54 23 88 92 29 95 1.0
99 4 36 40 91 10 76 77 45 47 16 85 24 59 60 1.0
33 37 5 42 11 77 46 47 48 19 83 21 54 22 95 1.0
98 3 4 73 11 14 15 51 20 84 22 55 25 91 95 1.0
66 69 9 10 12 77 79 50 82 20 85 56 59 62 95 1.0
97 39 76 77 60 92 78 81 15 19 52 85 89 90 28 1.0
98 66 38 59 10 14 47 48 17 88 94 27 61 62 57 1.0
33 2 4 37 69 38 74 78 47 50 52 85 22 89 63 1.0
1 2 33 6 74 11 13 47 80 81 16 52 53 28 95 1.0
34 69 6 39 40 8 72 75 77 78 15 47 91 60 62 1.0
65 39 40 11 76 13 43 77 82 53 22 55 56 25 92 1.0
32 96 69 7 8 43 77 78 48 85 22 23 88 94 62 1.0
1 67 37 39 40 41 10 43 75 49 81 20 85 88 90 1.0
96 3 67 72 41 9 43 8 81 52 25 59 61 30 95 1.0
97 33 35 34 5 38 67 71 41 6 11 89 90 27 31 1.0
33 4 8 9 74 41 10 77 45 48 53 55 56 26 93 1.0
32 33 3 68 36 7 75 12 13 16 19 25 59 62 63 1.0
33 99 72 45 14 49 18 51 84 85 54 22 25 60 57 1.0
0 65 68 36 39 41 43 80 49 83 84 52 55 91 63 1.0
3 5 39 7 41 74 11 78 16 50 83 52 84 22 30 1.0
34 35 99 37 5 73 78 46 16 52 21 89 93 30 63 1.0
69 38 71 59 10 47 81 82 49 22 25 91 31 63 95 1.0
64 1 99 9 10 75 14 79 47 93 86 59 28 29 63 1.0
33 66 38 8 12 77 13 47 17 18 19 22 56 61 62 1.0
97 68 36 6 39 5 8 16 82 85 25 90 60 61 62 1.0
32 64 70 8 40 28 77 82 52 85 88 57 91 92 31 1.0
98 3 70 39 9 73 12 76 22 87 88 90 27 60 93 1.0
32 35 68 4 70 40 8 42 10 15 82 22 87 62 94 1.0
64 65 99 35 39 13 45 77 23 55 22 87 62 94 95 1.0
32 65 5 71 39 73 11 76 46 17 18 19 21 53 54 1.0
32 1 65 5 6 7 72 10 77 14 79 23 24 25 60 1.0
35 99 69 7 9 45 14 82 84 85 86 55 24 60 29 1.0
67 68 4 6 8 75 76 48 53 86 56 25 90 92 31 1.0
66 3 4 36 72 73 11 46 14 17 19 84 22 25 58 1.0
65 66 67 73 42 43 76 75 78 17 51 23 24 89 63 1.0
97 2 70 71 11 43 78 14 80 79 19 53 87 90 29 1.0
65 99 3 69 40 42 43 16 50 19 20 54 23 91 29 1.0
0 8 74 43 47 49 50 19 20 53 22 55 25 26 93 1.0
97 11 76 45 15 81 63 20 85 57 26 60 93 30 95 1.0
0 33 67 72 10 74 75 31 42 78 82 84 52 28 63 1.0
35 99 7 71 40 75 12 78 48 51 52 53 57 28 63 1.0
32 0 98 4 36 10 42 12 77 80 84 87 89 95 63 1.0
0 99 35 67 3 71 40 75 12 76 48 81 90 60 63 1.0
1 58 71 13 15 47 79 51 22 88 25 90 93 94 57 1.0
66 67 6 8 11 12 45 76 51 20 88 57 26 29 95 1.0
32 65 1 38 40 73 74 10 91 8 54 27 92 30 95 1.0
97 33 67 4 72 42 76 44 50 19 52 23 55 90 94 1.0
1 98 72 59 8 78 14 16 21 23 56 25 27 29 94 1.0
89 97 67 5 39 9 44 47 81 53 24 57 88 61 31 1.0
0 66 68 5 38 7 37 11 31 81 87 28 93 30 95 1.0
4 69 9 10 75 76 13 50 84 85 22 87 25 27 29 1.0
34 38 73 76 12 46 79 80 50 20 24 89 92 62 95 1.0
65 2 4 72 41 10 46 79 80 21 53 27 28 93 94 1.0
98 36 6 7 42 10 43 75 81 18 49 50 22 24 27 1.0
96 1 97 89 36 70 71 13 78 80 49 51 88 57 90 1.0
96 66 75 77 48 81 80 53 55 88 62 28 63 94 95 1.0
32 97 99 5 38 7 43 19 83 22 23 89 59 92 29 1.0
97 34 38 7 9 78 18 50 85 56 89 90 29 30 63 1.0
97 66 3 5 43 76 45 78 53 54 87 88 29 62 95 1.0
2 3 67 4 12 76 15 51 86 23 88 25 90 93 62 1.0
97 65 99 4 6 72 43 77 46 79 49 26 91 61 62 1.0
96 37 6 74 43 76 80 17 82 81 48 53 21 24 94 1.0
32 64 33 0 68 4 40 74 15 18 86 55 54 25 93 1.0
96 67 4 37 70 6 69 72 74 75 46 51 56 90 91 1.0
65 66 38 6 9 45 78 46 16 48 81 52 22 87 60 1.0
1 67 3 90 72 41 12 16 84 21 86 20 26 61 63 1.0
33 65 99 90 7 71 10 75 44 46 83 26 60 62 31 1.0
2 38 40 41 42 75 12 13 78 24 89 90 59 92 95 1.0
32 2 3 6 71 41 42 10 14 15 81 23 57 60 61 1.0
98 34 58 35 70 38 42 44 46 48 84 55 90 60 94 1.0
1 66 35 37 70 59 46 29 86 55 56 25 27 92 93 1.0
65 67 8 43 12 46 79 16 82 22 55 89 59 62 31 1.0
64 0 99 3 70 73 77 13 18 82 85 30 27 94 31 1.0
36 5 6 72 44 13 77 48 49 17 18 81 85 94 62 1.0
96 34 67 66 7 27 11 49 51 84 54 55 89 58 59 1.0
37 7 40 8 77 79 47 81 17 53 55 25 93 30 95 1.0
65 99 38 41 42 12 77 45 79 48 16 18 56 27 29 1.0
33 99 4 5 71 43 13 15 79 81 18 83 55 28 30 1.0
64 67 68 69 7 73 10 12 78 48 17 81 52 53 92 1.0
0 3 7 72 47 17 82 52 53 54 87 56 25 60 63 1.0
67 3 6 38 8 72 39 75 45 80 52 53 24 30 31 1.0
70 39 71 9 74 44 14 79 78 82 51 23 57 59 95 1.0
96 1 34 69 70 6 42 43 44 12 47 61 89 58 93 1.0
33 97 67 99 58 39 41 75 47 16 22 23 24 56 62 1.0
32 1 97 35 4 71 77 82 20 23 22 87 88 28 61 1.0
96 0 2 67 36 9 43 44 76 60 14 17 28 61 30 1.0
34 37 40 41 11 47 80 18 83 84 55 24 25 93 31 1.0
65 97 26 98 58 33 40 10 75 14 83 51 54 90 61 1.0
0 33 99 68 72 40 10 77 14 45 49 23 87 26 29 1.0
64 97 0 71 39 14 15 16 51 52 21 22 85 58 28 1.0
65 3 72 9 42 77 79 80 47 81 52 55 89 28 93 1.0
97 34 35 99 72 41 9 75 79 82 54 87 86 22 59 1.0
33 4 37 68 8 74 12 76 47 16 50 86 58 92 30 1.0
33 69 72 43 12 77 82 83 52 84 86 89 59 93 25 1.0
97 36 42 43 10 81 50 84 21 86 94 25 58 28 30 1.0
89 34 67 26 4 39 40 71 74 22 88 25 90 59 62 1.0
33 2 67 34 1 72 43 12 79 15 88 25 91 61 31 1.0
1 68 5 70 72 41 74 14 50 83 51 53 24 62 95 1.0
33 66 98 68 71 8 7 11 14 85 86 56 28 93 94 1.0
32 67 68 39 8 12 45 14 16 29 87 56 27 61 31 1.0
96 32 66 35 6 7 8 76 79 16 93 22 56 25 61 1.0
33 37 71 41 76 12 15 49 82 18 88 57 28 30 31 1.0
64 5 38 71 72 11 45 14 79 77 81 52 90 91 30 1.0
65 68 5 6 73 41 82 83 52 21 19 23 56 61 29 1.0
96 1 0 67 6 71 11 76 47 82 83 19 23 27 63 1.0
97 34 67 71 41 77 46 48 50 20 87 57 58 93 31 1.0
65 2 68 37 7 71 41 11 15 16 22 87 59 29 62 1.0
65 72 8 75 44 79 51 84 85 53 25 88 62 29 30 1.0
64 5 75 76 45 14 43 78 51 83 84 22 23 28 31 1.0
96 34 35 4 67 72 9 13 78 46 17 83 86 57 93 1.0
65 1 73 11 12 14 47 83 19 86 55 54 28 93 30 1.0
32 66 35 6 70 72 10 74 12 13 78 20 54 57 92 1.0
0 96 34 64 66 70 71 76 80 81 21 86 56 58 61 1.0
97 98 3 36 37 74 12 13 78 16 49 82 19 21 58 1.0
35 4 99 39 41 42 28 82 29 30 53 55 92 93 94 1.0
65 98 36 37 90 77 79 49 50 84 88 58 27 29 63 1.0
3 99 36 72 10 11 45 19 51 53 22 84 58 91 63 1.0
96 3 38 40 41 73 11 45 46 49 82 83 53 22 30 1.0
64 96 66 98 5 6 13 15 80 81 83 86 24 61 63 1.0
32 34 36 72 12 77 78 79 92 76 84 53 22 60 63 1.0
0 65 1 99 4 33 96 39 34 80 18 20 89 28 31 1.0
0 32 35 5 74 13 14 19 52 23 54 87 56 59 94 1.0
98 4 39 45 79 81 21 22 23 62 25 59 93 30 95 1.0
64 36 7 40 73 12 76 46 15 80 55 87 24 95 31 1.0
96 4 37 70 71 8 42 77 46 47 81 82 23 91 61 1.0
6 76 14 79 46 48 50 51 20 85 54 87 26 29 63 1.0
66 70 71 40 73 74 43 44 77 84 85 20 25 91 93 1.0
0 35 99 37 40 13 81 50 82 20 54 88 89 62 95 1.0
4 37 38 70 72 68 74 43 44 45 40 82 22 23 88 1.0
97 66 26 69 44 13 78 18 84 52 55 88 57 56 27 1.0
64 65 40 44 78 15 16 49 19 52 23 22 55 58 60 1.0
64 33 66 35 39 10 11 79 47 86 26 60 29 62 63 1.0
98 4 6 42 75 77 46 13 81 18 20 54 22 93 95 1.0
0 98 99 7 71 42 75 43 77 13 48 85 57 28 94 1.0
32 2 68 75 76 77 60 47 79 81 51 85 89 90 28 1.0
99 37 69 71 76 77 45 92 16 51 53 56 59 28 63 1.0
67 6 71 44 79 16 81 48 51 84 53 54 57 92 93 1.0
4 37 6 73 42 44 45 78 77 18 51 20 50 55 93 1.0
0 2 35 99 70 6 41 19 20 53 84 55 23 29 31 1.0
32 97 33 99 68 4 65 35 40 46 16 81 48 83 52 1.0
0 2 67 4 71 10 43 12 79 52 85 88 57 62 63 1.0
0 98 3 68 37 69 7 9 43 46 15 83 52 22 31 1.0
96 64 5 39 8 73 75 77 45 54 57 60 63 62 31 1.0
1 34 67 36 6 8 41 74 45 46 50 58 92 94 63 1.0
64 1 65 35 68 6 74 47 17 50 51 20 87 24 91 1.0
65 67 68 72 73 74 45 14 49 17 51 53 55 28 30 1.0
66 99 67 98 75 31 92 82 23 87 89 58 91 28 63 1.0
32 98 4 5 38 9 73 42 76 13 46 80 51 55 30 1.0
2 5 40 9 42 72 74 14 80 17 29 53 91 93 95 1.0
96 26 70 10 44 46 81 52 21 55 58 59 93 62 95 1.0
98 2 69 5 38 42 11 76 12 46 17 83 20 92 95 1.0
33 66 67 35 8 9 42 43 50 18 52 85 25 91 61 1.0
89 4 42 43 44 13 10 77 48 85 56 25 26 62 63 1.0
96 89 2 66 68 46 14 80 48 50 16 84 22 24 25 1.0
67 4 69 38 72 10 14 29 52 85 54 56 88 63 95 1.0
96 33 99 3 90 6 38 8 11 80 87 89 26 27 29 1.0
32 35 68 4 38 6 9 11 48 17 80 85 87 26 91 1.0
65 66 3 39 8 73 42 14 47 20 85 55 25 27 92 1.0
96 32 0 98 3 37 6 41 13 78 79 54 88 57 56 1.0
66 37 7 39 8 74 11 12 14 15 48 19 58 29 62 1.0
99 37 69 40 41 74 76 45 78 48 18 51 22 56 26 1.0
0 96 68 5 12 45 13 92 18 20 53 57 91 28 31 1.0
89 33 99 40 73 76 14 49 18 50 86 25 90 27 95 1.0
2 99 66 39 10 18 51 20 21 24 89 90 91 95 31 1.0
97 66 68 7 8 72 75 82 85 23 25 90 27 60 61 1.0
0 2 58 5 9 41 12 46 49 82 53 22 26 29 30 1.0
0 98 6 75 43 76 12 47 80 49 17 16 52 24 90 1.0
96 1 6 72 41 44 79 49 50 19 24 28 61 95 31 1.0
96 34 72 73 75 76 13 79 49 51 20 55 88 31 63 1.0
34 98 58 68 72 40 76 78 48 16 23 88 56 91 95 1.0
65 33 67 9 10 14 49 82 52 85 22 87 58 62 31 1.0
96 4 69 70 8 73 10 43 77 46 21 24 27 60 62 1.0
32 2 35 36 3 70 74 12 44 77 14 48 79 50 91 1.0
98 3 70 39 74 12 47 79 48 83 54 55 91 30 63 1.0
32 65 1 67 98 37 8 42 45 78 47 83 52 20 63 1.0
89 97 98 99 37 8 59 77 16 81 85 57 58 27 95 1.0
3 99 38 41 13 46 17 18 19 51 52 84 87 59 60 1.0
64 65 35 4 5 70 37 10 43 15 22 23 57 62 63 1.0
65 97 73 74 11 77 13 79 80 17 47 51 95 62 63 1.0
64 66 67 99 27 73 91 49 19 53 87 24 26 59 92 1.0
65 66 99 37 41 9 10 12 16 48 24 25 26 88 60 1.0
70 7 8 10 43 12 81 29 83 53 85 55 59 93 95 1.0
1 34 2 68 37 4 38 40 43 78 80 51 83 21 23 1.0
65 1 35 69 59 75 45 49 21 87 88 26 91 92 31 1.0
97 34 99 3 39 40 42 43 75 16 83 86 60 30 63 1.0
89 34 68 69 6 71 75 79 84 54 94 25 60 61 62 1.0
96 69 5 42 44 12 46 77 16 49 83 93 59 61 95 1.0
96 65 33 6 70 7 11 45 78 51 87 57 26 27 92 1.0
32 36 7 72 40 77 78 21 22 23 56 94 58 60 30 1.0
32 36 71 40 9 11 76 44 78 15 49 18 54 26 61 1.0
65 2 34 35 5 38 91 12 81 51 85 24 26 27 29 1.0
0 68 40 9 73 11 46 47 79 84 53 22 90 27 95 1.0
35 58 40 9 73 76 49 82 84 21 85 88 26 29 30 1.0
65 1 34 67 40 11 14 81 18 85 86 56 57 60 31 1.0
33 99 35 70 39 8 40 47 16 48 23 95 24 94 31 1.0
96 0 39 10 11 74 45 46 80 21 54 87 88 60 94 1.0
64 34 67 36 5 7 8 9 75 12 78 47 59 93 94 1.0
34 67 99 6 71 72 73 44 14 47 82 18 57 62 95 1.0
33 2 34 37 6 42 14 79 17 81 51 83 18 24 60 1.0
38 72 10 75 77 14 15 29 84 21 86 54 89 92 61 1.0
66 38 7 39 43 77 47 16 17 21 86 23 24 25 26 1.0
0 2 36 71 10 44 13 46 81 17 83 23 92 95 31 1.0
64 3 26 6 40 9 10 43 74 15 48 49 54 57 90 1.0
65 3 68 5 70 43 76 83 51 53 55 89 27 62 31 1.0
33 66 67 4 71 9 41 75 45 48 49 87 90 91 94 1.0
97 3 72 73 41 9 44 13 48 83 52 53 24 27 94 1.0
96 68 37 70 74 10 76 80 48 61 20 51 87 28 29 1.0
0 68 36 40 42 46 15 16 49 48 17 91 60 93 95 1.0
96 64 2 35 36 9 10 79 48 20 85 53 87 91 92 1.0
32 65 2 67 66 99 38 7 72 41 12 45 17 18 54 1.0
1 6 44 13 79 48 15 81 19 52 21 56 57 27 31 1.0
33 98 38 71 41 43 76 48 50 53 86 56 25 90 94 1.0
64 1 7 39 10 44 76 46 12 48 83 52 86 26 62 1.0
32 98 69 7 73 76 47 49 18 17 22 56 25 30 63 1.0
66 3 67 7 8 40 75 44 77 51 86 30 28 95 63 1.0
0 33 34 96 67 39 71 42 12 78 79 47 17 51 22 1.0
32 1 2 98 5 7 59 42 10 12 46 86 24 25 91 1.0
0 97 66 4 36 37 41 42 18 83 22 58 91 94 63 1.0
1 98 67 97 37 70 7 72 10 12 47 80 82 51 54 1.0
96 34 98 7 72 9 77 14 15 13 49 82 53 56 27 1.0
96 97 6 8 11 45 18 19 85 56 89 58 91 92 95 1.0
34 99 37 72 42 75 44 91 50 84 23 88 25 59 60 1.0
0 69 71 73 12 14 79 49 50 20 52 30 91 62 63 1.0
33 36 69 71 8 42 46 92 83 53 87 26 59 28 63 1.0
96 33 67 70 38 40 8 76 77 82 51 19 57 58 62 1.0
96 0 8 40 10 42 11 43 79 51 83 84 57 58 29 1.0
66 99 3 37 6 72 9 42 75 12 51 52 23 58 91 1.0
64 72 9 73 12 77 80 17 18 61 83 25 90 27 29 1.0
96 64 35 37 5 39 70 11 45 78 81 85 86 53 24 1.0
34 42 10 12 74 43 79 80 81 18 49 19 25 93 63 1.0
97 34 36 71 9 73 77 78 79 16 48 22 56 57 63 1.0
0 96 3 68 12 14 46 15 83 21 88 90 28 93 31 1.0
0 97 3 37 6 69 76 13 79 16 49 82 60 94 31 1.0
97 3 37 70 40 41 74 15 16 47 51 23 56 27 93 1.0
33 65 1 36 5 6 74 28 82 86 23 57 90 92 25 1.0
2 99 4 37 43 11 77 47 16 80 53 55 87 27 94 1.0
32 2 35 67 38 39 8 10 14 47 20 53 86 62 31 1.0
96 97 64 3 5 7 8 73 72 77 47 49 50 56 30 1.0
64 58 69 38 6 74 15 82 52 54 23 24 25 56 60 1.0
0 96 97 35 67 39 42 49 83 20 53 54 62 90 30 1.0
0 2 70 6 40 43 11 47 80 18 82 85 59 62 95 1.0
33 1 71 40 9 44 60 80 84 88 25 26 91 92 24 1.0
32 34 2 68 72 41 10 43 47 80 49 19 84 56 26 1.0
97 34 37 39 71 41 44 79 80 15 16 84 87 58 94 1.0
2 34 4 5 38 74 48 16 51 20 83 87 90 27 95 1.0
65 66 67 68 34 37 38 49 20 21 84 55 87 28 93 1.0
33 4 68 70 9 74 81 18 49 52 21 51 83 24 28 1.0
0 33 39 8 73 45 16 48 87 88 25 59 57 94 31 1.0
0 99 36 3 71 39 10 43 12 48 82 21 89 91 28 1.0
32 33 98 70 39 8 42 76 31 78 46 79 25 92 95 1.0
96 64 68 78 92 81 19 51 53 22 83 57 27 60 93 1.0
1 65 33 67 37 35 90 10 75 48 19 84 22 26 28 1.0
89 34 67 4 37 70 99 75 45 78 80 86 88 25 30 1.0
99 3 41 59 43 10 13 47 48 87 30 91 28 62 31 1.0
96 35 36 7 71 72 74 46 80 84 23 58 93 30 95 1.0
65 98 38 39 8 9 11 45 77 79 15 18 19 22 27 1.0
99 72 42 75 43 83 52 85 87 55 62 25 58 59 94 1.0
65 67 99 37 6 42 75 47 16 48 82 19 21 57 29 1.0
3 68 37 69 7 9 74 11 44 41 78 15 43 17 83 1.0
1 99 69 72 73 10 45 30 53 22 55 21 60 61 94 1.0
34 35 99 5 70 69 38 41 78 18 51 53 57 90 92 1.0
96 32 1 99 5 70 38 8 76 12 79 17 25 27 31 1.0
32 34 99 66 5 72 10 11 77 19 53 22 54 27 63 1.0
0 99 5 7 41 74 28 47 83 21 88 26 60 93 62 1.0
68 38 71 72 39 42 74 13 77 81 82 84 58 59 60 1.0
98 67 99 5 73 42 76 13 16 52 95 62 57 94 63 1.0
1 34 69 41 9 75 42 14 79 49 81 23 88 59 62 1.0
0 4 6 8 77 79 47 17 81 89 26 91 28 95 63 1.0
97 34 35 68 14 81 19 54 88 89 58 92 93 94 95 1.0
3 6 39 72 40 75 43 13 47 48 81 84 24 90 93 1.0
1 66 98 6 40 41 45 46 79 13 17 54 88 27 94 1.0
3 15 48 17 82 19 20 49 21 92 88 91 60 94 95 1.0
96 32 98 72 9 42 10 44 77 46 48 50 91 30 31 1.0
66 99 98 37 6 73 41 75 10 79 19 85 22 26 63 1.0
89 33 67 41 43 14 78 49 61 83 19 57 90 29 63 1.0
0 34 3 67 5 37 40 42 47 17 22 90 59 28 31 1.0
64 1 67 36 72 41 42 8 78 80 51 23 88 58 31 1.0
65 33 67 34 1 7 40 45 77 50 20 21 24 29 95 1.0
33 1 99 66 68 7 12 44 13 15 80 50 88 58 93 1.0
64 33 66 96 11 12 15 80 18 50 85 30 27 93 62 1.0
32 65 34 36 5 68 8 41 9 10 81 20 85 56 89 1.0
97 33 99 8 40 73 44 15 48 81 50 51 52 23 28 1.0
66 70 40 74 11 75 46 81 49 19 86 22 24 25 92 1.0
37 9 42 44 77 78 15 47 19 86 56 89 90 62 57 1.0
2 69 71 74 42 47 82 93 20 85 25 26 29 30 31 1.0
64 65 97 68 37 71 72 75 12 45 78 79 23 58 93 1.0
96 65 70 9 10 44 14 15 18 51 21 24 26 27 93 1.0
32 97 68 6 71 9 76 78 16 81 20 21 89 61 31 1.0
4 71 8 41 43 78 81 49 84 53 88 89 28 29 63 1.0
64 98 67 5 6 38 41 11 46 82 83 57 26 28 63 1.0
32 67 69 38 5 8 91 43 14 80 82 25 59 93 63 1.0
96 0 66 99 2 12 45 15 51 54 56 25 58 88 63 1.0
65 99 69 6 72 41 79 80 21 54 62 57 90 28 30 1.0
96 3 99 36 71 39 73 72 79 50 52 85 92 30 63 1.0
96 66 38 40 47 80 15 82 48 52 53 86 58 93 30 1.0
4 6 39 10 13 45 15 49 17 93 21 54 60 29 31 1.0
96 1 2 36 40 9 11 78 84 20 21 22 55 86 24 1.0
0 65 2 4 41 12 77 76 47 80 52 89 26 91 93 1.0
96 34 68 5 38 7 36 40 43 78 53 57 27 28 93 1.0
64 33 34 66 4 38 72 10 76 79 18 51 58 61 63 1.0
33 34 66 3 38 70 39 41 42 11 76 48 17 84 28 1.0
34 99 4 67 6 73 42 11 76 45 78 53 21 56 29 1.0
96 34 35 36 99 70 37 40 39 45 16 85 88 90 93 1.0
64 67 4 5 72 74 10 46 17 19 23 55 90 27 95 1.0
96 1 71 40 74 43 12 76 42 85 54 56 57 58 29 1.0
2 98 72 73 76 13 15 47 81 23 53 87 56 57 60 1.0
64 97 32 7 72 9 13 84 20 56 89 58 92 29 62 1.0
66 5 41 74 43 45 77 46 81 19 86 22 28 29 30 1.0
65 2 70 39 8 73 74 17 54 24 89 26 29 94 57 1.0
33 65 71 39 9 41 11 78 49 82 83 21 59 93 95 1.0
97 67 3 7 40 91 43 47 50 52 57 26 59 28 30 1.0
32 1 66 97 98 38 7 10 12 44 45 80 54 62 63 1.0
96 98 2 71 9 73 11 12 77 79 48 80 19 55 28 1.0
66 4 10 14 16 82 19 83 24 88 89 56 27 93 94 1.0
64 5 37 10 77 82 19 84 86 24 25 27 60 93 95 1.0
65 66 34 97 69 6 76 49 83 93 21 22 59 61 94 1.0
0 32 99 67 4 9 42 45 18 50 85 56 90 29 95 1.0
99 38 73 10 75 12 76 46 80 81 23 53 87 28 63 1.0
67 4 7 43 76 48 81 18 50 84 57 27 29 62 31 1.0
64 98 5 6 9 42 43 76 78 17 54 55 22 62 95 1.0
64 3 99 39 71 42 11 43 14 46 80 81 47 51 63 1.0
35 37 38 41 10 43 75 80 19 85 23 25 90 91 31 1.0
33 98 2 4 37 38 41 77 78 14 48 22 55 24 56 1.0
4 27 41 42 74 76 47 82 83 22 56 89 91 25 31 1.0
97 34 65 68 7 41 11 78 46 54 23 24 25 26 62 1.0
64 33 99 4 41 15 17 20 85 22 56 26 93 94 31 1.0
97 34 70 42 43 76 78 92 14 79 50 82 31 61 95 1.0
33 3 69 40 8 74 72 13 14 92 45 83 53 54 60 1.0
1 66 67 36 69 42 47 16 81 22 54 24 25 60 63 1.0
65 2 4 69 8 76 46 79 17 19 30 85 87 91 94 1.0
96 67 3 69 37 6 75 16 49 18 29 84 55 28 93 1.0
96 64 68 73 10 42 11 45 79 51 53 86 88 92 30 1.0
97 35 4 99 36 39 40 80 17 83 21 85 57 58 60 1.0
66 4 36 68 41 9 10 81 19 20 55 24 57 59 92 1.0
0 1 3 72 74 14 17 50 23 56 26 91 93 30 95 1.0
97 34 35 98 3 76 77 78 44 80 52 24 89 26 28 1.0
0 98 5 12 50 19 84 53 22 82 93 92 29 30 95 1.0
64 3 12 45 77 48 49 50 85 53 24 25 58 28 62 1.0
0 96 34 40 43 80 81 21 87 23 89 59 60 93 62 1.0
96 65 89 36 39 9 45 13 80 81 82 56 25 26 57 1.0
0 36 5 70 43 14 79 46 50 83 20 24 61 62 31 1.0
97 2 67 34 41 10 73 47 18 52 58 59 60 61 63 1.0
96 99 71 75 44 46 18 83 84 54 56 89 59 25 95 1.0
97 6 7 9 10 44 29 83 22 55 56 24 26 61 94 1.0
96 66 36 5 70 39 40 15 20 87 26 27 92 29 63 1.0
64 65 2 35 0 66 72 41 76 79 81 83 20 55 91 1.0
2 36 38 71 40 70 78 15 81 18 52 87 88 90 91 1.0
89 97 34 1 36 7 75 60 53 56 25 58 31 61 95 1.0
96 4 39 73 74 13 17 82 81 20 54 23 57 61 62 1.0
64 0 98 67 40 9 43 75 13 15 82 19 58 93 63 1.0
64 3 70 39 42 46 47 49 50 83 20 18 22 57 91 1.0
1 66 67 36 5 10 77 45 80 49 63 29 86 61 31 1.0
33 1 35 3 69 6 8 74 77 46 92 13 56 26 28 1.0
96 1 99 7 72 11 14 48 18 51 19 21 55 62 63 1.0
0 98 35 37 6 39 72 69 71 43 12 13 77 56 28 1.0
0 97 66 3 73 42 75 13 46 49 19 57 58 91 31 1.0
33 67 69 5 72 8 74 45 77 50 23 56 57 60 94 1.0
64 1 5 37 8 41 74 11 21 54 87 88 25 55 29 1.0
96 69 70 41 73 11 78 81 19 20 86 87 56 26 93 1.0
35 99 38 10 12 46 78 50 83 51 23 59 61 94 31 1.0
65 98 35 5 69 42 81 50 19 20 51 54 87 57 93 1.0
96 33 2 3 70 11 78 46 50 84 53 94 90 91 30 1.0
97 99 72 45 77 15 50 51 20 56 89 28 29 30 63 1.0
68 37 7 72 77 47 49 63 56 25 91 28 93 30 31 1.0
65 98 68 69 6 40 9 73 74 77 83 51 24 61 94 1.0
0 97 58 5 42 11 78 47 49 83 54 87 94 90 62 1.0
64 36 27 9 91 11 75 15 18 87 55 56 25 59 94 1.0
0 90 75 76 45 11 17 93 86 55 88 89 58 29 95 1.0
33 34 35 39 74 28 78 79 83 51 54 57 26 27 92 1.0
0 1 68 6 71 10 42 44 16 50 52 20 25 26 63 1.0
32 1 34 3 33 8 9 77 92 20 21 89 59 28 62 1.0
1 6 7 8 44 45 48 49 81 85 87 62 58 30 95 1.0
98 41 11 47 29 52 53 94 89 90 27 31 93 62 57 1.0
0 65 37 5 71 8 73 59 45 49 56 26 88 61 63 1.0
32 33 69 5 10 11 13 49 82 19 87 23 86 26 31 1.0
35 72 74 43 75 77 11 17 18 51 84 54 88 91 31 1.0
32 35 99 7 39 41 10 42 11 79 80 85 86 28 94 1.0
97 33 68 58 8 77 79 47 84 21 23 87 57 90 29 1.0
66 34 3 5 6 39 45 16 17 82 19 48 85 54 57 1.0
2 35 68 40 43 44 76 63 19 85 88 89 90 93 57 1.0
36 40 44 13 80 17 16 51 23 21 54 86 81 59 29 1.0
96 33 98 34 68 32 73 59 49 83 21 58 27 60 63 1.0
0 1 2 66 3 41 42 82 20 54 88 90 27 63 95 1.0
0 98 99 4 73 77 15 16 19 84 54 23 88 89 61 1.0
34 35 3 67 9 74 44 78 47 48 15 82 21 93 94 1.0
64 34 3 68 67 7 8 14 46 18 83 84 20 54 94 1.0
0 99 4 39 8 9 16 50 19 18 88 24 90 61 30 1.0
32 35 69 6 8 9 43 12 44 81 51 53 21 26 31 1.0
32 66 35 34 8 75 11 47 80 49 19 93 54 63 31 1.0
32 37 6 71 7 42 10 79 85 87 24 90 60 95 63 1.0
0 65 2 98 34 99 73 14 78 18 82 20 21 88 62 1.0
74 10 14 15 80 50 83 93 86 87 88 27 92 29 62 1.0
32 65 89 68 37 9 44 79 18 56 25 58 60 61 30 1.0
1 5 70 7 11 12 13 46 82 83 19 20 88 60 61 1.0
64 69 37 38 13 15 50 54 55 94 90 92 61 30 63 1.0
0 66 3 34 72 73 74 78 92 15 17 19 87 24 60 1.0
65 3 90 5 37 72 13 80 17 83 54 23 26 60 95 1.0
0 65 34 4 5 68 15 17 50 83 86 23 56 24 27 1.0
64 1 0 38 71 72 9 75 14 78 48 49 18 58 61 1.0
97 66 6 39 40 75 45 46 79 51 56 92 93 94 95 1.0
32 1 2 37 70 6 71 8 79 48 16 87 57 28 95 1.0
64 65 35 4 70 73 75 44 77 47 19 25 26 59 30 1.0
1 66 33 70 7 42 75 10 46 16 82 84 57 60 31 1.0
3 26 6 7 9 76 12 14 13 17 82 20 22 25 90 1.0
0 1 98 36 38 73 42 75 12 14 79 52 87 58 31 1.0
97 4 68 70 72 74 43 15 49 82 18 17 55 87 60 1.0
0 65 34 37 6 9 42 12 13 14 15 48 47 50 61 1.0
32 1 34 37 7 39 75 12 47 20 85 62 57 58 94 1.0
32 34 4 68 40 9 11 12 14 21 85 53 24 29 30 1.0
32 65 34 97 69 39 8 40 43 46 49 85 56 92 61 1.0
0 65 98 2 72 73 10 12 77 47 19 53 56 29 31 1.0
96 65 98 34 4 9 42 11 46 80 21 62 91 92 30 1.0
0 37 70 9 45 77 80 83 84 87 25 27 28 30 57 1.0
32 64 2 34 39 72 9 11 76 80 20 21 24 58 27 1.0
97 36 38 39 11 47 79 52 53 21 54 24 29 94 31 1.0
96 66 38 70 72 41 46 81 83 20 88 89 26 30 63 1.0
0 2 69 72 9 74 75 10 78 81 29 83 84 58 61 1.0
0 35 36 69 37 6 38 15 92 18 83 52 21 53 60 1.0
0 35 10 42 76 45 16 49 51 19 84 31 61 94 63 1.0
0 66 39 40 42 44 15 48 51 22 87 89 59 60 93 1.0
2 98 5 7 77 28 48 49 18 20 55 88 57 92 31 1.0
32 3 74 42 76 77 79 48 53 54 88 24 56 61 94 1.0
34 99 4 36 35 40 41 74 8 12 79 52 57 93 25 1.0
70 40 43 45 77 15 48 49 20 53 24 58 27 92 31 1.0
0 33 97 56 39 71 73 10 8 16 83 22 24 90 31 1.0
0 65 38 71 74 78 14 80 49 50 83 53 31 29 63 1.0
97 35 68 37 8 42 11 14 79 48 18 88 92 29 95 1.0
0 1 3 68 99 40 41 8 79 18 85 86 24 90 92 1.0
64 35 8 72 75 46 15 48 81 18 51 87 88 26 94 1.0
89 1 65 3 68 35 58 39 73 11 47 53 57 90 62 1.0
64 0 2 67 6 42 10 15 49 81 21 55 56 89 92 1.0
3 73 10 12 77 46 44 16 49 52 23 94 59 95 31 1.0
7 91 11 13 81 17 51 25 85 54 21 50 57 59 30 1.0
0 98 70 43 49 50 84 20 22 23 24 57 85 28 62 1.0
65 34 99 4 72 74 10 15 17 84 57 58 92 94 31 1.0
0 64 99 5 69 7 8 75 11 13 12 80 54 25 59 1.0
32 68 4 39 40 46 47 80 82 50 20 21 57 26 95 1.0
96 65 34 67 68 35 38 5 97 33 45 88 91 28 62 1.0
96 67 36 3 39 71 44 81 50 51 54 60 63 95 31 1.0
97 39 9 43 77 79 16 82 50 23 24 25 26 91 63 1.0
32 34 3 5 90 8 74 75 76 47 83 20 21 26 30 1.0
96 4 37 72 60 15 17 52 21 20 23 27 28 62 95 1.0
1 66 68 70 10 12 14 15 48 46 17 25 26 27 63 1.0
64 97 4 40 10 43 44 49 82 19 84 87 27 62 63 1.0
34 4 7 9 73 43 75 46 48 80 20 22 24 58 59 1.0
0 96 99 4 5 7 91 75 44 13 18 86 57 59 28 1.0
68 72 75 43 45 79 81 19 84 85 86 55 25 92 94 1.0
73 42 43 12 77 14 76 11 83 52 51 93 58 63 95 1.0
0 2 5 69 40 76 15 49 50 19 84 86 89 92 57 1.0
64 68 37 6 39 72 5 10 13 46 15 78 23 57 27 1.0
64 0 1 35 72 91 12 80 52 21 55 27 92 29 94 1.0
0 33 3 4 35 5 9 10 51 54 88 57 27 25 63 1.0
64 7 8 72 71 47 92 49 53 87 94 26 59 60 62 1.0
32 35 70 8 41 9 43 44 45 17 52 28 61 30 95 1.0
65 2 36 90 7 41 74 45 47 15 80 88 58 61 31 1.0
89 96 2 5 70 15 51 94 20 87 56 25 90 30 63 1.0
0 35 68 6 9 10 43 44 82 51 20 88 24 93 30 1.0
3 36 71 8 42 76 45 79 19 85 54 25 58 61 94 1.0
3 69 70 6 74 13 77 92 47 84 55 27 28 29 94 1.0
32 66 8 9 42 43 15 16 49 92 88 59 31 61 95 1.0
64 1 32 36 68 43 75 11 46 77 47 83 84 91 61 1.0
1 2 99 69 38 39 71 44 45 46 47 86 24 60 30 1.0
64 1 65 68 9 42 45 17 61 84 54 86 24 29 63 1.0
4 69 38 39 68 74 45 46 48 51 84 53 86 23 93 1.0
32 1 33 67 6 41 9 79 15 80 16 20 23 57 93 1.0
35 58 70 38 10 79 16 81 51 62 57 90 88 93 94 1.0
89 96 2 98 99 32 38 43 17 86 56 24 90 88 92 1.0
35 68 37 39 72 76 14 82 51 52 85 24 58 94 95 1.0
32 3 37 41 42 43 44 45 10 15 16 48 25 26 31 1.0
64 99 67 71 75 78 79 80 50 83 52 54 59 60 93 1.0
32 37 5 9 11 44 45 46 47 17 18 19 20 21 26 1.0
96 69 70 88 76 79 80 83 55 62 58 59 60 61 94 1.0
32 2 35 36 4 6 8 43 12 44 11 49 17 30 31 1.0
64 65 66 96 71 72 79 80 83 52 88 59 92 61 62 1.0
33 35 36 5 40 9 43 44 12 11 45 18 29 30 31 1.0
64 97 68 72 73 74 76 81 51 52 84 54 87 91 94 1.0
32 3 36 4 35 7 40 9 41 43 8 47 49 17 28 1.0
64 65 66 99 75 76 79 82 51 52 86 88 91 60 93 1.0
3 5 38 7 40 10 45 15 48 49 18 21 22 28 31 1.0
64 97 66 99 72 73 74 84 52 55 57 90 92 93 62 1.0
5 38 7 6 41 11 44 43 46 15 49 19 22 25 26 1.0
97 66 69 71 72 76 82 51 53 87 88 89 59 60 95 1.0
32 1 2 37 8 9 11 45 46 14 18 19 20 22 28 1.0
97 68 71 78 81 83 93 53 54 87 56 89 91 92 61 1.0
34 35 36 38 39 6 7 44 47 49 19 20 26 27 28 1.0
96 98 69 71 74 80 82 50 86 87 54 58 59 94 95 1.0
0 33 2 3 4 36 6 42 45 47 48 23 24 27 31 1.0
98 99 69 71 72 75 78 79 80 52 57 91 60 93 63 1.0
32 1 36 6 39 40 9 44 46 14 48 18 21 23 29 1.0
64 97 66 96 67 70 73 76 77 80 53 54 55 58 94 1.0
0 1 2 38 39 12 14 49 18 19 23 27 29 30 31 1.0
96 65 98 69 72 74 79 50 53 54 88 91 61 94 95 1.0
4 5 38 39 8 37 14 17 49 18 21 22 24 25 30 1.0
68 74 75 76 78 80 84 85 55 87 57 59 60 61 95 1.0
0 4 37 6 5 8 41 11 12 15 18 25 27 28 31 1.0
96 97 98 67 99 68 75 77 83 86 55 57 90 59 61 1.0
38 39 41 10 11 44 12 13 15 45 18 21 27 29 31 1.0
96 97 98 99 69 72 79 51 84 53 54 85 56 93 94 1.0
33 4 7 40 41 42 11 45 46 47 21 23 26 30 31 1.0
64 97 66 68 73 75 80 81 84 54 56 90 91 93 63 1.0
32 33 2 5 39 40 10 11 44 15 48 20 23 27 30 1.0
96 98 99 70 71 78 50 62 85 87 88 57 60 94 63 1.0
32 3 37 40 42 13 46 47 15 14 48 45 20 18 25 1.0
66 98 99 69 71 75 77 52 53 54 84 89 59 60 57 1.0
32 0 2 34 4 5 12 45 14 47 16 49 20 23 31 1.0
97 66 99 68 59 76 79 81 82 51 53 54 91 61 63 1.0
0 34 4 8 40 9 11 12 46 48 18 22 23 28 31 1.0
65 66 99 71 74 76 50 51 84 85 91 60 61 94 95 1.0
32 1 34 36 37 38 39 7 43 18 19 21 24 29 30 1.0
96 67 73 75 78 80 83 85 55 89 59 92 61 94 95 1.0
0 2 35 7 39 41 43 12 13 46 17 19 21 27 30 1.0
96 97 64 65 73 75 76 78 50 85 53 54 88 89 90 1.0
0 32 36 37 38 8 40 41 11 12 47 15 20 22 23 1.0
96 90 70 74 76 78 51 85 54 95 89 58 63 94 57 1.0
0 32 3 40 42 43 10 45 15 17 49 18 25 27 28 1.0
74 75 77 80 82 84 85 86 53 56 57 54 93 94 63 1.0
1 2 35 36 4 39 10 43 45 47 18 19 24 29 31 1.0
96 97 98 68 76 79 81 82 51 83 86 87 56 59 60 1.0
0 1 33 4 6 7 40 38 10 12 46 17 18 21 31 1.0
65 97 68 71 74 76 81 50 52 53 86 55 56 58 59 1.0
2 35 6 7 40 9 12 48 16 21 22 24 26 27 30 1.0
97 98 67 66 69 71 72 80 83 86 56 89 91 60 93 1.0
2 4 40 12 46 15 48 18 20 23 24 26 29 30 31 1.0
64 99 67 70 72 73 57 81 85 88 89 58 92 93 95 1.0
0 32 39 8 7 40 11 45 46 47 16 17 18 49 21 1.0
97 66 99 98 69 91 75 78 52 53 86 85 59 62 95 1.0
34 4 37 8 43 11 14 47 48 16 25 26 27 28 30 1.0
65 99 68 75 77 78 79 80 50 83 86 87 58 59 60 1.0
32 2 37 7 39 42 11 12 13 48 49 19 24 25 29 1.0
64 98 69 72 73 60 79 51 53 54 88 90 59 92 95 1.0
0 32 2 34 4 6 7 38 43 45 16 49 18 21 24 1.0
64 99 70 71 73 80 51 52 53 85 56 90 59 60 62 1.0
32 1 3 37 38 6 41 42 10 13 45 15 48 14 18 1.0
64 65 66 97 73 91 76 79 50 55 56 57 88 61 62 1.0
1 3 4 6 39 7 9 10 14 15 46 48 18 29 31 1.0
98 67 66 76 57 78 81 50 84 52 55 89 92 94 63 1.0
0 1 3 8 9 11 14 46 16 20 21 23 25 28 30 1.0
96 97 66 67 69 70 75 76 78 50 85 53 89 92 95 1.0
0 32 35 36 37 6 7 5 41 4 43 44 11 24 31 1.0
96 67 71 59 74 79 80 50 51 85 56 89 91 92 63 1.0
0 33 36 4 38 7 9 41 11 16 49 21 24 27 30 1.0
68 71 80 81 51 52 85 86 55 56 84 94 92 62 63 1.0
34 36 38 42 43 11 45 14 47 48 16 18 20 30 31 1.0
98 90 69 71 73 78 81 51 83 85 52 54 84 58 92 1.0
0 33 34 35 5 9 12 45 46 15 18 19 20 25 29 1.0
98 70 74 79 81 50 83 53 86 87 56 55 59 93 95 1.0
0 32 35 6 10 43 13 46 47 16 49 21 23 24 28 1.0
96 67 68 70 72 78 79 80 82 83 86 55 88 61 95 1.0
1 2 35 36 34 3 10 42 13 46 16 48 18 20 27 1.0
89 67 71 75 77 81 50 83 87 55 88 57 61 95 63 1.0
4 36 6 39 8 42 43 45 13 47 48 21 22 23 30 1.0
96 98 67 69 70 72 91 75 79 81 53 54 90 59 94 1.0
1 2 33 4 5 37 38 9 43 45 14 16 17 21 29 1.0
96 65 66 72 76 79 80 50 83 85 54 89 92 61 62 1.0
1 34 3 36 7 8 40 42 12 45 47 16 17 23 30 1.0
96 97 66 67 71 73 74 77 78 51 52 85 55 89 59 1.0
0 4 38 8 9 42 10 44 13 45 48 49 20 26 28 1.0
96 97 67 70 75 76 77 78 81 82 52 85 54 87 63 1.0
32 3 5 7 41 42 10 46 47 48 16 18 49 22 26 1.0
97 66 99 98 72 80 81 84 53 54 59 92 93 94 63 1.0
2 3 4 37 40 9 42 43 41 46 14 18 21 23 25 1.0
64 67 70 71 73 78 79 80 84 85 52 87 88 89 59 1.0
32 33 0 35 4 43 44 12 13 47 17 18 25 29 30 1.0
64 65 90 70 73 74 83 53 87 88 58 91 60 61 63 1.0
2 6 7 40 8 42 44 13 48 17 22 27 28 30 31 1.0
64 65 99 68 70 71 76 78 80 82 83 56 90 93 94 1.0
3 36 6 8 11 44 13 45 15 16 49 22 27 28 29 1.0
96 64 65 67 69 72 77 81 50 84 85 88 57 90 93 1.0
32 4 37 38 7 8 40 42 39 44 13 45 14 20 29 1.0
65 66 98 71 74 77 50 83 51 86 55 54 57 60 62 1.0
0 33 2 3 34 5 6 8 42 46 22 26 27 28 29 1.0
66 79 80 81 92 61 52 51 83 56 58 60 93 62 95 1.0
0 36 5 6 7 39 37 42 11 43 45 15 48 18 31 1.0
96 98 69 70 71 72 83 93 85 53 88 92 61 94 63 1.0
32 33 2 4 36 43 13 46 16 18 20 27 28 30 31 1.0
96 97 66 71 75 76 79 82 51 84 55 86 87 59 62 1.0
35 4 36 3 41 11 12 48 18 19 25 26 27 28 31 1.0
64 97 66 70 72 73 78 82 83 84 57 90 91 60 94 1.0
32 1 34 3 41 42 10 13 46 16 49 18 21 28 30 1.0
96 67 68 58 69 72 77 79 83 84 86 89 90 59 60 1.0
4 5 38 40 8 10 11 12 43 46 47 19 20 27 31 1.0
66 99 67 71 72 73 74 76 77 81 88 58 63 62 95 1.0
32 1 0 37 7 39 11 14 15 46 19 21 22 24 27 1.0
66 99 98 73 74 81 83 84 51 85 87 56 58 59 62 1.0
2 3 38 39 40 42 11 46 16 18 20 21 23 26 31 1.0
96 65 72 73 77 85 54 87 88 89 56 59 93 62 63 1.0
35 36 37 6 4 38 43 44 46 48 18 19 21 24 26 1.0
97 98 67 68 69 71 72 75 76 83 54 56 57 59 93 1.0
2 3 37 38 39 41 43 13 47 48 18 19 25 26 28 1.0
96 65 99 71 74 76 78 80 50 51 82 53 88 62 63 1.0
34 36 41 42 46 47 15 49 20 22 23 26 27 28 30 1.0
97 99 68 70 72 76 79 81 82 83 85 55 58 61 63 1.0
32 33 2 35 5 7 40 9 12 16 48 19 26 27 30 1.0
96 65 64 67 99 70 72 76 78 82 52 84 88 58 94 1.0
32 36 5 40 43 11 12 14 48 49 20 21 23 27 28 1.0
64 97 65 99 68 69 66 71 83 93 54 56 57 59 61 1.0
0 34 35 36 5 6 39 9 12 44 14 48 49 21 29 1.0
65 66 68 69 91 76 60 52 85 86 87 59 92 61 94 1.0
33 3 36 5 35 43 44 16 48 18 19 22 23 26 29 1.0
65 67 99 68 72 74 76 79 82 83 54 89 91 61 62 1.0
0 3 4 37 6 8 43 12 46 14 19 26 27 28 31 1.0
64 65 66 76 77 79 82 83 84 85 54 89 59 92 63 1.0
35 5 38 37 7 9 42 10 45 46 15 48 16 22 28 1.0
65 66 69 72 91 75 80 51 85 86 55 89 59 92 62 1.0
33 2 34 3 37 6 8 10 47 48 17 19 24 27 29 1.0
64 97 69 71 74 75 76 77 78 84 85 86 54 90 93 1.0
0 33 35 6 39 7 9 10 43 11 15 16 18 24 25 1.0
96 65 98 67 68 69 72 74 78 93 53 86 55 57 61 1.0
7 9 12 45 14 48 17 18 16 23 26 27 28 30 31 1.0
65 67 71 72 73 74 76 77 78 82 83 53 54 55 93 1.0
32 33 36 5 39 7 41 12 47 16 48 21 27 29 31 1.0
96 64 98 99 70 74 79 80 93 53 55 90 91 61 63 1.0
35 5 6 39 40 41 37 44 49 20 23 25 26 27 28 1.0
96 89 98 67 68 72 76 50 83 93 88 57 60 61 94 1.0
32 4 5 6 8 9 40 11 13 46 47 19 24 25 31 1.0
96 97 69 73 50 84 52 54 86 87 94 58 60 61 62 1.0
34 35 4 6 7 41 9 44 45 14 18 19 23 25 28 1.0
64 97 96 72 75 81 84 85 94 55 56 89 88 93 62 1.0
2 35 37 39 8 9 10 12 45 16 19 22 23 27 30 1.0
68 77 80 51 52 55 54 87 56 89 90 91 53 62 63 1.0
1 36 6 40 10 11 44 12 14 16 19 22 28 29 31 1.0
66 68 74 76 81 51 84 93 86 88 56 91 92 61 63 1.0
34 3 35 39 40 41 43 13 14 46 16 17 24 27 28 1.0
98 72 73 76 77 81 83 51 53 54 52 84 57 55 60 1.0
2 3 34 6 40 9 42 10 11 45 15 47 18 20 27 1.0
96 97 65 69 72 73 77 83 55 54 87 88 58 61 95 1.0
0 33 2 5 37 7 8 45 16 49 22 27 28 29 30 1.0
97 67 70 72 73 76 77 81 84 53 86 94 57 92 62 1.0
32 33 34 5 40 13 14 16 18 19 22 23 25 26 28 1.0
96 98 68 70 71 72 80 50 51 52 83 86 87 89 93 1.0
32 0 2 35 36 3 6 4 8 40 42 1 45 14 18 1.0
64 65 66 99 67 68 82 51 83 84 87 57 58 60 95 1.0
0 34 3 37 40 9 43 12 13 48 16 22 24 25 26 1.0
97 66 99 65 70 71 59 73 52 53 86 54 91 92 61 1.0
