48 63 95 1.0
9 75 86 1.0
39 62 23 1.0
40 25 94 1.0
73 19 6 1.0
57 39 15 1.0
16 50 60 1.0
59 26 91 1.0
3 67 70 1.0
1 83 57 1.0
0 64 44 1.0
66 45 46 1.0
36 69 94 1.0
98 43 76 1.0
90 43 14 1.0
57 41 31 1.0
66 50 38 1.0
96 27 4 1.0
11 83 7 1.0
82 35 44 1.0
10 35 63 1.0
52 70 6 1.0
32 58 34 1.0
16 73 86 1.0
58 47 15 1.0
80 49 87 1.0
56 45 86 1.0
80 26 45 1.0
65 1 31 1.0
48 69 7 1.0
85 93 46 1.0
40 90 84 1.0
97 26 98 1.0
34 10 70 1.0
64 97 4 1.0
40 56 47 1.0
25 26 70 1.0
48 75 86 1.0
32 83 70 1.0
2 58 31 1.0
91 27 36 1.0
10 43 95 1.0
89 11 69 1.0
34 27 60 1.0
51 30 6 1.0
35 60 4 1.0
34 18 95 1.0
96 58 35 1.0
66 52 13 1.0
65 81 49 1.0
5 67 29 1.0
74 11 76 1.0
90 59 15 1.0
34 67 62 1.0
33 60 30 1.0
29 70 63 1.0
84 20 70 1.0
64 49 79 1.0
81 34 75 1.0
65 26 99 1.0
2 51 78 1.0
40 33 78 1.0
48 36 95 1.0
82 35 6 1.0
33 59 87 1.0
27 60 77 1.0
82 31 71 1.0
10 61 23 1.0
18 83 61 1.0
56 25 69 1.0
74 75 44 1.0
62 29 86 1.0
27 61 78 1.0
89 11 51 1.0
64 33 28 1.0
25 58 22 1.0
8 36 54 1.0
29 53 86 1.0
49 98 2 1.0
97 82 3 1.0
65 66 28 1.0
88 33 16 1.0
0 59 46 1.0
66 51 46 1.0
36 60 71 1.0
24 83 19 1.0
56 9 62 1.0
0 58 28 1.0
91 53 6 1.0
58 85 23 1.0
80 57 33 1.0
8 73 18 1.0
80 23 7 1.0
32 51 14 1.0
42 84 5 1.0
57 2 21 1.0
67 60 28 1.0
16 75 28 1.0
72 88 30 1.0
58 67 29 1.0
80 42 39 1.0
88 34 93 1.0
82 11 68 1.0
16 65 95 1.0
72 92 23 1.0
1 67 12 1.0
97 2 21 1.0
17 12 55 1.0
82 43 54 1.0
17 82 68 1.0
20 70 31 1.0
88 2 91 1.0
56 49 19 1.0
53 84 21 1.0
41 37 87 1.0
3 68 54 1.0
88 9 37 1.0
65 97 7 1.0
89 17 31 1.0
33 66 53 1.0
0 91 38 1.0
74 68 46 1.0
32 70 55 1.0
88 9 45 1.0
32 84 54 1.0
77 13 39 1.0
62 37 30 1.0
97 92 20 1.0
96 82 47 1.0
36 21 55 1.0
26 93 71 1.0
75 13 70 1.0
24 60 96 1.0
28 53 68 1.0
35 92 45 1.0
33 66 59 1.0
97 52 39 1.0
82 36 29 1.0
97 21 54 1.0
65 19 20 1.0
90 19 28 1.0
50 2 79 1.0
25 98 69 1.0
56 84 22 1.0
50 51 12 1.0
32 68 44 1.0
2 35 79 1.0
94 98 30 1.0
40 58 31 1.0
19 51 61 1.0
40 62 38 1.0
56 98 44 1.0
82 22 79 1.0
37 79 15 1.0
18 91 50 1.0
11 36 94 1.0
73 36 71 1.0
0 58 15 1.0
98 52 14 1.0
99 12 87 1.0
3 12 93 1.0
35 28 69 1.0
9 13 55 1.0
0 41 53 1.0
56 0 32 1.0
56 54 30 1.0
72 80 11 1.0
66 60 22 1.0
94 30 15 1.0
64 75 22 1.0
73 12 31 1.0
46 19 70 1.0
13 70 30 1.0
24 41 66 1.0
88 25 61 1.0
72 42 4 1.0
58 5 95 1.0
4 69 95 1.0
99 21 23 1.0
17 34 83 1.0
9 66 93 1.0
66 20 53 1.0
9 71 39 1.0
97 27 54 1.0
33 52 70 1.0
49 28 95 1.0
24 59 31 1.0
80 42 4 1.0
34 59 47 1.0
41 98 39 1.0
42 3 85 1.0
42 19 53 1.0
27 91 54 1.0
56 75 21 1.0
48 62 63 1.0
64 10 38 1.0
25 58 1 1.0
98 61 23 1.0
8 14 95 1.0
98 5 55 1.0
28 85 60 1.0
5 79 63 1.0
40 77 87 1.0
16 58 85 1.0
89 3 44 1.0
74 43 20 1.0
88 45 78 1.0
32 57 93 1.0
49 58 9 1.0
57 66 14 1.0
72 58 46 1.0
35 68 47 1.0
89 3 23 1.0
21 30 71 1.0
16 67 69 1.0
48 78 62 1.0
98 36 30 1.0
65 28 23 1.0
80 35 76 1.0
19 92 94 1.0
56 11 86 1.0
41 3 55 1.0
82 5 98 1.0
10 68 55 1.0
17 27 71 1.0
19 69 79 1.0
13 27 77 1.0
52 20 7 1.0
49 92 53 1.0
75 12 53 1.0
65 93 33 1.0
8 97 6 1.0
34 35 55 1.0
59 61 6 1.0
46 1 54 1.0
28 46 71 1.0
8 40 95 1.0
58 20 55 1.0
97 11 85 1.0
82 35 61 1.0
57 53 15 1.0
48 29 95 1.0
81 69 1 1.0
98 28 77 1.0
91 4 61 1.0
17 50 4 1.0
77 30 87 1.0
89 41 45 1.0
48 73 66 1.0
16 99 7 1.0
88 44 70 1.0
36 61 70 1.0
9 57 7 1.0
65 12 93 1.0
19 69 31 1.0
88 12 79 1.0
83 69 6 1.0
96 59 12 1.0
65 21 31 1.0
35 43 69 1.0
25 58 7 1.0
56 27 93 1.0
65 42 90 1.0
89 35 37 1.0
32 10 77 1.0
88 91 19 1.0
24 53 85 1.0
73 10 94 1.0
59 28 76 1.0
57 66 46 1.0
74 19 76 1.0
89 70 47 1.0
72 25 79 1.0
74 66 22 1.0
22 94 95 1.0
32 76 21 1.0
72 26 45 1.0
49 9 63 1.0
81 75 35 1.0
1 75 91 1.0
66 26 21 1.0
10 93 55 1.0
90 92 6 1.0
84 62 31 1.0
97 18 31 1.0
20 85 46 1.0
73 13 63 1.0
81 91 3 1.0
91 76 39 1.0
66 59 45 1.0
65 22 87 1.0
64 34 98 1.0
57 10 18 1.0
3 93 85 1.0
96 73 12 1.0
41 21 93 1.0
41 77 62 1.0
49 51 79 1.0
40 98 93 1.0
24 25 82 1.0
27 59 76 1.0
25 83 46 1.0
24 74 44 1.0
56 98 18 1.0
25 68 7 1.0
25 91 15 1.0
17 82 61 1.0
58 37 71 1.0
48 2 51 1.0
90 18 53 1.0
32 49 69 1.0
81 42 9 1.0
73 43 31 1.0
16 14 79 1.0
49 84 5 1.0
64 25 34 1.0
32 42 55 1.0
37 78 95 1.0
17 91 31 1.0
32 57 42 1.0
81 68 37 1.0
2 68 79 1.0
33 98 78 1.0
33 92 21 1.0
64 36 76 1.0
73 12 70 1.0
10 83 30 1.0
65 37 33 1.0
19 76 77 1.0
62 44 14 1.0
43 53 95 1.0
1 90 47 1.0
80 41 93 1.0
81 33 60 1.0
82 3 46 1.0
3 92 71 1.0
73 1 63 1.0
81 21 63 1.0
9 34 53 1.0
64 42 29 1.0
16 97 73 1.0
68 5 54 1.0
58 4 53 1.0
24 46 63 1.0
34 99 28 1.0
66 85 45 1.0
64 29 47 1.0
0 38 87 1.0
88 90 27 1.0
80 92 28 1.0
17 68 78 1.0
35 92 47 1.0
38 85 30 1.0
37 77 21 1.0
42 77 29 1.0
88 3 87 1.0
58 11 71 1.0
8 50 80 1.0
25 66 47 1.0
0 42 68 1.0
32 80 70 1.0
80 40 44 1.0
42 30 79 1.0
53 45 15 1.0
88 82 28 1.0
3 2 91 1.0
56 28 52 1.0
84 69 31 1.0
82 27 21 1.0
20 53 23 1.0
1 46 87 1.0
0 56 3 1.0
64 3 84 1.0
17 91 7 1.0
58 60 47 1.0
64 9 28 1.0
99 41 59 1.0
28 29 95 1.0
96 35 29 1.0
57 2 20 1.0
65 12 54 1.0
96 82 28 1.0
50 22 15 1.0
58 95 23 1.0
72 73 23 1.0
16 89 51 1.0
81 35 46 1.0
43 53 46 1.0
82 5 47 1.0
65 35 95 1.0
40 97 7 1.0
32 18 68 1.0
98 20 77 1.0
13 71 23 1.0
85 29 87 1.0
17 11 85 1.0
80 1 42 1.0
98 82 23 1.0
32 29 54 1.0
32 81 18 1.0
0 9 99 1.0
80 24 34 1.0
9 22 87 1.0
17 93 94 1.0
59 37 85 1.0
41 90 28 1.0
4 45 76 1.0
19 52 70 1.0
96 37 6 1.0
81 5 61 1.0
16 10 59 1.0
89 91 23 1.0
57 19 21 1.0
43 90 91 1.0
73 27 78 1.0
74 18 38 1.0
4 20 86 1.0
75 84 39 1.0
97 42 4 1.0
3 44 86 1.0
66 3 98 1.0
12 70 87 1.0
86 82 14 1.0
26 71 15 1.0
27 76 69 1.0
80 25 43 1.0
17 60 46 1.0
32 55 47 1.0
2 59 6 1.0
50 70 7 1.0
7 71 87 1.0
72 50 26 1.0
48 59 23 1.0
3 47 71 1.0
32 33 59 1.0
0 35 71 1.0
33 61 47 1.0
33 45 71 1.0
64 2 84 1.0
20 61 70 1.0
25 77 79 1.0
99 60 4 1.0
18 11 53 1.0
33 92 23 1.0
74 42 22 1.0
90 76 47 1.0
64 21 95 1.0
8 90 46 1.0
24 10 69 1.0
56 8 60 1.0
72 51 44 1.0
56 5 86 1.0
40 90 34 1.0
32 66 39 1.0
51 44 14 1.0
42 43 90 1.0
42 99 47 1.0
88 34 11 1.0
73 41 33 1.0
74 2 45 1.0
75 27 60 1.0
73 25 19 1.0
73 58 14 1.0
19 69 95 1.0
4 86 22 1.0
3 36 86 1.0
2 59 23 1.0
66 83 5 1.0
33 99 70 1.0
34 43 71 1.0
2 52 39 1.0
58 34 21 1.0
8 81 43 1.0
74 20 22 1.0
58 59 31 1.0
78 13 14 1.0
73 81 26 1.0
3 87 39 1.0
84 6 23 1.0
58 77 46 1.0
8 25 85 1.0
30 54 23 1.0
72 2 39 1.0
40 89 66 1.0
64 97 11 1.0
33 58 70 1.0
96 35 60 1.0
34 36 61 1.0
8 96 30 1.0
40 89 50 1.0
31 94 79 1.0
72 66 44 1.0
53 28 85 1.0
33 66 83 1.0
3 61 39 1.0
67 5 63 1.0
98 51 22 1.0
66 44 86 1.0
31 54 6 1.0
81 35 33 1.0
16 34 15 1.0
97 68 61 1.0
42 31 23 1.0
88 91 70 1.0
42 20 22 1.0
65 93 95 1.0
25 45 22 1.0
56 91 84 1.0
49 29 22 1.0
84 70 76 1.0
34 37 22 1.0
67 92 55 1.0
32 1 43 1.0
72 98 51 1.0
48 11 6 1.0
56 74 77 1.0
8 33 10 1.0
97 82 62 1.0
42 34 39 1.0
82 54 63 1.0
16 34 12 1.0
73 99 61 1.0
24 26 28 1.0
88 93 79 1.0
9 28 1 1.0
73 98 54 1.0
24 49 45 1.0
50 51 94 1.0
26 44 29 1.0
76 92 79 1.0
32 41 48 1.0
65 52 95 1.0
17 34 14 1.0
69 78 71 1.0
16 42 4 1.0
62 51 54 1.0
11 14 23 1.0
96 73 98 1.0
36 29 39 1.0
65 73 83 1.0
48 21 31 1.0
96 52 78 1.0
2 4 34 1.0
90 54 71 1.0
0 33 19 1.0
73 67 69 1.0
40 49 5 1.0
72 62 95 1.0
8 26 18 1.0
56 98 68 1.0
25 26 12 1.0
92 85 68 1.0
48 40 26 1.0
64 68 61 1.0
24 9 23 1.0
73 92 95 1.0
40 8 7 1.0
51 67 69 1.0
20 37 38 1.0
65 50 75 1.0
26 21 46 1.0
64 53 70 1.0
28 12 14 1.0
56 72 95 1.0
43 44 14 1.0
96 90 67 1.0
33 38 31 1.0
81 50 67 1.0
48 11 15 1.0
89 69 94 1.0
0 32 44 1.0
81 98 68 1.0
16 13 38 1.0
58 78 55 1.0
17 22 47 1.0
88 99 63 1.0
0 25 37 1.0
72 84 60 1.0
40 18 3 1.0
72 75 87 1.0
20 12 7 1.0
66 87 63 1.0
0 48 2 1.0
50 83 70 1.0
26 39 31 1.0
58 75 71 1.0
16 17 23 1.0
72 80 52 1.0
0 41 9 1.0
82 99 85 1.0
49 45 47 1.0
82 58 76 1.0
40 34 45 1.0
57 82 63 1.0
48 16 12 1.0
96 83 77 1.0
48 39 31 1.0
91 61 79 1.0
26 36 20 1.0
57 69 63 1.0
16 33 28 1.0
80 97 51 1.0
33 28 22 1.0
97 50 91 1.0
5 46 15 1.0
90 66 71 1.0
42 13 14 1.0
89 93 62 1.0
2 19 13 1.0
90 61 69 1.0
12 39 15 1.0
82 94 71 1.0
25 26 30 1.0
81 89 76 1.0
26 28 45 1.0
57 84 63 1.0
45 5 31 1.0
96 73 68 1.0
33 28 47 1.0
60 54 92 1.0
41 44 5 1.0
72 91 63 1.0
35 20 39 1.0
97 51 93 1.0
40 49 36 1.0
97 78 79 1.0
24 11 7 1.0
81 92 63 1.0
16 42 31 1.0
51 75 55 1.0
20 38 23 1.0
56 51 78 1.0
25 10 18 1.0
88 71 63 1.0
37 5 22 1.0
80 88 79 1.0
20 28 23 1.0
91 77 95 1.0
1 18 5 1.0
50 90 71 1.0
49 46 15 1.0
83 92 85 1.0
18 20 45 1.0
64 85 86 1.0
40 13 15 1.0
57 84 69 1.0
42 19 38 1.0
72 83 77 1.0
32 35 31 1.0
59 86 79 1.0
13 46 14 1.0
89 93 55 1.0
33 4 39 1.0
89 93 86 1.0
24 36 46 1.0
89 84 87 1.0
2 10 12 1.0
65 67 70 1.0
1 10 19 1.0
81 85 86 1.0
40 8 44 1.0
82 99 63 1.0
25 10 28 1.0
88 81 66 1.0
16 22 23 1.0
60 70 79 1.0
27 48 19 1.0
72 51 68 1.0
48 1 27 1.0
89 67 55 1.0
21 6 23 1.0
98 76 86 1.0
48 41 5 1.0
96 57 59 1.0
42 12 28 1.0
52 86 55 1.0
16 32 37 1.0
91 75 87 1.0
44 12 14 1.0
88 90 61 1.0
25 42 19 1.0
56 73 84 1.0
10 21 46 1.0
90 66 86 1.0
10 37 6 1.0
56 97 74 1.0
45 21 38 1.0
89 58 67 1.0
41 34 28 1.0
88 73 85 1.0
1 3 21 1.0
88 76 52 1.0
3 43 15 1.0
57 50 51 1.0
49 27 44 1.0
72 65 63 1.0
2 34 14 1.0
84 61 79 1.0
17 5 22 1.0
72 80 54 1.0
12 13 22 1.0
98 51 85 1.0
0 36 45 1.0
98 51 58 1.0
5 26 13 1.0
88 89 83 1.0
0 42 47 1.0
64 73 93 1.0
40 18 6 1.0
91 78 79 1.0
34 36 23 1.0
64 51 96 1.0
8 9 43 1.0
51 60 55 1.0
16 25 4 1.0
59 90 51 1.0
19 4 14 1.0
90 83 71 1.0
49 44 37 1.0
90 66 79 1.0
3 13 47 1.0
89 59 70 1.0
34 10 23 1.0
97 85 70 1.0
24 18 31 1.0
57 78 71 1.0
24 33 7 1.0
51 84 68 1.0
41 38 15 1.0
98 91 60 1.0
35 28 37 1.0
64 51 71 1.0
25 18 20 1.0
81 66 95 1.0
41 27 38 1.0
74 78 71 1.0
0 25 46 1.0
88 92 63 1.0
16 41 49 1.0
74 67 93 1.0
32 49 4 1.0
51 60 62 1.0
48 4 47 1.0
73 61 87 1.0
0 42 13 1.0
93 62 55 1.0
2 44 29 1.0
57 70 87 1.0
41 14 31 1.0
83 78 95 1.0
24 19 23 1.0
80 55 95 1.0
9 20 22 1.0
66 75 55 1.0
33 44 23 1.0
74 93 86 1.0
10 19 22 1.0
81 74 70 1.0
12 30 36 1.0
73 98 94 1.0
34 21 37 1.0
64 97 66 1.0
48 27 38 1.0
99 84 94 1.0
42 28 13 1.0
50 92 87 1.0
49 35 29 1.0
72 90 54 1.0
16 0 10 1.0
73 74 94 1.0
9 26 10 1.0
64 65 63 1.0
49 46 25 1.0
74 99 70 1.0
10 19 5 1.0
98 53 94 1.0
40 49 13 1.0
87 78 71 1.0
9 18 12 1.0
93 62 55 1.0
9 26 15 1.0
90 83 53 1.0
26 14 15 1.0
59 60 94 1.0
40 10 45 1.0
81 59 62 1.0
2 3 37 1.0
96 97 85 1.0
33 6 39 1.0
80 77 55 1.0
33 27 22 1.0
80 76 62 1.0
34 42 30 1.0
69 87 79 1.0
9 45 17 1.0
57 77 94 1.0
10 18 34 1.0
81 60 78 1.0
48 10 45 1.0
89 61 94 1.0
42 34 38 1.0
66 91 76 1.0
24 26 5 1.0
91 51 53 1.0
40 20 39 1.0
72 83 95 1.0
8 10 43 1.0
88 82 99 1.0
32 9 29 1.0
50 69 62 1.0
9 11 44 1.0
53 61 94 1.0
41 34 43 1.0
74 59 54 1.0
33 18 12 1.0
72 59 87 1.0
2 5 6 1.0
53 94 55 1.0
32 9 14 1.0
64 89 79 1.0
2 14 31 1.0
80 66 85 1.0
48 45 31 1.0
89 51 79 1.0
9 10 4 1.0
74 77 54 1.0
35 42 19 1.0
74 68 84 1.0
32 44 4 1.0
74 91 71 1.0
24 49 31 1.0
73 89 70 1.0
0 26 46 1.0
88 97 89 1.0
24 3 35 1.0
97 82 84 1.0
0 8 27 1.0
97 67 60 1.0
8 20 36 1.0
54 85 70 1.0
40 46 31 1.0
81 82 50 1.0
41 45 39 1.0
88 58 84 1.0
3 44 23 1.0
96 72 80 1.0
28 46 39 1.0
90 61 66 1.0
27 20 6 1.0
50 63 55 1.0
32 35 22 1.0
73 82 91 1.0
6 38 14 1.0
80 84 68 1.0
24 1 15 1.0
66 77 55 1.0
10 3 4 1.0
88 84 63 1.0
47 30 15 1.0
64 90 88 1.0
24 1 13 1.0
96 75 64 1.0
38 28 46 1.0
72 54 70 1.0
27 23 31 1.0
58 79 95 1.0
41 36 37 1.0
82 58 86 1.0
44 38 36 1.0
57 58 83 1.0
1 19 38 1.0
88 83 67 1.0
36 29 22 1.0
62 60 70 1.0
0 40 30 1.0
81 91 54 1.0
7 6 23 1.0
52 78 71 1.0
24 48 11 1.0
77 69 62 1.0
1 17 23 1.0
76 85 78 1.0
26 42 13 1.0
57 82 85 1.0
16 41 28 1.0
73 50 58 1.0
41 13 14 1.0
76 86 68 1.0
40 3 6 1.0
97 82 55 1.0
33 26 12 1.0
96 82 92 1.0
33 45 9 1.0
73 66 52 1.0
10 43 45 1.0
53 69 95 1.0
26 20 38 1.0
53 92 77 1.0
34 13 7 1.0
64 81 67 1.0
32 33 18 1.0
65 84 95 1.0
33 4 23 1.0
94 78 55 1.0
0 11 15 1.0
57 62 97 1.0
48 5 22 1.0
83 99 61 1.0
26 38 39 1.0
64 81 87 1.0
38 20 30 1.0
62 70 63 1.0
41 47 23 1.0
59 60 63 1.0
26 38 7 1.0
97 66 86 1.0
24 37 30 1.0
72 58 52 1.0
41 39 31 1.0
75 91 55 1.0
24 1 3 1.0
93 54 63 1.0
24 43 6 1.0
56 86 87 1.0
33 10 5 1.0
89 82 94 1.0
48 25 19 1.0
62 90 86 1.0
48 33 7 1.0
88 57 96 1.0
23 45 7 1.0
80 82 70 1.0
10 28 37 1.0
80 51 60 1.0
10 2 18 1.0
89 50 92 1.0
20 21 7 1.0
98 58 61 1.0
48 33 17 1.0
72 66 64 1.0
8 23 15 1.0
89 76 71 1.0
32 17 39 1.0
64 52 95 1.0
8 12 13 1.0
97 98 76 1.0
2 19 37 1.0
50 59 94 1.0
25 43 21 1.0
99 59 78 1.0
0 41 15 1.0
50 99 94 1.0
29 38 47 1.0
82 61 86 1.0
29 22 7 1.0
65 74 95 1.0
30 46 31 1.0
51 83 52 1.0
40 8 18 1.0
65 85 86 1.0
25 27 38 1.0
88 99 94 1.0
18 26 34 1.0
88 67 53 1.0
11 49 35 1.0
58 77 63 1.0
10 11 36 1.0
89 52 77 1.0
17 10 41 1.0
97 84 54 1.0
27 2 11 1.0
81 73 66 1.0
3 1 11 1.0
61 85 93 1.0
42 21 15 1.0
72 86 55 1.0
24 49 31 1.0
73 58 85 1.0
41 21 1 1.0
58 53 95 1.0
0 41 34 1.0
72 99 84 1.0
18 36 7 1.0
67 93 62 1.0
26 28 21 1.0
81 82 84 1.0
40 12 20 1.0
50 91 76 1.0
41 3 38 1.0
81 53 86 1.0
0 5 45 1.0
50 99 85 1.0
33 10 43 1.0
76 93 62 1.0
16 27 6 1.0
89 84 76 1.0
17 2 4 1.0
67 75 77 1.0
10 15 31 1.0
64 66 71 1.0
32 3 23 1.0
51 75 79 1.0
32 26 30 1.0
66 68 69 1.0
18 12 29 1.0
88 67 99 1.0
32 14 23 1.0
73 92 55 1.0
40 41 6 1.0
83 84 53 1.0
2 10 7 1.0
73 69 93 1.0
8 16 28 1.0
65 84 76 1.0
2 3 28 1.0
90 53 78 1.0
27 37 14 1.0
73 76 62 1.0
33 2 36 1.0
94 91 78 1.0
49 10 39 1.0
58 53 54 1.0
8 47 7 1.0
80 50 64 1.0
10 20 14 1.0
78 91 62 1.0
32 37 29 1.0
96 88 78 1.0
0 16 28 1.0
96 67 69 1.0
40 35 45 1.0
58 67 86 1.0
41 34 36 1.0
88 65 91 1.0
32 16 42 1.0
64 57 95 1.0
8 22 23 1.0
65 91 87 1.0
33 4 49 1.0
89 58 79 1.0
0 29 31 1.0
78 62 95 1.0
8 24 46 1.0
88 67 70 1.0
40 26 44 1.0
91 62 63 1.0
48 37 6 1.0
90 68 66 1.0
10 3 4 1.0
64 60 55 1.0
49 44 47 1.0
89 77 54 1.0
8 3 44 1.0
70 61 94 1.0
26 44 47 1.0
91 79 71 1.0
48 29 38 1.0
72 58 70 1.0
0 25 13 1.0
88 50 51 1.0
17 11 45 1.0
64 69 95 1.0
32 8 10 1.0
96 54 95 1.0
48 18 13 1.0
90 95 79 1.0
38 44 22 1.0
80 81 90 1.0
1 18 44 1.0
73 76 77 1.0
9 12 21 1.0
75 93 94 1.0
33 34 15 1.0
51 84 79 1.0
17 19 1 1.0
57 59 70 1.0
41 2 28 1.0
72 51 54 1.0
24 41 20 1.0
97 74 60 1.0
1 43 36 1.0
75 51 74 1.0
0 1 22 1.0
74 94 87 1.0
16 2 6 1.0
65 76 85 1.0
35 30 6 1.0
81 50 53 1.0
34 10 12 1.0
80 71 63 1.0
18 12 22 1.0
82 94 95 1.0
8 42 3 1.0
56 75 71 1.0
48 27 11 1.0
64 86 95 1.0
35 39 7 1.0
82 93 61 1.0
24 27 30 1.0
80 69 79 1.0
16 2 4 1.0
82 76 92 1.0
8 16 30 1.0
89 52 87 1.0
40 38 39 1.0
72 68 85 1.0
1 30 6 1.0
64 75 92 1.0
16 28 7 1.0
96 57 86 1.0
42 3 21 1.0
97 61 70 1.0
33 45 6 1.0
72 97 58 1.0
40 43 36 1.0
84 55 76 1.0
26 18 34 1.0
97 90 83 1.0
32 27 23 1.0
72 59 76 1.0
8 10 11 1.0
93 69 63 1.0
41 27 25 1.0
56 58 77 1.0
33 34 46 1.0
96 59 92 1.0
24 40 35 1.0
64 80 85 1.0
40 19 37 1.0
64 88 92 1.0
40 31 47 1.0
57 84 77 1.0
27 35 12 1.0
65 53 70 1.0
45 27 5 1.0
65 91 92 1.0
33 18 31 1.0
89 77 71 1.0
25 36 12 1.0
97 66 94 1.0
33 37 47 1.0
66 68 98 1.0
29 39 7 1.0
57 75 86 1.0
18 19 20 1.0
83 84 79 1.0
45 36 5 1.0
96 98 99 1.0
0 29 46 1.0
53 86 95 1.0
10 4 31 1.0
91 53 86 1.0
25 26 37 1.0
72 51 94 1.0
49 2 15 1.0
51 78 79 1.0
34 35 12 1.0
54 62 78 1.0
1 19 38 1.0
56 74 92 1.0
40 35 38 1.0
50 92 78 1.0
41 7 49 1.0
97 51 52 1.0
42 35 6 1.0
50 77 85 1.0
39 37 15 1.0
57 99 92 1.0
8 2 29 1.0
55 70 71 1.0
8 33 39 1.0
80 93 79 1.0
3 11 27 1.0
56 91 92 1.0
0 45 21 1.0
65 91 86 1.0
21 28 13 1.0
91 93 86 1.0
1 4 13 1.0
52 77 84 1.0
1 27 20 1.0
74 67 70 1.0
0 16 28 1.0
72 67 61 1.0
27 35 23 1.0
58 51 87 1.0
24 32 29 1.0
88 50 64 1.0
34 5 47 1.0
61 54 71 1.0
12 36 7 1.0
72 75 63 1.0
24 38 15 1.0
88 58 79 1.0
4 45 22 1.0
70 66 78 1.0
9 45 30 1.0
57 77 85 1.0
32 4 36 1.0
88 89 76 1.0
42 27 12 1.0
73 81 83 1.0
18 29 30 1.0
99 54 71 1.0
32 11 30 1.0
81 97 96 1.0
34 19 31 1.0
99 76 86 1.0
27 11 36 1.0
81 97 96 1.0
0 10 31 1.0
72 64 86 1.0
2 27 15 1.0
64 81 62 1.0
16 26 30 1.0
81 75 92 1.0
1 30 15 1.0
73 77 78 1.0
26 43 46 1.0
96 89 67 1.0
48 30 6 1.0
65 75 57 1.0
17 27 12 1.0
98 99 90 1.0
25 6 39 1.0
89 68 79 1.0
28 36 47 1.0
72 57 77 1.0
27 5 30 1.0
90 70 98 1.0
0 10 28 1.0
97 50 54 1.0
40 36 39 1.0
88 59 79 1.0
35 3 20 1.0
50 84 61 1.0
9 13 17 1.0
80 75 70 1.0
48 35 37 1.0
97 82 84 1.0
17 1 47 1.0
73 58 94 1.0
25 44 29 1.0
56 53 61 1.0
33 46 49 1.0
65 98 70 1.0
25 18 29 1.0
94 90 54 1.0
11 18 35 1.0
72 65 74 1.0
9 44 5 1.0
82 93 94 1.0
24 1 32 1.0
56 51 55 1.0
10 20 7 1.0
88 72 62 1.0
16 13 30 1.0
64 80 61 1.0
8 9 23 1.0
99 68 69 1.0
16 17 11 1.0
97 60 86 1.0
42 3 39 1.0
91 60 63 1.0
43 29 30 1.0
66 75 77 1.0
49 34 5 1.0
80 73 95 1.0
33 11 46 1.0
65 58 54 1.0
9 13 45 1.0
90 83 52 1.0
10 44 46 1.0
92 54 76 1.0
32 25 3 1.0
66 78 71 1.0
33 35 41 1.0
73 58 79 1.0
25 6 47 1.0
99 75 84 1.0
23 29 31 1.0
74 77 87 1.0
11 37 6 1.0
88 97 56 1.0
0 43 19 1.0
57 60 95 1.0
16 20 5 1.0
50 77 62 1.0
24 41 22 1.0
81 91 71 1.0
25 13 30 1.0
80 98 61 1.0
35 29 22 1.0
89 62 71 1.0
0 8 39 1.0
62 91 54 1.0
9 23 49 1.0
58 83 52 1.0
9 18 10 1.0
81 77 61 1.0
40 0 30 1.0
89 83 95 1.0
41 37 38 1.0
73 82 55 1.0
42 44 30 1.0
50 85 95 1.0
24 33 15 1.0
58 67 84 1.0
32 41 12 1.0
72 89 75 1.0
25 26 13 1.0
96 72 78 1.0
19 35 47 1.0
80 93 95 1.0
43 4 21 1.0
88 97 50 1.0
17 34 27 1.0
70 85 86 1.0
32 41 45 1.0
99 92 62 1.0
20 38 47 1.0
83 90 91 1.0
48 41 15 1.0
56 68 93 1.0
2 20 5 1.0
57 93 94 1.0
10 42 39 1.0
64 98 93 1.0
26 3 21 1.0
97 76 78 1.0
42 4 30 1.0
97 85 55 1.0
42 27 46 1.0
73 77 79 1.0
10 2 5 1.0
66 50 58 1.0
41 2 44 1.0
64 53 86 1.0
35 11 5 1.0
88 51 84 1.0
43 19 49 1.0
65 89 70 1.0
24 38 39 1.0
52 61 62 1.0
1 19 4 1.0
92 76 55 1.0
40 49 22 1.0
56 66 94 1.0
33 34 38 1.0
80 84 95 1.0
41 5 45 1.0
65 57 66 1.0
25 38 39 1.0
86 93 70 1.0
0 4 21 1.0
52 60 95 1.0
10 42 22 1.0
64 89 63 1.0
40 41 47 1.0
73 85 87 1.0
38 18 30 1.0
88 99 85 1.0
0 34 19 1.0
97 66 75 1.0
32 33 11 1.0
72 96 71 1.0
40 16 34 1.0
72 50 80 1.0
8 1 45 1.0
89 74 53 1.0
48 35 6 1.0
64 94 87 1.0
26 36 30 1.0
64 51 70 1.0
32 49 31 1.0
53 54 87 1.0
41 30 47 1.0
58 61 79 1.0
49 10 35 1.0
76 86 63 1.0
48 26 19 1.0
57 85 86 1.0
32 48 5 1.0
96 84 68 1.0
41 4 14 1.0
66 60 79 1.0
25 27 13 1.0
91 59 76 1.0
3 4 7 1.0
65 59 70 1.0
8 26 11 1.0
92 93 86 1.0
41 46 47 1.0
90 62 71 1.0
11 38 23 1.0
67 52 87 1.0
8 41 12 1.0
82 61 79 1.0
27 36 15 1.0
89 62 55 1.0
32 1 3 1.0
83 77 87 1.0
33 11 7 1.0
82 59 79 1.0
16 5 22 1.0
72 73 71 1.0
12 22 15 1.0
75 94 79 1.0
32 36 21 1.0
51 70 79 1.0
1 36 37 1.0
97 54 71 1.0
32 2 13 1.0
73 77 87 1.0
40 44 5 1.0
96 67 68 1.0
17 2 35 1.0
64 50 53 1.0
48 35 36 1.0
67 84 53 1.0
48 8 45 1.0
72 83 61 1.0
26 4 5 1.0
64 74 62 1.0
9 3 49 1.0
57 76 78 1.0
1 13 21 1.0
89 66 50 1.0
32 18 20 1.0
64 56 62 1.0
40 41 6 1.0
56 98 91 1.0
24 34 12 1.0
72 52 54 1.0
49 13 30 1.0
56 58 83 1.0
33 37 6 1.0
56 92 85 1.0
40 42 4 1.0
80 92 79 1.0
48 25 10 1.0
64 57 59 1.0
36 30 15 1.0
66 67 71 1.0
0 33 36 1.0
86 78 95 1.0
8 27 38 1.0
97 68 79 1.0
16 33 22 1.0
51 90 91 1.0
32 26 39 1.0
64 76 79 1.0
32 36 37 1.0
64 57 67 1.0
0 14 23 1.0
97 98 71 1.0
48 33 42 1.0
98 91 62 1.0
48 1 10 1.0
60 94 55 1.0
35 3 29 1.0
50 59 58 1.0
41 27 30 1.0
96 89 51 1.0
48 40 44 1.0
99 53 86 1.0
24 25 39 1.0
96 65 91 1.0
30 22 7 1.0
81 58 77 1.0
40 11 13 1.0
74 69 86 1.0
9 10 29 1.0
88 52 70 1.0
0 35 31 1.0
72 52 78 1.0
22 38 47 1.0
89 91 52 1.0
25 45 14 1.0
85 54 71 1.0
32 13 45 1.0
64 97 53 1.0
42 11 12 1.0
97 84 53 1.0
43 19 17 1.0
97 78 63 1.0
2 20 39 1.0
90 51 84 1.0
48 4 14 1.0
99 97 83 1.0
3 28 22 1.0
81 51 85 1.0
26 13 22 1.0
88 84 62 1.0
8 49 9 1.0
96 81 74 1.0
42 26 22 1.0
56 73 74 1.0
48 25 14 1.0
83 75 63 1.0
41 20 13 1.0
63 86 87 1.0
40 12 47 1.0
98 60 61 1.0
26 10 37 1.0
97 69 94 1.0
5 14 23 1.0
73 99 93 1.0
36 29 46 1.0
66 76 82 1.0
38 36 14 1.0
97 69 94 1.0
25 45 15 1.0
72 67 61 1.0
21 38 7 1.0
74 70 79 1.0
3 23 7 1.0
62 86 63 1.0
48 26 5 1.0
89 98 51 1.0
24 37 47 1.0
82 93 98 1.0
35 4 12 1.0
50 92 86 1.0
8 38 6 1.0
80 92 86 1.0
1 34 23 1.0
89 66 97 1.0
18 36 13 1.0
82 84 55 1.0
1 3 4 1.0
72 56 83 1.0
11 4 7 1.0
88 57 80 1.0
2 4 29 1.0
62 83 86 1.0
41 4 37 1.0
73 57 93 1.0
0 34 32 1.0
56 65 86 1.0
26 34 29 1.0
51 71 87 1.0
24 33 29 1.0
91 68 94 1.0
0 41 36 1.0
80 99 78 1.0
33 19 25 1.0
56 96 79 1.0
16 45 22 1.0
81 87 55 1.0
10 3 20 1.0
74 59 78 1.0
41 3 1 1.0
72 92 55 1.0
0 13 22 1.0
97 58 83 1.0
12 36 47 1.0
59 51 60 1.0
48 11 44 1.0
58 75 69 1.0
5 34 21 1.0
91 61 86 1.0
20 5 23 1.0
56 88 62 1.0
40 9 6 1.0
65 66 74 1.0
40 3 6 1.0
74 50 76 1.0
24 42 14 1.0
65 58 66 1.0
11 3 23 1.0
97 75 77 1.0
49 20 47 1.0
73 58 51 1.0
9 29 15 1.0
57 90 55 1.0
25 39 7 1.0
75 91 98 1.0
16 41 18 1.0
56 59 60 1.0
41 37 23 1.0
81 82 68 1.0
31 37 23 1.0
90 59 61 1.0
32 3 21 1.0
66 99 52 1.0
8 29 37 1.0
69 52 93 1.0
40 36 7 1.0
90 68 70 1.0
0 33 35 1.0
88 56 83 1.0
19 27 23 1.0
82 84 77 1.0
25 27 14 1.0
78 85 62 1.0
36 22 31 1.0
67 55 71 1.0
9 26 30 1.0
98 77 87 1.0
32 12 46 1.0
89 99 76 1.0
2 12 5 1.0
64 78 63 1.0
24 1 43 1.0
99 92 79 1.0
34 28 21 1.0
57 98 91 1.0
40 3 37 1.0
72 82 88 1.0
9 17 14 1.0
62 94 55 1.0
33 3 22 1.0
90 91 70 1.0
24 20 14 1.0
83 93 55 1.0
32 10 45 1.0
67 84 77 1.0
17 45 5 1.0
72 65 53 1.0
20 37 22 1.0
50 77 70 1.0
35 29 46 1.0
90 69 86 1.0
48 2 26 1.0
69 92 93 1.0
49 36 38 1.0
98 77 87 1.0
33 20 5 1.0
67 94 87 1.0
43 4 38 1.0
64 83 68 1.0
48 25 20 1.0
75 69 78 1.0
0 3 5 1.0
90 99 85 1.0
10 36 31 1.0
50 59 54 1.0
2 38 47 1.0
98 58 61 1.0
27 28 7 1.0
57 82 84 1.0
4 29 7 1.0
72 57 52 1.0
3 44 5 1.0
72 68 70 1.0
12 29 38 1.0
59 99 95 1.0
3 36 45 1.0
98 60 86 1.0
26 11 13 1.0
59 84 78 1.0
48 27 30 1.0
98 67 74 1.0
25 15 7 1.0
97 75 63 1.0
41 34 43 1.0
96 91 59 1.0
16 38 15 1.0
81 78 54 1.0
48 44 45 1.0
73 75 51 1.0
0 25 28 1.0
68 85 62 1.0
8 46 30 1.0
75 85 54 1.0
19 35 22 1.0
67 76 95 1.0
24 29 15 1.0
56 80 83 1.0
40 21 37 1.0
65 73 99 1.0
32 18 14 1.0
64 67 68 1.0
18 35 45 1.0
74 93 71 1.0
18 3 12 1.0
74 76 70 1.0
9 13 23 1.0
65 90 54 1.0
41 10 35 1.0
83 61 63 1.0
1 28 22 1.0
65 76 69 1.0
19 3 36 1.0
89 60 70 1.0
12 37 47 1.0
81 51 70 1.0
33 2 15 1.0
98 78 55 1.0
49 37 22 1.0
80 91 77 1.0
28 38 14 1.0
75 92 60 1.0
33 11 13 1.0
73 65 77 1.0
33 3 47 1.0
65 53 86 1.0
2 36 7 1.0
90 53 55 1.0
26 19 28 1.0
74 68 85 1.0
25 27 12 1.0
66 60 71 1.0
49 10 25 1.0
99 69 77 1.0
24 35 46 1.0
81 52 68 1.0
26 21 47 1.0
80 65 62 1.0
17 18 3 1.0
91 52 55 1.0
24 25 23 1.0
76 63 87 1.0
44 21 47 1.0
98 83 85 1.0
49 9 33 1.0
56 92 95 1.0
1 34 45 1.0
80 64 71 1.0
0 45 23 1.0
88 75 92 1.0
16 41 43 1.0
72 56 86 1.0
13 37 7 1.0
96 74 66 1.0
25 3 14 1.0
82 68 84 1.0
25 42 29 1.0
64 65 76 1.0
24 0 15 1.0
53 84 77 1.0
17 10 13 1.0
75 69 94 1.0
27 30 47 1.0
88 75 63 1.0
40 8 2 1.0
96 76 79 1.0
33 6 39 1.0
97 51 95 1.0
0 20 6 1.0
80 91 92 1.0
33 2 43 1.0
56 81 51 1.0
32 4 22 1.0
57 53 55 1.0
0 10 2 1.0
64 57 67 1.0
24 48 44 1.0
56 50 51 1.0
35 44 30 1.0
57 51 92 1.0
12 45 30 1.0
57 59 85 1.0
32 22 39 1.0
97 87 79 1.0
35 11 45 1.0
97 79 95 1.0
32 1 5 1.0
75 84 54 1.0
16 35 21 1.0
90 99 63 1.0
33 28 37 1.0
96 64 78 1.0
16 18 23 1.0
88 83 95 1.0
49 10 30 1.0
80 82 69 1.0
24 27 38 1.0
90 78 55 1.0
24 0 11 1.0
98 75 93 1.0
48 9 0 1.0
80 77 63 1.0
18 12 38 1.0
80 82 83 1.0
2 11 29 1.0
96 83 76 1.0
10 27 14 1.0
56 83 94 1.0
26 3 21 1.0
80 88 91 1.0
48 34 30 1.0
88 60 93 1.0
9 19 28 1.0
67 77 63 1.0
19 4 15 1.0
65 94 63 1.0
17 10 36 1.0
88 68 53 1.0
49 36 13 1.0
88 69 71 1.0
9 14 31 1.0
73 89 91 1.0
0 3 21 1.0
88 53 70 1.0
41 42 47 1.0
99 68 55 1.0
17 26 45 1.0
89 95 79 1.0
17 35 7 1.0
64 57 51 1.0
48 36 12 1.0
73 84 68 1.0
49 28 31 1.0
80 52 62 1.0
40 20 36 1.0
97 91 94 1.0
8 24 10 1.0
66 99 95 1.0
17 12 7 1.0
64 57 74 1.0
1 18 25 1.0
56 61 93 1.0
27 44 37 1.0
78 98 54 1.0
19 35 45 1.0
89 81 55 1.0
19 31 47 1.0
60 53 55 1.0
10 12 31 1.0
65 73 95 1.0
16 27 46 1.0
72 94 78 1.0
49 3 14 1.0
51 83 86 1.0
28 6 7 1.0
66 74 79 1.0
18 28 15 1.0
70 93 86 1.0
38 4 46 1.0
81 58 83 1.0
8 12 7 1.0
72 66 93 1.0
40 6 14 1.0
57 82 99 1.0
17 18 38 1.0
83 71 87 1.0
1 21 30 1.0
83 84 55 1.0
25 29 31 1.0
57 61 78 1.0
16 46 14 1.0
67 92 52 1.0
49 20 5 1.0
64 89 90 1.0
16 45 6 1.0
51 79 55 1.0
25 36 30 1.0
65 84 63 1.0
33 44 41 1.0
68 76 71 1.0
17 27 33 1.0
65 98 55 1.0
0 19 39 1.0
89 67 57 1.0
25 29 37 1.0
97 58 86 1.0
32 2 14 1.0
74 67 98 1.0
37 35 21 1.0
75 55 95 1.0
0 17 2 1.0
97 52 53 1.0
21 6 23 1.0
76 61 87 1.0
32 12 23 1.0
72 98 53 1.0
35 21 38 1.0
58 68 69 1.0
44 13 6 1.0
56 51 92 1.0
16 1 42 1.0
69 92 93 1.0
9 26 20 1.0
90 68 54 1.0
8 24 14 1.0
94 68 78 1.0
18 20 7 1.0
72 63 79 1.0
0 24 20 1.0
81 52 94 1.0
13 22 39 1.0
83 52 79 1.0
18 44 5 1.0
93 53 62 1.0
21 6 47 1.0
96 59 95 1.0
16 46 22 1.0
64 82 76 1.0
38 43 14 1.0
72 60 86 1.0
25 45 39 1.0
50 92 71 1.0
28 5 39 1.0
72 81 86 1.0
34 43 21 1.0
56 66 88 1.0
32 39 15 1.0
97 70 95 1.0
41 20 47 1.0
50 92 71 1.0
38 3 6 1.0
57 85 94 1.0
25 4 33 1.0
60 78 76 1.0
40 1 47 1.0
50 85 86 1.0
17 3 38 1.0
89 92 77 1.0
8 33 10 1.0
57 75 70 1.0
35 15 31 1.0
52 85 62 1.0
0 44 39 1.0
80 97 82 1.0
18 26 6 1.0
88 74 51 1.0
16 26 43 1.0
88 75 77 1.0
20 29 31 1.0
91 61 63 1.0
37 13 7 1.0
73 91 83 1.0
2 12 44 1.0
72 81 85 1.0
17 15 47 1.0
72 76 55 1.0
8 43 28 1.0
65 84 86 1.0
2 34 42 1.0
81 87 95 1.0
32 40 47 1.0
60 78 63 1.0
10 6 14 1.0
56 97 83 1.0
9 33 47 1.0
65 83 53 1.0
26 30 47 1.0
88 57 91 1.0
40 44 38 1.0
96 74 63 1.0
8 5 46 1.0
57 60 77 1.0
33 42 38 1.0
80 82 51 1.0
11 29 23 1.0
88 81 53 1.0
32 26 21 1.0
81 83 95 1.0
24 5 37 1.0
75 59 60 1.0
9 42 5 1.0
81 98 52 1.0
25 27 38 1.0
56 60 78 1.0
40 34 27 1.0
82 53 55 1.0
42 5 13 1.0
75 53 54 1.0
49 19 14 1.0
72 64 53 1.0
16 8 29 1.0
81 82 83 1.0
25 36 29 1.0
59 83 84 1.0
17 3 25 1.0
57 97 70 1.0
0 11 14 1.0
80 89 92 1.0
0 11 43 1.0
58 52 85 1.0
2 12 5 1.0
89 90 62 1.0
10 4 13 1.0
81 82 94 1.0
42 12 14 1.0
96 82 92 1.0
48 3 31 1.0
85 92 61 1.0
40 25 47 1.0
97 76 94 1.0
16 29 5 1.0
64 51 76 1.0
17 11 25 1.0
97 99 77 1.0
0 32 43 1.0
56 80 87 1.0
39 38 15 1.0
98 78 63 1.0
19 44 38 1.0
75 83 70 1.0
32 37 22 1.0
56 84 52 1.0
42 2 4 1.0
99 76 60 1.0
29 46 15 1.0
65 93 95 1.0
32 17 41 1.0
74 60 90 1.0
42 27 46 1.0
98 68 61 1.0
5 12 21 1.0
64 89 60 1.0
12 21 47 1.0
97 74 68 1.0
3 27 19 1.0
57 82 52 1.0
8 0 43 1.0
59 60 71 1.0
2 35 46 1.0
73 68 60 1.0
43 44 29 1.0
66 59 50 1.0
5 44 45 1.0
65 74 75 1.0
0 25 2 1.0
80 65 63 1.0
42 12 36 1.0
58 85 63 1.0
18 19 45 1.0
56 90 69 1.0
9 34 39 1.0
72 96 84 1.0
25 45 31 1.0
90 91 95 1.0
43 44 13 1.0
56 90 75 1.0
20 30 7 1.0
56 58 84 1.0
0 11 5 1.0
57 98 60 1.0
18 42 35 1.0
89 50 70 1.0
0 38 47 1.0
89 74 51 1.0
2 11 39 1.0
81 83 70 1.0
32 19 47 1.0
64 52 61 1.0
27 29 6 1.0
60 61 62 1.0
18 39 47 1.0
57 51 79 1.0
24 3 14 1.0
74 75 70 1.0
49 20 37 1.0
65 90 78 1.0
18 44 29 1.0
89 74 97 1.0
1 4 45 1.0
82 53 98 1.0
0 25 45 1.0
81 90 62 1.0
0 18 15 1.0
72 58 66 1.0
4 28 46 1.0
59 79 63 1.0
9 34 3 1.0
72 58 54 1.0
24 44 23 1.0
89 85 79 1.0
34 10 15 1.0
97 90 94 1.0
8 1 17 1.0
89 76 63 1.0
40 42 39 1.0
85 70 79 1.0
40 25 3 1.0
81 95 71 1.0
10 11 6 1.0
81 58 87 1.0
14 46 23 1.0
96 74 56 1.0
25 21 47 1.0
82 75 70 1.0
3 25 35 1.0
72 91 95 1.0
0 2 27 1.0
89 67 97 1.0
17 36 5 1.0
80 72 91 1.0
17 2 20 1.0
80 89 67 1.0
27 38 15 1.0
82 76 95 1.0
9 2 27 1.0
88 75 93 1.0
19 33 3 1.0
58 77 63 1.0
10 43 46 1.0
81 65 67 1.0
26 12 39 1.0
80 97 82 1.0
24 11 13 1.0
80 59 95 1.0
1 28 31 1.0
58 59 60 1.0
8 40 46 1.0
65 90 54 1.0
48 33 36 1.0
62 92 70 1.0
16 19 20 1.0
65 98 85 1.0
40 2 35 1.0
57 84 86 1.0
16 41 20 1.0
70 93 54 1.0
32 1 4 1.0
96 84 85 1.0
48 33 10 1.0
97 53 71 1.0
11 23 39 1.0
80 57 88 1.0
8 2 38 1.0
89 93 54 1.0
41 49 47 1.0
64 65 53 1.0
48 0 13 1.0
81 66 51 1.0
49 12 31 1.0
82 93 86 1.0
48 41 17 1.0
65 82 91 1.0
32 21 30 1.0
64 97 98 1.0
9 19 46 1.0
72 58 75 1.0
26 3 4 1.0
56 81 59 1.0
2 27 31 1.0
90 77 79 1.0
48 40 12 1.0
59 54 87 1.0
11 27 5 1.0
76 93 79 1.0
2 6 7 1.0
64 76 70 1.0
8 33 11 1.0
82 85 94 1.0
32 25 16 1.0
90 50 74 1.0
49 19 5 1.0
57 83 95 1.0
24 42 13 1.0
65 98 59 1.0
41 10 45 1.0
82 76 98 1.0
1 12 23 1.0
53 59 61 1.0
35 36 5 1.0
82 58 93 1.0
48 17 35 1.0
97 50 60 1.0
4 12 14 1.0
90 92 98 1.0
8 48 11 1.0
64 98 77 1.0
42 12 38 1.0
98 51 60 1.0
16 3 39 1.0
56 66 71 1.0
42 3 14 1.0
72 65 67 1.0
16 32 11 1.0
80 57 96 1.0
48 10 2 1.0
70 54 63 1.0
16 32 22 1.0
88 81 78 1.0
12 31 39 1.0
59 83 91 1.0
10 37 29 1.0
80 90 52 1.0
0 11 31 1.0
81 99 54 1.0
24 9 26 1.0
51 70 55 1.0
24 40 15 1.0
88 94 95 1.0
0 11 46 1.0
88 59 64 1.0
32 8 35 1.0
72 83 54 1.0
33 44 15 1.0
88 58 84 1.0
1 20 46 1.0
96 64 69 1.0
45 44 12 1.0
89 84 70 1.0
0 32 37 1.0
64 73 74 1.0
3 46 31 1.0
59 62 87 1.0
32 33 14 1.0
93 53 95 1.0
17 12 21 1.0
53 85 71 1.0
21 46 23 1.0
73 59 83 1.0
16 41 12 1.0
91 53 78 1.0
9 2 13 1.0
74 91 63 1.0
11 10 26 1.0
73 66 55 1.0
48 3 39 1.0
56 57 55 1.0
41 11 36 1.0
57 67 68 1.0
2 4 31 1.0
56 98 55 1.0
8 10 21 1.0
72 69 95 1.0
9 6 39 1.0
64 76 86 1.0
0 19 43 1.0
89 69 78 1.0
1 13 15 1.0
88 51 52 1.0
1 10 22 1.0
80 75 99 1.0
25 13 15 1.0
74 99 62 1.0
41 18 11 1.0
50 76 86 1.0
16 17 9 1.0
68 78 55 1.0
18 26 37 1.0
65 50 71 1.0
11 27 31 1.0
82 92 76 1.0
10 11 13 1.0
80 73 66 1.0
40 17 22 1.0
72 61 78 1.0
25 2 13 1.0
92 94 79 1.0
32 11 44 1.0
50 76 63 1.0
25 29 31 1.0
94 68 86 1.0
8 33 2 1.0
50 90 87 1.0
16 29 47 1.0
76 85 70 1.0
19 37 14 1.0
81 66 84 1.0
18 12 28 1.0
99 94 63 1.0
35 2 43 1.0
90 83 79 1.0
0 35 47 1.0
99 84 94 1.0
48 9 13 1.0
51 61 71 1.0
38 6 31 1.0
72 58 94 1.0
11 12 6 1.0
82 91 55 1.0
49 22 14 1.0
72 82 77 1.0
35 22 39 1.0
81 73 54 1.0
40 33 24 1.0
60 61 62 1.0
19 26 10 1.0
53 77 63 1.0
11 47 39 1.0
81 65 68 1.0
40 27 21 1.0
81 74 52 1.0
17 2 47 1.0
96 63 87 1.0
29 45 21 1.0
90 92 55 1.0
16 48 20 1.0
65 52 54 1.0
18 38 7 1.0
56 77 78 1.0
17 49 23 1.0
90 51 71 1.0
25 19 29 1.0
66 83 85 1.0
0 49 1 1.0
65 97 70 1.0
41 42 36 1.0
50 76 87 1.0
8 27 44 1.0
56 58 54 1.0
18 2 4 1.0
72 90 56 1.0
32 26 30 1.0
66 99 70 1.0
16 26 10 1.0
58 51 93 1.0
32 17 39 1.0
58 94 95 1.0
33 44 29 1.0
90 51 94 1.0
41 36 21 1.0
58 75 95 1.0
1 31 39 1.0
73 76 84 1.0
27 1 43 1.0
92 55 79 1.0
8 48 7 1.0
74 84 85 1.0
48 3 29 1.0
57 60 76 1.0
33 10 47 1.0
64 92 78 1.0
2 36 5 1.0
80 89 94 1.0
8 1 43 1.0
56 61 94 1.0
13 38 22 1.0
84 85 62 1.0
18 21 30 1.0
72 50 51 1.0
32 24 6 1.0
51 52 54 1.0
33 3 36 1.0
82 67 54 1.0
13 46 31 1.0
73 90 77 1.0
20 29 22 1.0
56 89 50 1.0
19 10 27 1.0
88 85 79 1.0
40 5 13 1.0
59 67 63 1.0
3 19 22 1.0
74 85 71 1.0
11 22 7 1.0
56 75 87 1.0
48 43 44 1.0
96 68 87 1.0
35 21 23 1.0
90 55 87 1.0
33 46 23 1.0
58 51 71 1.0
9 18 33 1.0
88 66 50 1.0
48 17 13 1.0
84 62 79 1.0
2 45 47 1.0
75 95 63 1.0
25 12 46 1.0
58 91 78 1.0
8 29 13 1.0
56 97 84 1.0
40 49 34 1.0
64 84 77 1.0
8 44 12 1.0
72 89 92 1.0
24 12 29 1.0
98 83 62 1.0
24 41 4 1.0
83 95 87 1.0
33 45 49 1.0
84 78 79 1.0
26 37 29 1.0
72 99 52 1.0
48 41 29 1.0
90 99 70 1.0
10 5 29 1.0
62 58 94 1.0
20 14 15 1.0
97 57 79 1.0
48 27 46 1.0
72 59 52 1.0
27 20 30 1.0
56 58 59 1.0
26 42 29 1.0
74 85 55 1.0
24 2 22 1.0
64 56 94 1.0
32 41 39 1.0
72 53 63 1.0
12 36 5 1.0
74 69 98 1.0
19 34 2 1.0
80 78 54 1.0
18 26 47 1.0
64 60 93 1.0
9 26 33 1.0
89 75 63 1.0
33 19 12 1.0
64 98 88 1.0
8 13 7 1.0
96 60 78 1.0
16 36 7 1.0
50 68 78 1.0
16 17 4 1.0
61 68 77 1.0
10 11 30 1.0
89 51 94 1.0
33 12 47 1.0
98 85 70 1.0
42 11 22 1.0
65 57 63 1.0
17 23 7 1.0
74 85 79 1.0
10 26 39 1.0
92 52 84 1.0
4 14 31 1.0
66 69 74 1.0
1 2 18 1.0
92 55 63 1.0
20 14 39 1.0
82 94 55 1.0
26 14 22 1.0
62 85 78 1.0
2 6 39 1.0
64 58 59 1.0
32 24 18 1.0
72 74 91 1.0
49 45 9 1.0
67 93 77 1.0
24 17 10 1.0
98 61 53 1.0
1 34 6 1.0
99 60 69 1.0
32 18 34 1.0
96 76 85 1.0
8 12 45 1.0
72 89 58 1.0
17 18 4 1.0
56 67 80 1.0
8 11 47 1.0
66 59 63 1.0
25 10 6 1.0
91 93 55 1.0
37 27 45 1.0
72 94 63 1.0
41 29 7 1.0
72 86 79 1.0
49 43 6 1.0
98 59 92 1.0
8 18 19 1.0
72 92 55 1.0
16 24 35 1.0
80 97 69 1.0
33 30 39 1.0
64 81 60 1.0
8 42 6 1.0
97 76 69 1.0
32 33 39 1.0
59 68 55 1.0
0 9 23 1.0
88 83 85 1.0
49 18 45 1.0
50 60 94 1.0
8 19 14 1.0
67 79 63 1.0
43 28 7 1.0
75 61 71 1.0
8 17 39 1.0
56 90 94 1.0
0 44 39 1.0
74 59 76 1.0
48 34 31 1.0
59 50 99 1.0
16 10 43 1.0
50 77 55 1.0
4 21 14 1.0
73 58 71 1.0
16 33 47 1.0
85 61 52 1.0
26 7 15 1.0
65 52 87 1.0
0 33 22 1.0
56 75 69 1.0
49 19 15 1.0
80 81 87 1.0
17 27 30 1.0
50 83 94 1.0
17 18 36 1.0
84 53 52 1.0
16 9 13 1.0
57 85 86 1.0
1 44 49 1.0
65 61 86 1.0
17 21 30 1.0
72 53 54 1.0
1 7 31 1.0
96 60 95 1.0
48 10 5 1.0
88 84 85 1.0
32 8 47 1.0
73 58 60 1.0
16 18 19 1.0
96 83 52 1.0
16 45 47 1.0
74 76 63 1.0
16 18 3 1.0
89 83 78 1.0
29 45 15 1.0
73 85 69 1.0
49 36 6 1.0
58 53 82 1.0
41 5 47 1.0
81 50 97 1.0
24 10 28 1.0
61 53 70 1.0
20 30 23 1.0
57 76 94 1.0
27 44 22 1.0
80 58 55 1.0
48 49 3 1.0
55 77 95 1.0
3 12 29 1.0
54 93 78 1.0
48 10 42 1.0
67 52 61 1.0
19 4 29 1.0
83 67 52 1.0
46 25 22 1.0
56 73 79 1.0
33 38 7 1.0
57 75 84 1.0
24 10 14 1.0
98 95 79 1.0
48 25 36 1.0
73 74 94 1.0
18 19 15 1.0
50 59 62 1.0
48 30 22 1.0
89 65 63 1.0
40 4 30 1.0
57 60 79 1.0
17 37 7 1.0
72 94 54 1.0
27 28 5 1.0
98 99 69 1.0
1 21 39 1.0
86 58 70 1.0
32 10 40 1.0
96 56 84 1.0
34 36 23 1.0
57 50 87 1.0
8 38 7 1.0
80 98 94 1.0
40 43 45 1.0
88 76 71 1.0
18 29 14 1.0
57 84 78 1.0
1 12 47 1.0
91 99 77 1.0
26 12 37 1.0
57 83 61 1.0
25 10 23 1.0
66 85 70 1.0
48 33 27 1.0
58 53 95 1.0
48 28 45 1.0
50 93 87 1.0
25 34 4 1.0
66 93 95 1.0
17 28 37 1.0
64 81 71 1.0
16 37 21 1.0
98 51 52 1.0
41 15 7 1.0
56 67 78 1.0
8 43 14 1.0
81 85 94 1.0
24 25 32 1.0
81 98 58 1.0
41 43 46 1.0
97 53 95 1.0
24 9 36 1.0
50 84 79 1.0
45 22 31 1.0
56 73 63 1.0
17 43 35 1.0
99 77 95 1.0
48 37 46 1.0
72 94 78 1.0
0 32 22 1.0
64 86 87 1.0
0 4 37 1.0
96 89 82 1.0
26 13 15 1.0
82 85 94 1.0
2 37 47 1.0
74 61 78 1.0
32 21 31 1.0
66 60 62 1.0
8 10 44 1.0
86 60 94 1.0
21 5 31 1.0
77 92 85 1.0
32 2 31 1.0
74 67 58 1.0
24 0 33 1.0
74 52 69 1.0
33 10 11 1.0
83 59 95 1.0
2 27 34 1.0
98 91 66 1.0
26 6 23 1.0
84 86 55 1.0
49 45 22 1.0
80 90 86 1.0
24 34 37 1.0
99 77 55 1.0
0 2 36 1.0
65 59 60 1.0
14 30 23 1.0
59 50 51 1.0
0 40 3 1.0
89 90 59 1.0
26 21 38 1.0
59 53 63 1.0
18 47 31 1.0
65 51 60 1.0
34 10 31 1.0
80 66 50 1.0
49 2 41 1.0
54 92 78 1.0
3 27 45 1.0
73 83 60 1.0
8 13 23 1.0
80 99 62 1.0
32 33 14 1.0
58 85 95 1.0
32 33 3 1.0
89 76 71 1.0
38 27 14 1.0
56 80 99 1.0
11 19 7 1.0
72 81 94 1.0
41 2 42 1.0
89 76 86 1.0
9 45 22 1.0
95 79 87 1.0
8 24 21 1.0
82 99 55 1.0
9 11 39 1.0
97 50 83 1.0
0 33 3 1.0
76 54 68 1.0
3 13 22 1.0
80 60 86 1.0
0 5 38 1.0
52 69 94 1.0
10 44 22 1.0
73 51 86 1.0
27 21 7 1.0
57 98 86 1.0
2 11 5 1.0
64 65 78 1.0
32 2 46 1.0
78 53 94 1.0
25 36 37 1.0
73 91 68 1.0
0 8 4 1.0
76 93 70 1.0
42 15 39 1.0
83 53 79 1.0
49 3 17 1.0
65 98 67 1.0
12 14 44 1.0
72 88 99 1.0
33 18 22 1.0
65 87 95 1.0
9 34 4 1.0
97 58 91 1.0
25 10 31 1.0
74 51 78 1.0
27 18 43 1.0
66 84 53 1.0
1 36 6 1.0
59 60 85 1.0
41 6 33 1.0
97 87 71 1.0
34 45 13 1.0
89 53 78 1.0
40 12 38 1.0
75 58 59 1.0
25 3 15 1.0
54 70 94 1.0
32 42 28 1.0
76 95 63 1.0
12 14 47 1.0
76 86 87 1.0
17 12 44 1.0
65 67 93 1.0
28 13 46 1.0
82 61 55 1.0
40 28 5 1.0
58 85 86 1.0
41 2 22 1.0
75 84 63 1.0
34 43 31 1.0
66 75 58 1.0
26 5 37 1.0
96 82 94 1.0
28 31 39 1.0
52 77 86 1.0
27 12 30 1.0
72 66 68 1.0
11 28 5 1.0
51 67 77 1.0
41 35 31 1.0
96 92 62 1.0
32 28 46 1.0
75 62 63 1.0
28 45 6 1.0
97 51 61 1.0
24 33 26 1.0
67 85 54 1.0
42 26 46 1.0
82 53 87 1.0
40 42 6 1.0
70 91 86 1.0
10 21 7 1.0
61 62 71 1.0
1 4 17 1.0
73 51 63 1.0
3 30 47 1.0
51 60 79 1.0
35 21 39 1.0
50 52 70 1.0
18 19 13 1.0
72 81 71 1.0
32 3 11 1.0
54 83 62 1.0
36 46 30 1.0
56 50 71 1.0
49 34 15 1.0
70 68 94 1.0
4 5 6 1.0
86 60 94 1.0
17 36 13 1.0
57 99 79 1.0
11 13 23 1.0
57 53 71 1.0
37 6 22 1.0
83 69 78 1.0
8 13 29 1.0
89 65 74 1.0
40 16 21 1.0
99 69 54 1.0
33 34 13 1.0
56 58 99 1.0
0 24 14 1.0
82 68 54 1.0
40 18 34 1.0
54 79 63 1.0
9 4 36 1.0
53 77 94 1.0
17 18 10 1.0
82 75 69 1.0
25 44 5 1.0
80 67 62 1.0
29 28 13 1.0
72 75 99 1.0
16 36 4 1.0
72 58 76 1.0
12 30 23 1.0
81 90 52 1.0
24 44 38 1.0
89 75 62 1.0
32 26 14 1.0
98 93 85 1.0
43 11 45 1.0
74 67 54 1.0
8 11 14 1.0
61 69 87 1.0
18 35 5 1.0
80 74 79 1.0
17 26 46 1.0
64 69 63 1.0
32 5 14 1.0
94 58 70 1.0
27 44 37 1.0
73 67 52 1.0
12 37 39 1.0
59 75 77 1.0
17 21 38 1.0
70 83 94 1.0
8 16 35 1.0
80 89 51 1.0
25 12 30 1.0
73 50 57 1.0
24 42 45 1.0
74 83 69 1.0
32 35 47 1.0
88 56 94 1.0
25 35 37 1.0
97 83 78 1.0
8 17 34 1.0
64 73 52 1.0
8 41 38 1.0
57 60 61 1.0
1 29 5 1.0
96 64 94 1.0
19 20 6 1.0
67 86 71 1.0
2 21 13 1.0
56 52 94 1.0
40 3 44 1.0
57 93 71 1.0
16 8 38 1.0
83 55 63 1.0
40 10 6 1.0
88 85 79 1.0
1 35 37 1.0
51 85 86 1.0
8 34 46 1.0
82 83 71 1.0
25 44 20 1.0
56 52 87 1.0
19 28 36 1.0
89 75 95 1.0
48 24 47 1.0
67 60 79 1.0
16 42 14 1.0
50 83 69 1.0
17 42 7 1.0
91 92 68 1.0
49 37 17 1.0
70 50 98 1.0
4 21 30 1.0
97 75 54 1.0
44 45 39 1.0
53 78 63 1.0
21 45 14 1.0
97 86 95 1.0
4 28 37 1.0
81 58 99 1.0
34 44 45 1.0
60 68 76 1.0
13 30 23 1.0
70 90 54 1.0
43 34 19 1.0
72 78 71 1.0
16 0 32 1.0
88 74 61 1.0
15 13 47 1.0
83 77 79 1.0
49 28 13 1.0
69 61 94 1.0
1 11 46 1.0
85 69 95 1.0
24 14 31 1.0
75 52 84 1.0
49 4 23 1.0
88 75 86 1.0
11 44 7 1.0
58 51 94 1.0
46 20 38 1.0
96 89 56 1.0
19 36 29 1.0
51 84 62 1.0
11 29 6 1.0
57 69 87 1.0
19 20 6 1.0
96 92 94 1.0
3 45 14 1.0
97 66 93 1.0
10 20 28 1.0
62 77 70 1.0
29 22 14 1.0
59 53 55 1.0
24 28 46 1.0
75 60 85 1.0
35 10 11 1.0
64 61 78 1.0
32 17 11 1.0
89 81 51 1.0
49 37 38 1.0
91 83 95 1.0
26 4 38 1.0
68 94 79 1.0
17 19 23 1.0
69 78 63 1.0
33 42 13 1.0
89 53 87 1.0
48 41 2 1.0
72 65 83 1.0
10 5 21 1.0
59 92 53 1.0
18 45 22 1.0
65 67 61 1.0
20 46 31 1.0
99 69 53 1.0
32 45 23 1.0
56 98 80 1.0
32 40 37 1.0
64 75 69 1.0
2 27 46 1.0
88 57 72 1.0
0 21 39 1.0
58 51 54 1.0
33 13 15 1.0
73 52 97 1.0
1 4 17 1.0
73 97 63 1.0
21 46 6 1.0
56 77 63 1.0
40 28 20 1.0
58 68 77 1.0
26 4 29 1.0
66 99 85 1.0
18 36 29 1.0
52 85 79 1.0
49 10 14 1.0
65 89 70 1.0
41 21 14 1.0
57 74 61 1.0
48 17 22 1.0
57 71 95 1.0
8 19 21 1.0
61 53 87 1.0
40 33 46 1.0
88 80 77 1.0
36 30 15 1.0
82 61 63 1.0
24 11 4 1.0
96 98 92 1.0
32 21 30 1.0
89 50 78 1.0
17 19 12 1.0
65 52 63 1.0
10 11 30 1.0
81 67 60 1.0
36 5 46 1.0
64 99 55 1.0
48 0 9 1.0
80 83 61 1.0
32 34 38 1.0
96 90 51 1.0
43 27 4 1.0
90 92 50 1.0
16 1 4 1.0
70 62 55 1.0
19 28 37 1.0
58 92 86 1.0
9 4 30 1.0
82 68 94 1.0
48 16 13 1.0
96 77 86 1.0
33 46 31 1.0
81 99 86 1.0
0 13 6 1.0
57 98 78 1.0
1 5 25 1.0
73 75 59 1.0
34 39 7 1.0
81 61 55 1.0
8 34 6 1.0
74 84 63 1.0
48 25 36 1.0
99 69 53 1.0
0 43 27 1.0
74 61 69 1.0
17 27 25 1.0
96 66 86 1.0
3 35 23 1.0
88 57 63 1.0
9 29 22 1.0
64 50 74 1.0
49 13 30 1.0
89 75 79 1.0
17 39 7 1.0
83 84 86 1.0
11 44 23 1.0
56 93 71 1.0
4 21 30 1.0
77 86 71 1.0
1 27 41 1.0
58 84 86 1.0
0 37 21 1.0
62 70 95 1.0
19 13 22 1.0
80 90 95 1.0
0 18 39 1.0
57 59 69 1.0
20 36 22 1.0
91 84 76 1.0
42 23 39 1.0
89 60 94 1.0
1 31 39 1.0
72 56 52 1.0
34 26 45 1.0
80 74 53 1.0
33 29 46 1.0
73 68 52 1.0
12 5 7 1.0
56 60 78 1.0
33 34 7 1.0
90 52 85 1.0
2 19 28 1.0
64 51 53 1.0
10 13 21 1.0
96 65 76 1.0
40 34 15 1.0
57 75 67 1.0
41 42 5 1.0
81 90 55 1.0
44 14 15 1.0
96 84 95 1.0
27 3 37 1.0
73 69 94 1.0
32 38 14 1.0
51 67 70 1.0
32 33 24 1.0
81 84 97 1.0
16 43 36 1.0
89 57 88 1.0
8 19 13 1.0
51 67 84 1.0
40 10 48 1.0
90 68 79 1.0
9 26 25 1.0
81 75 76 1.0
34 27 14 1.0
51 76 61 1.0
8 41 2 1.0
92 53 79 1.0
25 22 47 1.0
56 50 61 1.0
23 47 15 1.0
56 61 63 1.0
46 43 6 1.0
51 94 63 1.0
0 41 15 1.0
81 97 90 1.0
3 27 37 1.0
82 69 94 1.0
8 4 47 1.0
82 99 71 1.0
8 42 44 1.0
80 75 95 1.0
10 5 46 1.0
56 91 52 1.0
3 44 23 1.0
58 83 70 1.0
11 45 23 1.0
88 90 68 1.0
25 35 28 1.0
88 73 62 1.0
8 9 3 1.0
54 87 79 1.0
33 2 36 1.0
81 74 97 1.0
18 11 4 1.0
96 60 86 1.0
49 21 9 1.0
88 57 91 1.0
35 28 5 1.0
56 73 66 1.0
0 28 5 1.0
65 97 93 1.0
8 22 47 1.0
83 84 85 1.0
2 26 15 1.0
72 77 70 1.0
49 42 12 1.0
57 69 62 1.0
9 10 44 1.0
59 60 85 1.0
1 3 13 1.0
77 85 86 1.0
44 28 47 1.0
96 80 52 1.0
48 42 10 1.0
80 92 78 1.0
40 49 34 1.0
99 57 59 1.0
42 44 29 1.0
64 75 53 1.0
0 49 6 1.0
82 69 94 1.0
24 35 43 1.0
64 57 53 1.0
19 23 15 1.0
98 94 87 1.0
19 46 14 1.0
98 52 93 1.0
27 38 7 1.0
65 89 66 1.0
48 12 31 1.0
83 51 54 1.0
2 38 14 1.0
57 75 78 1.0
12 4 5 1.0
98 77 85 1.0
8 3 23 1.0
56 78 63 1.0
17 38 49 1.0
84 86 55 1.0
0 9 46 1.0
80 59 62 1.0
25 13 45 1.0
88 57 92 1.0
16 18 23 1.0
96 86 62 1.0
5 44 13 1.0
56 68 60 1.0
0 28 38 1.0
72 87 63 1.0
26 27 13 1.0
80 60 71 1.0
16 26 20 1.0
89 51 92 1.0
34 43 20 1.0
51 59 55 1.0
0 36 12 1.0
91 67 59 1.0
17 42 47 1.0
73 75 54 1.0
24 9 31 1.0
83 76 60 1.0
23 6 31 1.0
58 59 86 1.0
49 42 5 1.0
72 59 53 1.0
17 43 29 1.0
57 83 59 1.0
1 42 39 1.0
74 75 76 1.0
18 4 30 1.0
76 77 78 1.0
42 10 23 1.0
70 91 78 1.0
8 36 13 1.0
56 68 78 1.0
32 43 38 1.0
80 66 90 1.0
8 45 22 1.0
81 58 62 1.0
12 22 39 1.0
83 84 87 1.0
49 13 47 1.0
84 70 87 1.0
9 45 39 1.0
97 50 62 1.0
2 35 30 1.0
56 75 91 1.0
40 36 21 1.0
91 69 86 1.0
1 6 14 1.0
65 52 86 1.0
0 41 5 1.0
57 50 70 1.0
41 18 5 1.0
72 62 63 1.0
34 20 23 1.0
88 58 87 1.0
4 13 46 1.0
56 69 79 1.0
26 45 47 1.0
98 52 87 1.0
35 43 6 1.0
74 77 61 1.0
35 14 47 1.0
82 99 84 1.0
40 49 41 1.0
96 78 63 1.0
24 44 47 1.0
96 52 54 1.0
40 43 21 1.0
81 67 51 1.0
8 25 7 1.0
65 67 99 1.0
25 17 30 1.0
97 66 99 1.0
44 13 6 1.0
73 91 55 1.0
41 46 30 1.0
65 68 70 1.0
24 48 22 1.0
57 53 87 1.0
49 44 33 1.0
66 61 74 1.0
36 13 30 1.0
89 77 87 1.0
40 41 22 1.0
81 89 62 1.0
0 43 31 1.0
50 75 93 1.0
24 33 46 1.0
72 66 62 1.0
25 18 20 1.0
80 77 71 1.0
10 45 14 1.0
82 84 69 1.0
25 38 7 1.0
90 93 63 1.0
48 24 30 1.0
52 92 63 1.0
42 26 14 1.0
50 67 52 1.0
0 1 42 1.0
72 90 75 1.0
33 35 49 1.0
90 99 71 1.0
9 5 7 1.0
88 50 51 1.0
48 1 43 1.0
51 76 93 1.0
18 11 5 1.0
67 91 84 1.0
1 3 12 1.0
53 69 79 1.0
0 10 47 1.0
96 67 86 1.0
35 2 18 1.0
50 59 68 1.0
0 17 34 1.0
58 59 78 1.0
48 42 44 1.0
65 74 97 1.0
40 10 46 1.0
76 69 94 1.0
10 11 29 1.0
57 59 60 1.0
16 25 28 1.0
56 81 70 1.0
24 37 6 1.0
89 74 70 1.0
41 42 29 1.0
80 89 83 1.0
40 43 44 1.0
59 61 71 1.0
34 3 38 1.0
89 99 61 1.0
32 10 20 1.0
73 97 99 1.0
1 28 13 1.0
67 75 93 1.0
32 3 36 1.0
84 86 55 1.0
19 11 13 1.0
98 53 74 1.0
16 9 21 1.0
56 69 62 1.0
40 10 19 1.0
90 84 66 1.0
17 12 5 1.0
64 98 80 1.0
19 43 31 1.0
98 68 77 1.0
41 43 4 1.0
96 60 69 1.0
27 11 45 1.0
65 67 91 1.0
0 44 31 1.0
64 83 63 1.0
42 35 30 1.0
80 96 87 1.0
32 8 18 1.0
56 97 93 1.0
32 1 38 1.0
72 61 86 1.0
34 18 30 1.0
73 99 61 1.0
0 25 44 1.0
59 68 63 1.0
2 29 22 1.0
61 77 86 1.0
41 38 47 1.0
73 67 78 1.0
25 12 29 1.0
97 58 98 1.0
41 42 19 1.0
90 91 61 1.0
36 37 31 1.0
73 81 85 1.0
16 34 10 1.0
65 58 51 1.0
24 2 37 1.0
56 82 60 1.0
25 44 5 1.0
64 67 61 1.0
4 13 36 1.0
57 59 79 1.0
20 28 44 1.0
80 81 69 1.0
17 10 22 1.0
97 99 52 1.0
19 45 23 1.0
81 65 66 1.0
46 44 36 1.0
97 83 63 1.0
16 17 43 1.0
72 75 68 1.0
17 44 37 1.0
50 75 77 1.0
34 45 15 1.0
72 78 54 1.0
41 35 36 1.0
81 52 93 1.0
24 37 5 1.0
88 51 80 1.0
40 1 32 1.0
50 51 94 1.0
42 36 6 1.0
57 82 68 1.0
48 2 36 1.0
50 83 87 1.0
49 20 4 1.0
65 50 69 1.0
49 36 23 1.0
65 57 77 1.0
37 46 14 1.0
80 82 95 1.0
17 2 49 1.0
80 82 61 1.0
3 35 19 1.0
72 97 84 1.0
48 34 7 1.0
88 98 91 1.0
17 46 7 1.0
64 97 63 1.0
49 26 13 1.0
89 75 85 1.0
25 46 31 1.0
80 53 95 1.0
44 13 38 1.0
99 79 63 1.0
25 3 7 1.0
90 84 50 1.0
17 2 44 1.0
57 77 94 1.0
0 18 12 1.0
74 50 94 1.0
