98 165 104 144 177 82 146 83 54 182 118 121 123 188 151 1.0
2 98 197 168 86 93 190 127 1.0
39 9 171 76 78 176 179 119 155 1.0
1 132 7 136 12 141 14 144 25 160 37 41 48 179 70 72 78 110 123 1.0
33 101 102 13 143 83 118 183 122 187 1.0
192 97 191 164 102 143 144 19 179 22 152 58 59 125 127 1.0
0 153 107 87 1.0
0 130 15 146 154 31 33 162 166 171 54 184 187 62 75 78 86 92 122 1.0
98 6 41 44 108 49 54 153 90 126 1.0
1 163 35 67 71 105 10 74 14 50 180 181 52 55 148 56 152 1.0
161 101 9 173 79 176 81 177 148 118 184 28 30 31 1.0
96 99 68 3 6 71 168 167 109 141 47 178 29 116 84 57 189 1.0
192 121 161 134 39 136 75 108 172 81 178 95 116 151 89 188 158 191 1.0
128 97 132 101 198 68 45 110 14 144 179 22 119 56 122 29 31 1.0
196 132 186 104 139 76 143 16 176 80 178 22 119 153 90 188 30 1.0
96 66 131 75 14 82 179 178 180 84 184 88 126 63 1.0
160 99 68 37 197 169 105 142 174 176 183 59 1.0
33 162 194 100 134 154 39 11 140 81 82 21 55 56 25 90 1.0
34 138 146 121 156 158 1.0
2 68 164 166 40 8 107 148 84 86 187 95 1.0
65 162 135 39 79 17 19 181 55 26 156 189 62 1.0
192 64 100 7 137 141 142 17 114 53 86 150 93 1.0
11 155 198 166 1.0
0 169 109 48 17 22 24 26 187 28 152 1.0
192 159 96 67 132 2 65 8 136 124 49 18 25 186 60 191 1.0
97 130 2 42 47 113 81 150 23 87 157 90 189 1.0
1 133 18 22 152 153 156 46 176 177 178 51 181 184 63 197 71 73 81 108 1.0
161 195 68 165 168 43 108 174 144 18 19 148 149 118 182 88 24 186 1.0
160 100 73 106 14 146 116 150 183 118 24 91 127 29 159 1.0
3 39 169 139 46 15 29 30 127 1.0
192 89 163 165 70 108 44 15 55 57 95 1.0
0 130 134 141 21 33 37 170 172 179 186 191 75 88 93 96 99 102 117 126 1.0
96 164 103 71 177 147 116 24 1.0
193 195 42 141 47 1.0
197 39 73 170 171 10 47 115 83 116 189 185 61 1.0
97 69 38 39 138 140 141 28 110 180 117 53 183 151 124 62 127 1.0
38 167 9 10 74 113 52 117 157 55 57 122 156 29 30 95 1.0
176 51 92 78 1.0
3 69 72 137 172 16 145 188 54 56 153 59 92 1.0
64 193 0 163 100 1 70 134 72 172 108 18 147 52 84 88 123 157 1.0
128 133 168 123 144 82 117 91 1.0
131 135 139 144 34 167 168 47 176 180 53 54 188 195 76 83 99 117 125 1.0
192 128 133 134 71 199 6 10 43 48 113 18 112 145 117 25 26 60 1.0
39 15 19 20 55 121 123 1.0
1 130 195 166 7 77 187 111 48 46 19 121 58 123 63 1.0
128 36 38 172 48 114 88 185 189 1.0
198 70 173 141 178 84 86 87 1.0
128 193 131 99 38 9 170 139 77 46 47 13 114 54 151 120 121 59 1.0
199 71 42 53 119 57 122 1.0
96 99 100 197 134 74 173 78 18 52 54 86 59 28 63 1.0
65 98 193 5 198 166 197 137 110 18 19 117 182 54 121 155 190 30 1.0
192 33 66 163 195 69 38 185 196 137 41 12 141 80 81 114 25 154 1.0
172 78 116 85 27 1.0
134 8 146 183 189 1.0
36 86 152 122 155 189 159 1.0
193 103 169 74 172 179 180 53 151 1.0
11 146 148 150 24 153 158 164 180 64 197 199 75 80 89 98 110 116 126 1.0
162 163 2 133 195 104 106 85 151 152 186 124 29 30 1.0
64 130 36 197 71 136 169 138 45 111 175 121 1.0
12 154 27 160 35 38 166 40 41 172 44 52 183 68 84 85 99 102 117 122 1.0
32 175 179 84 89 1.0
130 26 36 6 103 166 105 9 177 114 181 117 186 1.0
5 9 140 141 25 156 45 178 179 52 53 58 199 76 79 99 102 116 124 1.0
199 7 178 22 189 1.0
140 13 15 147 149 22 28 159 36 37 38 173 45 177 178 70 199 93 103 106 1.0
2 5 137 18 158 37 169 174 51 52 180 188 191 193 92 94 98 111 120 1.0
100 71 137 106 171 48 51 117 23 56 58 61 1.0
166 59 42 9 48 148 25 155 94 159 1.0
137 145 24 25 32 35 46 51 53 57 66 67 198 72 73 86 93 110 119 120 1.0
128 38 137 115 20 179 22 1.0
161 195 164 5 72 106 173 145 18 21 58 1.0
130 37 199 8 143 48 177 179 23 183 186 187 126 1.0
0 130 152 27 167 39 173 183 56 61 196 70 74 86 87 94 98 102 103 115 1.0
192 99 132 102 103 39 77 47 15 111 19 180 21 23 185 26 187 156 1.0
67 105 106 173 92 144 47 48 147 20 55 88 56 124 152 1.0
34 163 100 133 198 103 104 107 75 140 110 18 82 119 154 59 60 158 1.0
96 1 161 36 68 4 168 43 187 110 146 21 22 120 26 59 1.0
103 54 150 182 22 1.0
144 179 70 159 1.0
34 7 72 199 110 177 114 147 116 55 152 185 123 1.0
5 167 104 106 14 15 79 82 51 50 87 95 1.0
131 70 103 104 38 170 171 173 175 50 180 149 153 91 156 29 158 1.0
161 197 71 109 174 79 144 124 176 86 92 31 1.0
34 163 196 35 198 40 73 79 50 179 149 87 184 187 127 1.0
135 169 170 10 173 18 86 92 31 1.0
192 161 67 71 40 55 124 94 1.0
131 135 7 137 12 19 21 157 162 164 38 167 39 62 63 85 88 92 97 120 1.0
194 166 103 168 187 153 27 1.0
192 2 133 165 199 9 175 111 81 177 83 21 119 154 31 159 1.0
72 105 10 45 179 95 86 55 56 186 92 158 159 1.0
96 161 164 69 6 142 14 148 21 182 184 1.0
65 98 197 166 71 138 43 77 174 17 49 61 149 157 22 122 123 29 1.0
135 171 30 127 1.0
44 190 199 1.0
96 153 37 139 76 142 113 51 116 53 85 185 58 1.0
0 97 2 35 166 71 40 137 112 82 118 86 120 123 61 1.0
99 6 42 77 123 189 190 1.0
58 38 7 107 108 144 22 87 56 122 60 1.0
162 195 35 99 71 104 168 177 20 180 22 55 56 150 91 125 183 1.0
176 9 98 1.0
160 195 5 104 110 47 142 147 53 149 188 1.0
192 1 194 37 146 51 114 86 1.0
0 32 1 172 14 16 81 83 89 156 125 1.0
0 17 145 21 159 35 37 39 40 45 174 49 56 57 195 73 78 103 122 1.0
66 3 98 130 70 46 112 145 84 93 1.0
192 36 37 140 141 47 29 187 125 1.0
151 51 176 55 1.0
32 89 66 130 164 132 16 145 117 183 25 58 123 62 1.0
160 134 154 138 74 10 141 110 143 83 116 58 63 1.0
65 174 48 16 83 125 85 151 92 93 1.0
1 65 163 97 39 73 12 48 116 20 181 26 191 1.0
138 14 24 25 31 167 40 41 45 46 174 48 190 197 87 107 110 119 120 122 1.0
194 36 63 1.0
2 38 168 72 75 44 76 120 90 1.0
32 161 131 71 141 77 121 126 1.0
98 35 196 5 39 136 174 47 111 143 116 180 150 151 94 187 126 1.0
73 107 110 177 147 1.0
130 195 34 138 140 181 24 89 1.0
100 145 178 157 57 59 189 1.0
1 97 164 4 37 40 72 8 171 107 113 50 122 29 158 1.0
135 105 59 55 1.0
0 65 1 6 167 198 110 178 20 116 54 22 56 149 187 93 62 63 1.0
129 35 164 165 102 10 171 110 177 19 51 21 189 152 25 122 157 190 1.0
96 193 98 65 72 137 83 181 182 183 156 1.0
13 15 16 17 149 150 23 157 36 167 170 174 193 73 74 93 100 113 118 122 1.0
162 36 145 55 183 121 190 158 1.0
88 33 199 1.0
1 99 132 80 150 88 60 63 1.0
32 193 100 170 123 171 60 14 149 117 184 59 92 157 159 1.0
193 131 168 143 112 81 51 84 85 151 156 1.0
143 20 21 24 154 34 172 174 176 48 177 59 197 199 80 89 94 96 98 116 1.0
35 36 78 114 93 54 188 157 1.0
131 136 17 18 147 23 161 36 168 172 182 58 189 95 105 111 115 123 126 1.0
99 68 165 37 135 46 15 78 49 82 147 149 88 27 158 1.0
176 75 164 60 1.0
130 36 196 100 73 105 74 139 137 47 52 154 30 95 1.0
162 67 195 7 173 78 174 52 152 157 158 95 1.0
65 97 1 167 168 43 174 144 49 115 83 86 28 30 1.0
140 13 80 52 85 63 1.0
129 137 141 150 25 158 183 184 185 188 65 196 73 82 84 108 121 122 125 1.0
65 193 70 106 113 150 157 191 1.0
89 92 44 199 1.0
194 101 133 38 145 113 127 1.0
0 165 198 134 40 140 85 86 24 1.0
0 45 107 61 1.0
32 104 10 18 87 27 125 1.0
160 99 101 168 45 81 114 82 117 182 181 88 153 156 152 1.0
2 131 165 102 134 70 140 141 51 148 186 189 1.0
36 197 132 167 7 74 44 109 76 182 150 24 56 187 120 126 159 1.0
4 170 80 114 178 180 53 151 187 1.0
27 75 110 143 1.0
133 10 107 170 15 80 176 79 147 21 182 88 154 188 30 31 1.0
193 163 36 73 173 143 179 120 58 93 191 1.0
160 196 70 40 107 78 47 110 81 92 84 58 156 189 62 1.0
160 35 197 6 73 138 107 78 16 145 178 149 86 183 56 90 126 1.0
184 169 115 80 1.0
131 165 166 39 72 136 10 47 176 177 19 84 181 154 27 190 126 1.0
129 100 69 133 199 186 107 46 48 82 115 116 23 57 122 124 61 183 1.0
163 67 110 112 16 146 83 119 153 1.0
132 4 9 144 148 157 32 35 36 185 188 192 193 197 73 78 92 98 111 121 1.0
96 161 35 72 8 170 75 172 120 140 144 145 49 147 48 119 24 28 1.0
7 199 74 14 81 18 153 190 1.0
97 98 74 43 139 75 140 52 21 125 121 155 92 29 1.0
128 33 96 5 71 186 167 144 148 150 86 122 124 1.0
96 193 132 37 12 177 148 85 54 125 59 61 95 1.0
163 5 171 16 80 146 31 1.0
96 131 3 199 8 106 48 82 183 95 1.0
128 194 165 102 168 13 143 22 23 89 186 189 126 1.0
96 163 195 100 103 9 170 42 142 111 16 49 115 180 185 190 126 1.0
111 30 151 92 126 1.0
160 41 43 75 109 175 82 146 148 83 153 60 94 1.0
131 132 6 144 150 151 155 29 30 159 41 46 47 52 180 74 89 91 113 1.0
32 161 173 79 49 20 120 63 1.0
65 188 94 1.0
1 75 12 122 60 29 1.0
132 70 106 15 50 19 84 182 159 1.0
193 2 7 1.0
161 99 102 70 7 59 42 169 142 111 15 177 50 85 187 28 1.0
2 3 162 101 195 68 8 10 75 28 109 92 88 156 61 190 191 1.0
161 35 100 5 199 109 176 145 124 179 60 1.0
100 165 134 68 10 11 43 87 152 90 88 31 191 1.0
32 164 69 136 107 11 175 146 51 24 186 27 127 1.0
196 38 27 74 173 142 143 178 23 122 155 1.0
32 66 132 4 198 135 73 42 106 123 47 49 178 50 58 27 124 95 1.0
89 97 65 121 103 168 139 79 144 150 184 88 25 122 123 30 1.0
133 166 39 170 13 110 145 180 53 84 25 123 159 1.0
1 102 9 74 174 1.0
33 34 101 48 181 183 31 1.0
128 104 42 127 46 78 111 51 116 86 150 57 59 92 31 1.0
194 167 104 50 23 150 54 87 59 157 1.0
4 71 8 84 22 121 92 125 94 1.0
32 1 35 198 167 104 9 137 80 83 54 185 1.0
193 102 103 77 188 1.0
163 164 58 75 13 143 80 17 111 57 154 125 158 1.0
44 5 143 1.0
64 1 131 132 36 199 107 79 145 60 190 1.0
32 33 26 163 3 134 67 28 53 182 87 55 89 154 60 29 1.0
34 199 73 110 111 146 180 55 153 189 1.0
3 5 110 48 114 183 1.0
4 71 109 173 48 113 179 27 31 1.0
160 130 58 197 70 169 108 146 54 87 152 56 88 1.0
196 101 36 132 8 45 84 181 183 189 1.0
3 133 141 142 18 156 29 157 167 39 43 179 52 59 79 82 99 102 117 124 1.0
161 165 39 7 139 79 143 18 181 1.0
66 71 167 8 170 107 19 189 154 125 1.0
0 64 98 3 97 198 169 42 170 108 173 74 181 55 186 92 127 1.0
194 134 167 6 170 182 183 56 153 1.0
72 41 114 115 95 1.0
130 132 5 135 137 138 10 156 166 39 170 172 44 52 182 56 58 62 79 1.0
192 128 36 37 133 7 173 111 18 149 57 189 62 1.0
192 129 130 197 134 165 199 106 107 143 17 56 154 1.0
144 137 66 141 1.0
41 198 1.0
131 8 151 27 160 32 164 165 38 43 55 58 59 65 66 67 68 75 102 126 1.0
97 130 99 10 109 24 185 1.0
0 199 8 71 175 23 155 1.0
163 4 198 39 137 106 77 13 47 23 150 118 184 26 59 158 1.0
64 195 39 73 11 174 47 142 115 52 53 150 151 27 93 158 159 1.0
67 12 16 115 148 21 185 122 1.0
112 129 75 113 1.0
6 142 144 145 147 32 161 165 175 47 50 54 63 68 196 81 88 97 120 126 1.0
36 70 104 170 12 172 80 113 176 179 48 115 87 24 123 62 31 1.0
32 131 172 17 146 179 182 121 122 1.0
69 118 1.0
96 1 130 129 35 5 198 101 49 118 57 28 189 1.0
8 15 21 26 28 34 38 43 172 49 178 183 56 187 195 83 86 103 121 1.0
8 132 1.0
39 73 85 120 93 1.0
66 73 45 173 80 181 22 1.0
163 199 8 12 141 14 48 50 115 116 181 22 62 1.0
161 36 69 6 43 12 46 15 110 17 82 179 20 54 24 185 56 1.0
193 195 74 141 13 79 176 26 1.0
165 7 42 106 13 110 79 80 52 86 120 1.0
193 97 34 130 162 7 136 41 78 144 83 148 116 118 120 154 91 93 1.0
192 66 99 4 37 39 45 79 47 50 20 53 122 27 61 1.0
128 97 96 99 164 165 102 7 8 42 81 55 88 121 26 31 1.0
2 67 196 197 41 105 15 177 82 55 88 24 155 28 157 158 31 1.0
67 35 8 17 114 89 27 125 158 191 1.0
192 68 10 141 89 90 1.0
96 64 41 16 176 84 120 1.0
192 68 36 40 105 73 43 113 52 53 85 151 55 153 181 187 188 62 1.0
162 68 132 133 109 77 143 19 83 181 86 183 156 93 95 1.0
65 162 197 39 115 179 55 90 92 61 126 1.0
192 163 197 38 102 107 108 12 175 147 180 117 182 30 121 122 125 190 1.0
192 160 98 4 36 164 167 102 77 145 114 117 89 26 92 94 1.0
96 170 78 177 114 181 184 1.0
32 66 67 196 6 105 43 145 18 150 24 56 1.0
132 5 71 105 106 139 12 172 74 18 86 119 152 190 94 1.0
5 41 74 24 185 95 1.0
192 131 4 197 6 59 138 108 111 113 21 182 87 85 90 88 190 1.0
65 166 168 182 54 121 1.0
8 136 10 148 25 154 155 28 179 189 190 63 64 195 68 197 72 78 121 1.0
191 72 20 158 159 1.0
131 164 133 166 199 6 41 11 171 13 113 183 152 154 59 125 190 1.0
32 100 105 175 16 48 24 157 1.0
96 35 132 196 90 4 138 116 149 57 58 59 124 94 1.0
160 35 38 70 7 41 9 105 12 142 145 81 52 151 1.0
34 101 199 43 79 16 52 86 183 61 1.0
192 198 71 42 107 16 146 179 25 90 124 191 1.0
129 165 134 167 106 111 144 177 50 114 81 156 22 151 124 126 1.0
33 185 70 103 40 12 45 13 79 80 85 118 150 182 24 22 95 1.0
193 58 101 37 199 71 138 107 46 111 20 53 150 186 62 1.0
133 165 174 47 15 181 118 152 92 189 1.0
65 164 172 44 78 110 177 117 181 150 120 121 56 30 31 1.0
34 131 3 164 132 103 138 155 125 1.0
65 194 171 44 173 14 111 92 82 117 31 127 1.0
108 150 182 154 59 1.0
1 35 122 103 8 168 136 142 47 184 120 154 27 62 1.0
65 73 138 10 77 180 23 88 89 60 30 95 1.0
34 196 165 6 70 144 50 51 19 179 22 186 191 1.0
160 4 165 6 154 5 13 45 18 19 180 83 26 92 190 1.0
130 167 168 11 173 146 114 187 28 1.0
1 98 69 6 168 105 40 77 110 16 179 56 25 123 28 1.0
2 70 43 141 187 30 1.0
6 171 45 173 143 21 25 123 30 127 1.0
185 10 153 122 1.0
160 193 69 13 17 186 1.0
34 38 6 45 16 53 153 1.0
33 2 129 37 9 75 13 46 114 83 54 60 1.0
161 162 3 131 98 33 105 139 112 113 85 54 119 154 59 94 1.0
32 161 98 196 166 136 40 10 171 11 145 114 120 185 58 63 31 1.0
160 161 3 88 191 1.0
32 128 160 194 199 73 172 141 20 118 87 150 188 1.0
64 3 133 10 107 75 28 151 56 155 124 127 1.0
129 133 17 151 158 159 32 160 34 35 44 176 49 189 190 80 82 83 110 113 1.0
96 131 68 4 168 107 187 143 176 49 116 53 118 189 56 186 27 125 1.0
35 195 6 8 137 138 108 146 51 184 120 153 26 152 62 95 1.0
32 193 129 195 196 37 7 47 15 17 179 118 27 159 1.0
33 5 110 47 1.0
0 97 193 4 68 70 122 76 142 15 175 147 182 183 88 56 92 1.0
152 77 128 1.0
5 30 141 1.0
38 6 8 137 150 184 186 188 1.0
1 5 197 104 171 140 141 16 48 150 155 190 1.0
65 104 106 176 145 87 31 1.0
34 163 7 71 170 139 107 109 83 20 53 156 1.0
32 98 163 102 40 169 47 82 150 55 120 94 159 1.0
1 133 139 15 145 19 152 39 174 60 63 192 77 88 89 92 106 109 111 118 1.0
185 132 76 173 116 153 27 1.0
33 1 99 130 69 71 60 113 18 119 188 157 1.0
33 67 164 165 105 170 139 12 111 147 181 86 23 29 1.0
39 139 114 21 182 57 1.0
131 136 140 16 18 31 37 42 44 175 49 50 182 60 190 74 75 106 114 123 1.0
40 186 143 1.0
32 34 176 130 1.0
159 66 166 72 168 88 75 79 81 84 148 184 186 155 124 95 1.0
160 161 1 2 69 197 7 14 48 145 146 183 54 119 120 89 126 190 1.0
135 136 16 25 30 160 34 163 35 44 173 179 180 56 61 65 82 94 96 1.0
0 37 168 138 43 143 17 19 87 127 1.0
163 7 172 178 181 1.0
0 129 193 195 6 71 74 140 114 180 55 119 186 27 188 158 1.0
193 1 131 133 173 48 20 87 23 24 61 1.0
72 90 197 119 1.0
162 4 133 102 7 104 169 170 40 77 143 176 50 180 120 188 190 1.0
136 13 20 21 159 161 164 44 179 52 184 58 189 192 196 85 93 97 101 116 1.0
43 180 15 1.0
65 161 102 103 74 108 12 78 81 22 87 88 188 1.0
132 168 12 26 61 1.0
159 33 132 73 170 45 110 113 18 83 185 124 63 1.0
162 99 37 169 139 43 77 12 11 80 147 118 23 89 191 1.0
96 102 71 140 60 79 143 144 116 20 150 156 1.0
96 7 43 20 117 1.0
128 2 170 53 186 31 1.0
33 68 36 58 5 158 77 83 148 154 187 126 1.0
1 98 66 2 65 199 105 76 127 44 179 20 54 28 29 30 31 1.0
0 196 72 108 117 57 1.0
32 66 73 59 75 140 43 110 16 48 120 154 155 156 1.0
16 11 133 1.0
34 10 11 50 179 30 1.0
140 155 172 14 121 187 30 1.0
195 164 5 40 168 72 145 20 22 30 118 89 86 94 191 1.0
161 162 193 196 68 69 171 13 47 114 179 148 149 120 158 1.0
64 35 70 166 135 105 42 107 11 143 17 58 1.0
161 193 99 164 7 72 140 44 110 12 48 49 84 118 157 90 155 61 1.0
161 2 67 68 99 38 198 12 141 14 84 152 24 26 187 124 1.0
162 35 99 134 43 142 176 114 182 54 154 1.0
131 165 6 166 168 72 79 81 18 20 85 89 29 158 1.0
132 37 7 71 73 103 77 173 79 80 177 52 182 183 118 31 1.0
1 131 36 199 187 15 80 185 186 155 127 1.0
67 36 187 176 185 58 59 158 1.0
161 37 167 199 169 110 50 23 119 87 56 28 190 95 1.0
162 197 71 10 76 13 15 176 81 182 93 31 1.0
67 196 100 38 71 42 78 48 177 25 156 1.0
129 68 73 147 85 118 56 93 95 1.0
1 133 6 144 17 22 156 34 53 58 59 61 62 195 81 90 94 96 109 122 1.0
6 138 16 154 167 39 40 42 43 172 46 174 182 195 76 90 101 114 120 127 1.0
6 168 169 42 43 107 111 49 146 51 88 56 30 1.0
64 199 1.0
3 139 146 19 18 154 29 30 160 163 36 37 43 54 55 192 193 75 102 105 1.0
8 74 11 139 171 93 54 183 118 29 1.0
65 66 100 101 165 73 138 107 174 144 112 149 150 56 90 92 126 31 1.0
159 94 62 87 1.0
128 32 33 163 65 43 75 112 82 148 57 1.0
96 100 69 169 106 173 18 82 185 92 190 1.0
34 185 4 133 69 71 163 137 14 81 55 121 122 125 1.0
192 129 102 38 72 15 80 147 182 86 184 187 92 94 1.0
80 189 1.0
100 5 1.0
163 5 166 170 106 13 173 175 79 18 51 126 63 158 159 1.0
160 6 171 76 16 112 114 87 24 57 186 59 63 1.0
96 131 40 105 186 112 182 120 58 156 63 1.0
10 138 84 191 1.0
130 68 70 156 118 188 189 94 1.0
64 4 165 75 47 149 182 126 94 1.0
160 89 83 37 1.0
132 133 8 139 12 32 35 170 171 181 56 188 63 66 74 103 111 114 118 124 1.0
0 98 195 197 167 199 7 170 174 175 92 113 116 119 120 151 156 1.0
64 161 97 11 80 188 1.0
160 32 99 133 169 41 43 44 107 16 21 54 24 57 91 156 1.0
98 194 198 78 144 113 22 87 154 159 1.0
131 9 74 117 55 1.0
129 39 11 141 80 177 22 89 26 125 158 1.0
96 71 39 41 138 43 115 55 185 1.0
129 135 141 145 147 19 31 35 36 170 56 61 64 196 197 71 85 97 108 124 1.0
32 100 197 39 9 127 109 78 144 112 178 20 55 152 183 92 62 63 1.0
0 1 32 4 5 9 43 81 49 52 53 62 59 94 31 1.0
12 20 54 25 28 1.0
66 3 5 72 10 74 44 13 16 17 50 19 91 60 95 31 1.0
65 2 8 13 17 52 24 26 93 31 1.0
96 33 7 11 46 50 19 83 18 26 91 28 94 1.0
4 5 12 14 18 29 34 35 39 40 42 44 45 50 57 60 65 67 93 1.0
17 53 1.0
96 4 8 44 12 84 23 1.0
66 5 7 52 89 59 1.0
64 33 2 38 9 75 44 45 14 79 52 54 55 88 24 90 27 95 1.0
68 47 80 83 85 87 24 91 1.0
0 5 73 76 45 12 50 51 83 52 53 27 61 1.0
67 4 74 51 56 1.0
0 65 37 5 7 8 43 13 46 47 16 90 1.0
69 38 8 59 74 49 20 24 57 58 27 1.0
40 98 61 1.0
35 5 8 72 44 14 16 51 84 28 61 94 1.0
65 70 41 44 17 55 27 61 1.0
97 66 67 26 5 71 42 75 16 49 18 81 52 23 90 1.0
97 67 43 45 80 27 1.0
24 35 80 1.0
64 2 3 68 41 45 16 80 91 92 1.0
12 14 18 19 29 33 38 39 48 50 56 60 61 62 77 79 84 98 99 1.0
41 12 57 71 1.0
64 2 35 67 69 6 39 98 10 78 49 18 83 17 53 22 87 90 1.0
33 68 44 77 13 79 48 30 94 1.0
3 38 73 50 93 1.0
1 69 5 71 43 44 13 46 79 49 52 22 54 89 58 1.0
9 90 4 1.0
69 71 8 79 94 63 1.0
96 97 34 67 2 98 6 44 47 82 23 55 56 89 29 1.0
64 97 2 37 5 40 72 42 44 16 17 83 84 21 54 88 29 63 1.0
0 1 98 2 4 6 39 41 76 46 16 48 19 89 59 28 95 1.0
64 1 66 71 73 43 44 45 20 54 58 30 95 1.0
98 76 1.0
96 34 67 70 8 59 91 43 77 14 46 17 20 87 58 27 30 31 1.0
97 34 73 74 11 43 81 82 84 85 92 30 1.0
1 67 71 7 10 75 44 12 81 57 60 29 1.0
89 75 29 1.0
70 39 72 9 92 1.0
64 66 35 68 7 72 10 74 43 45 13 79 80 51 20 55 24 1.0
96 64 1.0
65 69 70 39 8 10 11 50 51 20 18 52 88 91 95 1.0
89 1 98 34 38 71 40 12 50 19 20 24 57 92 31 1.0
39 10 78 85 89 62 1.0
2 44 26 91 31 1.0
89 50 6 1.0
33 4 38 59 42 74 48 82 83 21 22 87 24 56 91 29 1.0
19 92 21 39 1.0
0 66 37 5 78 18 83 23 61 94 1.0
0 32 64 66 4 37 39 7 71 43 48 53 87 90 28 62 1.0
2 67 37 40 42 50 54 24 56 91 60 62 1.0
64 66 6 10 14 18 51 86 58 63 1.0
0 64 4 71 72 46 15 81 20 54 55 92 93 62 1.0
2 6 7 17 30 32 33 35 44 52 58 65 68 71 79 84 85 95 97 1.0
3 68 11 47 48 51 19 53 22 87 55 25 59 29 63 1.0
64 0 35 99 5 10 31 60 15 55 89 26 28 63 1.0
97 2 43 75 46 54 25 28 1.0
32 33 2 97 39 10 48 82 20 26 27 28 95 31 1.0
96 32 2 99 66 69 39 75 15 47 16 23 26 95 31 1.0
32 65 33 38 10 1.0
89 99 39 14 84 86 57 95 1.0
33 36 37 5 72 76 47 17 23 56 26 59 31 1.0
16 86 1.0
42 75 1.0
2 19 1.0
66 75 78 80 16 58 1.0
8 13 29 1.0
64 33 72 9 11 49 82 83 20 54 87 29 30 1.0
64 97 32 6 73 76 48 51 56 62 95 1.0
66 68 5 70 6 40 73 42 8 16 21 22 24 25 26 94 95 1.0
32 2 34 68 73 76 45 14 48 81 93 85 84 23 28 61 1.0
0 39 48 82 89 95 1.0
97 99 11 75 15 81 83 52 1.0
24 1 31 1.0
3 67 7 41 9 77 15 84 90 60 63 1.0
96 92 45 70 1.0
96 64 32 65 33 35 70 2 8 16 82 19 54 55 60 61 30 95 1.0
32 70 38 72 11 12 47 54 86 27 62 1.0
66 36 47 39 1.0
68 5 39 11 48 91 93 31 1.0
96 98 67 2 37 6 74 44 28 17 18 84 23 91 60 63 1.0
65 5 75 16 83 52 91 62 1.0
1 69 70 39 27 78 16 29 20 53 52 87 90 91 60 61 1.0
32 67 36 69 40 61 1.0
40 39 1.0
48 67 60 1.0
37 15 16 88 95 1.0
64 32 37 38 73 74 46 56 24 1.0
2 9 76 16 63 1.0
0 3 37 6 70 42 74 14 48 21 23 89 58 29 62 1.0
32 1 67 3 69 70 41 77 47 29 83 20 86 87 91 93 1.0
59 91 12 22 1.0
6 8 14 33 39 40 46 55 60 61 65 70 71 74 76 79 80 87 91 1.0
0 97 65 3 76 56 1.0
96 0 5 61 84 57 28 93 1.0
65 37 70 41 75 76 11 16 17 50 93 53 23 87 62 59 29 30 1.0
64 97 99 69 80 81 84 56 27 1.0
2 36 37 15 48 52 22 87 54 27 61 1.0
34 66 71 13 46 19 86 25 57 1.0
64 32 35 70 78 79 49 18 21 55 62 1.0
32 98 67 4 70 90 1.0
65 98 35 38 73 10 77 15 54 23 56 63 30 31 1.0
99 6 71 8 9 81 53 24 90 95 1.0
38 71 78 25 94 31 1.0
69 7 44 77 82 50 23 57 59 31 1.0
67 5 38 71 70 73 74 76 77 14 18 23 53 55 89 26 60 61 1.0
97 99 68 3 35 4 41 77 14 79 49 51 19 53 62 26 30 1.0
96 1 4 36 7 40 74 11 44 12 78 48 80 86 62 91 28 30 1.0
98 35 10 75 44 15 80 82 19 52 83 86 23 89 90 59 63 1.0
3 67 37 71 11 44 88 25 95 1.0
3 58 7 41 74 75 13 46 47 17 84 21 90 28 31 1.0
39 13 17 50 55 23 94 95 1.0
1 36 41 74 42 43 17 58 27 1.0
1 37 6 7 72 41 81 23 88 57 91 60 61 1.0
33 65 4 7 41 74 11 14 79 87 90 1.0
99 4 67 73 15 83 89 29 94 1.0
66 35 34 37 76 20 55 24 25 1.0
33 66 67 4 58 69 98 72 35 34 44 77 46 16 20 54 90 62 1.0
4 70 43 16 49 54 89 28 1.0
32 89 34 3 4 72 9 42 76 44 80 85 54 56 57 29 1.0
98 56 37 39 9 14 16 81 17 53 86 55 85 25 26 27 28 29 1.0
96 32 64 67 36 34 73 42 79 54 55 56 89 93 1.0
64 88 61 1.0
1 97 4 69 8 41 12 15 19 87 91 30 1.0
65 34 3 68 43 13 45 84 59 60 29 63 1.0
7 80 83 53 31 1.0
6 87 24 92 29 1.0
1 10 15 21 48 52 53 59 65 68 73 78 79 84 85 90 93 94 95 1.0
32 99 68 39 8 40 12 77 45 15 86 56 25 24 1.0
1 34 65 69 73 42 45 77 18 82 52 24 58 27 60 63 95 1.0
12 5 46 1.0
1 3 5 8 9 22 31 42 49 65 67 71 74 76 78 80 86 88 92 1.0
64 1 3 35 75 11 12 14 19 51 53 90 91 1.0
32 81 27 33 1.0
82 51 37 87 1.0
98 3 37 6 8 10 12 13 78 16 19 93 86 24 58 29 31 1.0
32 66 36 73 45 48 84 53 23 87 59 30 1.0
0 34 69 37 72 8 42 11 75 12 46 15 82 85 56 58 27 62 1.0
88 99 1.0
97 34 67 70 71 48 19 20 61 51 28 29 95 63 1.0
32 1 34 40 9 41 45 15 19 83 87 90 61 1.0
43 98 83 68 1.0
66 99 35 9 11 51 53 30 1.0
0 26 1.0
96 67 68 69 70 9 42 87 88 93 1.0
3 4 7 40 77 15 81 56 61 1.0
32 0 35 99 5 3 71 90 40 46 18 22 56 57 58 91 1.0
33 66 37 71 40 9 45 14 17 49 19 20 53 88 1.0
48 40 38 22 1.0
97 65 69 38 10 50 18 19 85 54 90 59 28 29 1.0
96 1 67 9 41 43 74 45 78 85 91 92 94 31 1.0
98 42 52 85 55 62 1.0
64 98 99 59 41 12 28 14 82 23 24 91 60 29 94 1.0
96 9 42 73 75 45 47 16 48 18 83 50 85 24 27 31 1.0
0 33 32 37 9 17 84 54 22 88 90 27 94 63 1.0
3 70 8 45 16 50 20 27 1.0
32 9 61 53 1.0
96 97 84 23 89 62 1.0
34 38 43 13 47 16 20 1.0
64 1 37 50 51 54 89 28 61 94 95 1.0
98 3 2 35 74 43 12 15 54 55 89 59 92 1.0
48 73 95 1.0
65 4 41 43 28 78 50 84 22 55 89 58 60 1.0
32 38 42 13 16 86 23 88 1.0
0 6 13 18 21 27 32 38 43 44 48 56 60 65 77 81 83 84 94 1.0
98 69 71 12 13 79 47 81 19 55 23 57 90 92 29 1.0
99 37 5 70 74 75 15 18 51 83 21 28 30 1.0
35 99 71 72 10 14 47 16 80 17 46 54 24 90 28 61 1.0
67 36 77 48 49 51 23 91 95 1.0
33 40 14 82 24 1.0
68 69 36 10 11 15 81 19 20 22 23 25 1.0
98 8 75 12 92 48 81 83 57 60 1.0
33 99 39 72 47 85 53 55 25 29 95 1.0
43 13 84 21 88 61 1.0
65 71 44 15 17 51 21 53 27 62 1.0
64 33 2 34 37 70 41 54 55 92 93 1.0
32 0 1 98 3 41 74 12 81 49 51 55 87 62 63 1.0
4 74 10 75 77 61 1.0
1 2 68 5 38 18 86 23 91 28 95 1.0
99 5 38 46 48 83 25 26 1.0
32 33 66 35 38 70 8 40 6 76 85 86 28 93 1.0
1 8 14 26 29 43 48 50 60 70 71 75 79 80 82 88 89 95 98 1.0
32 34 68 43 53 24 60 30 1.0
58 80 48 18 19 82 49 25 90 60 61 1.0
32 65 98 2 38 72 41 74 49 81 19 87 25 58 92 94 31 1.0
96 64 89 68 40 73 43 76 81 84 21 56 57 93 94 31 1.0
3 92 22 95 1.0
64 65 67 42 43 75 77 47 82 83 55 28 1.0
17 26 78 95 1.0
66 35 39 71 43 12 81 17 51 21 22 57 90 29 94 1.0
0 35 37 83 84 1.0
36 10 45 85 54 24 89 63 1.0
73 49 16 24 1.0
3 67 69 38 75 56 93 1.0
0 3 5 9 10 18 34 36 54 60 66 70 76 80 83 84 85 87 99 1.0
0 35 4 72 73 43 13 46 29 1.0
96 3 38 73 76 44 57 60 17 20 87 89 31 95 1.0
0 1 64 33 68 69 2 72 46 47 48 81 20 54 31 95 1.0
0 64 67 58 72 12 14 80 17 50 84 20 52 26 94 31 1.0
34 36 69 37 7 76 53 1.0
2 67 70 1.0
6 40 44 76 79 84 1.0
34 59 53 31 1.0
33 65 76 13 47 82 89 1.0
64 97 2 34 68 98 6 69 91 12 47 23 89 90 59 61 30 1.0
96 33 68 6 38 73 74 48 81 87 93 1.0
64 0 35 5 7 39 75 13 14 51 83 86 91 1.0
87 55 28 94 95 1.0
66 98 40 9 74 77 46 15 84 21 23 27 62 63 1.0
96 35 37 14 80 83 52 1.0
97 36 39 9 13 14 93 52 61 1.0
61 85 62 15 1.0
9 46 51 53 86 95 1.0
65 97 5 38 60 1.0
96 64 98 34 38 71 73 11 45 14 47 48 80 20 23 59 28 93 1.0
0 34 98 36 37 39 7 9 81 50 84 54 24 62 94 63 1.0
67 68 90 4 36 12 45 23 53 52 87 56 57 26 1.0
34 3 70 42 11 74 48 1.0
3 7 12 18 22 31 36 39 41 44 46 51 56 58 71 72 89 96 98 1.0
65 47 31 1.0
32 97 2 98 5 48 83 89 1.0
64 33 4 36 39 7 77 84 25 59 60 63 1.0
32 98 10 51 31 1.0
33 98 3 66 5 37 73 80 49 84 53 59 28 29 1.0
12 31 1.0
96 65 98 3 97 6 72 76 51 86 87 57 90 27 62 1.0
96 35 68 4 9 41 77 47 16 80 50 84 26 29 1.0
65 5 40 43 77 15 48 81 21 86 54 56 1.0
2 70 75 77 80 21 63 94 95 1.0
64 33 99 67 8 75 77 47 51 22 88 90 59 63 1.0
6 9 19 21 25 35 44 47 48 50 60 64 76 83 85 87 95 96 98 1.0
32 18 20 95 1.0
98 99 68 34 39 8 42 76 78 51 88 94 1.0
66 67 35 3 5 26 40 41 77 16 21 86 23 57 58 60 29 1.0
97 35 6 9 74 42 76 46 80 49 17 61 27 29 31 1.0
0 66 37 42 12 46 47 18 51 20 94 90 59 93 30 1.0
67 58 5 41 46 78 81 18 83 87 26 92 31 1.0
33 98 77 56 29 1.0
96 1 36 43 86 1.0
96 33 66 2 36 5 71 9 10 46 14 17 54 55 94 92 30 1.0
68 37 38 4 74 12 14 15 50 51 55 29 62 1.0
97 66 26 70 39 9 80 17 18 51 53 54 57 90 1.0
96 98 3 8 9 42 75 76 24 56 57 26 88 95 31 1.0
4 40 43 12 50 93 54 59 29 1.0
36 22 1.0
99 72 79 83 20 23 55 26 63 1.0
4 5 38 8 12 77 13 82 18 50 86 24 89 30 57 1.0
1 2 6 8 9 17 21 23 36 37 38 60 65 67 73 79 82 87 95 1.0
65 11 44 88 59 60 95 1.0
67 68 5 37 46 52 23 27 1.0
96 70 71 10 74 12 28 15 49 82 84 53 87 55 59 92 1.0
33 37 70 6 14 79 80 51 88 56 1.0
98 12 26 91 92 62 1.0
64 69 38 5 45 82 83 26 91 93 63 1.0
38 74 77 16 83 19 1.0
96 33 1 36 39 71 8 79 49 23 94 1.0
1 66 69 44 92 61 1.0
65 34 68 4 7 71 9 10 12 82 22 31 1.0
98 35 58 5 38 34 78 47 50 83 20 84 25 90 91 93 1.0
1 34 67 70 8 72 11 47 55 24 61 1.0
64 67 36 39 44 48 49 82 54 55 57 61 95 1.0
7 12 14 42 44 45 46 50 54 62 75 80 81 85 90 91 93 95 99 1.0
19 36 60 1.0
32 96 0 99 68 65 38 6 10 77 79 50 84 56 89 61 57 1.0
9 15 20 21 30 35 36 45 46 56 57 59 63 74 75 82 91 96 99 1.0
69 12 47 52 84 89 26 62 1.0
32 25 30 1.0
0 33 34 97 5 70 73 16 81 82 51 25 62 1.0
34 77 80 81 51 52 22 55 88 25 27 28 1.0
6 15 85 22 23 90 29 1.0
32 26 72 71 1.0
19 84 47 63 1.0
97 66 87 26 27 92 1.0
33 69 42 45 46 92 81 51 56 28 1.0
40 9 45 15 19 21 22 24 1.0
33 75 46 15 84 63 1.0
13 16 25 30 33 35 41 43 44 46 53 54 57 58 59 61 66 72 85 1.0
65 98 4 37 41 74 91 60 82 85 22 23 57 90 27 28 94 1.0
37 10 43 77 46 20 52 92 61 62 1.0
32 35 9 47 19 86 87 56 90 60 93 63 1.0
96 39 8 79 48 50 54 87 56 59 92 29 31 1.0
2 6 7 21 86 53 62 31 1.0
5 7 40 72 39 52 1.0
32 4 5 43 63 31 1.0
1 4 6 15 16 19 21 25 30 34 40 49 58 60 63 68 72 89 95 1.0
32 34 39 72 10 75 42 15 87 58 95 1.0
68 8 49 83 20 52 85 30 1.0
64 4 61 30 1.0
34 99 98 70 39 72 9 13 78 15 79 51 56 59 1.0
72 24 98 1.0
34 26 58 70 75 47 83 90 31 1.0
65 33 38 50 59 92 1.0
40 27 76 60 14 17 19 85 91 28 1.0
32 34 69 6 72 9 44 15 50 21 26 91 1.0
96 65 98 69 70 72 79 18 21 87 91 28 30 1.0
2 99 7 50 84 53 55 26 1.0
74 77 18 83 51 54 58 59 92 1.0
70 13 79 58 93 1.0
0 2 99 90 39 8 11 78 51 84 55 21 87 26 27 63 1.0
52 37 14 1.0
97 2 4 42 77 13 47 15 92 50 79 16 87 24 56 60 95 1.0
33 97 66 36 10 14 17 52 86 26 1.0
50 10 29 1.0
32 2 67 66 36 6 41 74 43 13 46 78 15 49 21 27 31 1.0
65 4 36 6 41 78 79 87 57 58 59 95 1.0
33 66 34 38 71 41 76 80 50 83 53 87 1.0
6 10 18 83 59 61 1.0
8 41 16 19 51 22 60 1.0
89 67 71 40 7 11 78 15 17 18 51 87 25 1.0
33 99 48 22 86 95 1.0
11 12 46 84 1.0
70 10 45 80 84 24 1.0
98 66 4 5 73 78 16 20 23 59 61 1.0
67 4 39 74 75 42 13 12 16 81 29 94 63 1.0
0 97 2 99 4 36 5 96 77 60 92 81 52 87 56 28 29 62 1.0
64 1 6 38 39 77 47 16 17 18 19 54 56 25 27 31 30 57 1.0
5 39 76 16 51 24 90 28 1.0
64 65 71 7 16 20 85 22 55 56 25 1.0
29 22 1.0
1 98 35 3 73 14 47 16 58 95 1.0
48 50 52 56 28 1.0
4 38 71 72 11 76 77 75 15 83 19 84 85 60 31 1.0
0 33 37 9 10 76 13 87 56 1.0
0 1 97 98 4 38 41 74 11 13 78 47 18 84 85 21 93 31 1.0
66 38 9 42 41 44 14 79 82 26 92 61 63 1.0
38 51 53 88 29 1.0
1 3 58 78 15 16 80 53 86 26 28 61 1.0
36 72 79 24 29 1.0
1 35 13 19 27 1.0
1 34 46 84 22 56 1.0
33 3 40 11 12 78 79 14 29 20 21 86 88 61 62 31 1.0
96 34 5 9 11 44 14 15 17 50 25 28 29 1.0
1 99 76 29 1.0
0 64 98 68 7 80 49 23 24 89 90 94 1.0
88 9 1.0
33 59 74 76 77 48 49 50 20 85 25 27 1.0
35 5 73 47 50 19 56 1.0
39 7 46 16 17 50 18 93 29 87 30 56 59 92 61 94 31 1.0
48 40 74 91 1.0
65 97 67 3 34 1 42 43 44 45 12 15 48 52 54 90 1.0
32 33 97 99 3 38 73 11 45 78 54 58 92 1.0
89 66 67 43 12 75 16 48 21 88 57 30 1.0
34 3 69 37 40 43 48 18 82 52 51 86 23 88 95 63 1.0
98 10 46 78 86 90 1.0
0 33 3 37 70 8 42 75 10 77 51 90 60 94 1.0
96 97 32 6 39 40 52 22 60 1.0
38 70 6 19 51 25 1.0
64 98 36 38 8 40 75 22 23 56 24 58 1.0
0 56 29 47 1.0
97 65 68 75 13 80 84 20 56 89 30 1.0
0 33 97 6 7 40 44 79 80 17 82 84 52 26 29 95 1.0
3 8 16 20 27 31 40 44 51 55 67 74 75 81 84 87 89 90 92 1.0
0 71 72 73 9 43 76 42 19 53 23 58 1.0
32 34 36 68 73 75 82 19 55 1.0
33 35 36 4 68 76 82 51 94 59 31 62 63 1.0
0 97 35 37 72 43 45 14 15 84 25 22 23 88 87 26 91 30 1.0
96 36 4 41 77 79 18 51 52 85 22 55 87 58 92 94 1.0
98 35 99 9 74 15 22 55 87 1.0
66 6 42 10 77 17 55 1.0
86 15 1.0
32 96 1 3 37 10 11 76 13 78 14 15 17 18 85 29 1.0
34 69 46 16 81 49 83 21 90 29 63 1.0
8 59 19 54 23 27 1.0
85 37 86 71 1.0
36 69 72 41 14 47 51 84 88 57 56 92 94 63 1.0
32 65 9 20 23 61 62 31 1.0
96 45 15 80 49 62 1.0
32 65 33 59 44 45 46 77 80 12 54 22 88 26 27 60 93 31 1.0
35 4 67 44 13 14 80 16 18 84 85 56 57 58 1.0
0 67 37 43 46 50 91 1.0
96 32 69 78 18 50 21 86 88 58 61 1.0
7 14 20 25 30 32 38 44 46 52 57 58 65 69 73 74 80 88 94 1.0
96 64 3 70 8 9 75 28 15 82 20 54 55 24 89 92 29 62 1.0
0 36 37 69 39 42 15 50 18 83 57 91 1.0
0 49 20 55 89 28 29 1.0
32 97 14 15 81 25 57 1.0
49 74 83 52 1.0
64 99 36 72 8 10 43 44 12 14 42 41 18 23 57 61 95 1.0
8 11 15 16 18 19 23 33 54 57 58 66 74 77 81 85 86 89 96 1.0
7 13 20 40 41 42 48 50 53 57 65 67 68 71 78 83 86 88 94 1.0
3 69 76 14 16 18 19 50 53 25 91 1.0
64 97 99 77 46 45 17 88 1.0
32 35 5 39 71 75 44 49 30 55 59 29 94 95 1.0
65 1 1.0
65 2 39 72 15 80 81 56 61 1.0
98 3 5 40 9 11 47 84 22 25 58 30 95 1.0
1 71 39 79 51 85 25 59 1.0
3 6 10 24 31 34 46 54 59 61 72 73 74 81 88 89 90 91 93 1.0
52 85 84 1.0
97 35 69 38 71 41 43 20 52 21 85 88 54 59 28 1.0
0 4 73 74 82 52 53 24 25 62 1.0
9 74 45 22 93 1.0
0 1 4 11 15 19 32 42 44 45 49 62 64 68 75 82 91 93 96 1.0
96 33 72 13 80 49 18 50 48 55 90 62 1.0
1 66 99 37 41 10 44 78 51 20 87 90 1.0
5 6 10 14 15 22 35 38 44 59 60 65 82 84 85 91 95 98 99 1.0
68 90 75 21 54 57 58 60 30 1.0
32 3 35 71 8 73 77 82 51 85 21 56 91 61 94 1.0
0 97 66 67 26 4 44 15 84 85 54 52 86 25 90 59 1.0
32 64 97 1 6 7 74 12 79 15 50 53 54 86 26 27 62 31 1.0
0 3 68 38 74 11 44 45 79 25 63 1.0
96 0 69 73 77 78 16 22 24 90 1.0
32 5 8 10 18 84 86 90 27 1.0
34 2 70 10 22 86 57 58 25 1.0
2 67 69 7 41 42 12 79 53 86 55 87 60 30 1.0
67 3 41 76 14 81 54 55 59 62 1.0
66 69 27 88 72 75 12 77 14 15 47 85 22 24 59 95 1.0
97 3 39 15 52 31 1.0
2 39 71 43 44 50 18 82 86 25 28 94 31 1.0
8 10 14 15 16 27 31 36 54 56 61 62 69 72 76 78 87 90 95 1.0
72 44 47 20 56 28 94 1.0
64 1 4 6 71 73 9 28 95 1.0
97 98 3 4 35 34 59 77 16 81 85 86 55 88 57 27 62 1.0
96 65 67 8 42 10 44 46 87 90 91 30 1.0
64 3 37 9 75 78 53 89 90 95 1.0
7 73 42 75 11 76 20 30 63 1.0
89 65 93 46 1.0
99 67 36 71 27 59 74 75 49 87 91 92 1.0
89 33 98 67 69 70 7 9 10 60 92 49 85 55 25 27 31 63 1.0
32 1 33 0 4 3 71 8 73 72 10 40 81 17 18 56 24 58 1.0
34 36 7 46 86 56 59 1.0
64 81 50 83 82 56 25 92 1.0
65 4 5 73 13 14 79 15 81 50 47 84 53 23 89 29 94 1.0
10 77 19 26 61 63 1.0
0 34 9 73 12 13 79 18 20 53 84 1.0
37 39 72 80 49 54 88 60 1.0
68 37 13 81 83 30 56 26 62 1.0
33 3 5 71 39 45 16 82 54 86 91 62 31 1.0
42 11 50 19 51 25 27 31 63 57 1.0
33 69 1.0
33 36 68 9 41 75 45 51 83 53 22 21 24 59 94 1.0
99 70 41 75 79 47 53 59 28 94 1.0
85 37 36 1.0
24 41 60 1.0
2 70 48 21 26 1.0
7 80 16 52 21 54 87 56 93 62 1.0
97 99 67 6 40 73 77 86 58 95 1.0
5 7 8 9 14 17 19 34 38 40 43 44 45 49 63 70 82 88 94 1.0
2 4 37 70 38 71 69 75 43 77 45 11 49 22 56 91 1.0
33 66 8 20 26 1.0
2 3 4 22 23 27 31 33 37 47 53 59 63 69 71 76 77 78 80 1.0
35 73 81 25 94 63 1.0
1 12 13 26 33 50 56 66 67 72 73 74 83 84 89 91 95 96 99 1.0
96 64 34 68 41 74 76 13 78 47 48 16 51 61 1.0
98 99 4 38 6 59 91 11 78 15 82 53 54 21 25 27 95 1.0
1 99 3 9 12 53 86 55 26 59 61 30 1.0
96 1 0 36 39 42 43 45 81 21 87 30 56 88 94 63 1.0
64 68 4 38 43 45 25 92 62 1.0
64 36 70 38 71 41 42 43 11 77 45 79 29 56 61 1.0
1 98 70 7 71 10 78 29 30 1.0
33 6 72 40 10 42 46 48 49 16 19 84 83 22 56 63 1.0
0 5 40 59 46 14 78 49 48 19 27 1.0
2 3 37 5 69 27 10 44 88 57 91 60 1.0
97 35 69 74 11 75 77 81 50 83 84 53 86 54 87 26 31 1.0
40 87 1.0
48 1 3 38 1.0
0 2 10 93 53 61 94 1.0
32 33 96 6 39 44 45 82 50 84 85 53 52 95 31 1.0
64 35 3 9 43 45 50 83 88 27 60 29 1.0
88 10 1.0
0 4 8 13 26 29 38 43 45 47 49 51 52 57 60 68 74 83 92 1.0
65 1 3 99 69 39 73 44 78 80 81 19 52 86 90 63 1.0
36 8 78 15 80 1.0
96 66 99 6 71 77 79 80 81 47 63 22 87 57 61 95 1.0
82 14 1.0
3 4 40 16 18 30 88 24 27 93 62 1.0
97 98 37 5 13 46 45 84 25 58 93 1.0
35 4 68 70 37 9 73 78 92 83 84 22 23 88 26 28 95 1.0
72 11 37 5 1.0
97 18 57 1.0
67 71 8 72 79 50 20 53 25 26 57 1.0
68 40 43 20 84 53 89 26 95 1.0
34 66 78 82 26 62 1.0
32 99 68 44 79 18 59 28 31 1.0
16 98 71 63 1.0
0 32 1 35 97 71 11 47 52 54 88 58 30 31 1.0
33 99 4 14 87 89 61 1.0
96 98 35 72 19 90 1.0
65 6 74 80 54 87 24 1.0
33 68 6 78 92 14 21 85 28 1.0
96 32 99 37 6 71 74 10 45 79 16 49 17 52 58 91 93 95 1.0
0 32 98 4 5 6 41 12 77 46 48 80 26 61 63 1.0
66 67 99 50 51 1.0
96 66 36 37 9 41 73 44 13 42 18 86 55 22 25 60 93 1.0
71 40 85 86 56 89 90 63 1.0
97 65 37 10 13 21 88 1.0
64 65 98 97 36 68 42 13 47 79 54 59 29 94 1.0
32 2 36 71 41 12 14 92 50 25 58 28 29 30 1.0
17 37 1.0
0 38 45 20 53 24 92 95 1.0
3 38 70 39 76 45 55 93 1.0
0 66 35 42 77 49 86 87 93 1.0
98 6 72 12 53 86 22 59 1.0
62 15 1.0
0 99 38 6 75 46 81 18 88 25 59 92 1.0
25 61 1.0
32 65 3 6 14 46 19 52 85 63 1.0
33 36 70 7 9 79 1.0
6 9 73 43 45 78 79 48 17 82 50 91 92 1.0
64 98 66 75 43 50 91 61 63 1.0
65 98 99 1 74 80 82 29 94 31 1.0
34 68 7 74 10 11 45 87 89 1.0
64 1 67 4 6 38 73 59 41 14 47 83 53 58 27 60 29 62 1.0
0 33 66 99 39 72 11 78 82 93 53 23 56 89 90 27 29 95 1.0
196 197 198 135 199 103 141 174 143 177 146 115 117 182 186 190 1.0
196 101 165 170 139 144 145 113 115 149 117 120 185 152 158 1.0
130 138 139 142 144 151 152 164 170 174 182 193 195 197 100 107 113 116 121 1.0
192 129 162 165 102 167 136 104 190 110 114 148 182 120 153 126 188 158 1.0
193 162 133 197 169 110 142 177 178 147 180 117 118 182 119 185 155 157 1.0
129 153 100 135 106 143 145 181 121 124 159 1.0
129 196 198 134 168 147 155 189 1.0
128 133 137 172 141 142 144 113 180 151 183 122 157 1.0
160 164 133 198 139 113 114 177 146 181 118 152 188 126 1.0
192 131 100 198 167 103 102 169 134 141 174 142 177 148 181 118 122 123 1.0
123 171 1.0
139 196 159 1.0
160 193 166 135 168 138 171 139 109 173 187 112 183 152 185 123 125 1.0
176 197 182 1.0
196 169 113 114 119 1.0
129 132 197 133 167 136 198 170 196 104 135 111 144 145 177 152 186 124 1.0
134 103 137 173 120 1.0
133 101 103 110 143 114 182 183 122 188 191 1.0
169 172 142 174 176 155 124 190 1.0
160 102 105 106 169 173 144 115 116 149 182 148 187 1.0
128 161 191 131 100 197 199 172 173 175 176 114 180 118 154 127 1.0
105 115 173 151 1.0
192 195 101 197 199 136 103 140 109 145 146 188 117 152 124 127 1.0
104 164 1.0
131 197 173 112 178 179 180 119 153 159 1.0
194 100 132 199 136 139 155 112 145 113 177 125 119 184 187 156 157 159 1.0
130 163 100 165 198 102 186 171 145 114 179 119 122 189 1.0
100 119 1.0
100 165 168 172 110 175 145 147 182 186 188 125 190 1.0
192 162 164 198 136 139 172 173 146 180 181 182 118 152 148 186 155 1.0
132 102 168 177 115 125 1.0
130 107 1.0
136 186 152 133 1.0
163 196 195 101 167 169 138 105 108 172 110 107 120 1.0
136 139 111 112 115 149 150 1.0
195 166 135 169 106 107 137 171 180 181 151 152 183 154 155 188 127 1.0
161 164 165 133 196 169 109 182 184 154 188 159 1.0
104 139 1.0
162 165 198 169 108 141 187 157 1.0
161 131 134 170 107 112 177 147 123 189 127 1.0
160 193 197 199 138 141 142 176 156 146 115 116 188 118 182 151 124 1.0
164 165 167 1.0
101 134 167 168 107 173 174 175 177 114 127 125 126 159 1.0
132 166 104 176 188 149 120 156 1.0
130 167 136 105 138 107 140 187 176 145 112 147 148 151 155 1.0
193 135 136 106 147 148 1.0
161 101 103 139 172 115 148 150 152 1.0
101 137 106 171 108 109 170 111 172 144 116 148 182 153 124 125 158 159 1.0
124 187 180 1.0
161 162 133 149 183 1.0
192 161 162 132 133 106 144 113 145 146 180 149 118 182 186 155 125 1.0
196 168 109 175 112 156 177 115 180 150 119 185 188 157 127 1.0
100 134 166 107 108 175 116 121 122 126 127 1.0
130 100 101 104 107 108 173 114 150 186 125 1.0
162 163 132 197 198 137 170 171 140 139 174 111 142 180 117 181 158 159 1.0
130 131 162 133 144 120 156 126 1.0
161 153 132 133 134 167 105 109 174 177 178 150 185 122 127 1.0
134 127 1.0
192 128 193 101 104 169 137 174 142 176 182 186 187 124 126 1.0
186 190 143 1.0
144 166 190 1.0
173 145 178 146 189 1.0
100 164 198 122 168 107 108 110 175 177 146 113 148 116 178 154 158 1.0
160 193 165 198 140 174 176 177 178 180 181 119 153 154 187 125 1.0
131 134 183 1.0
128 192 104 137 138 168 174 114 152 180 149 184 185 124 189 1.0
185 130 124 1.0
193 164 173 143 149 1.0
163 135 136 116 151 1.0
193 131 135 170 108 190 143 112 176 156 126 1.0
162 101 197 135 143 179 153 1.0
162 177 147 181 153 122 190 1.0
192 129 195 164 163 104 106 109 143 112 146 179 119 122 156 125 1.0
131 165 198 104 138 109 112 119 152 183 154 1.0
128 134 199 198 108 111 177 114 146 148 120 187 190 1.0
128 131 137 138 143 153 158 160 161 162 172 173 181 193 194 199 111 119 120 1.0
128 129 160 144 189 116 119 157 190 1.0
163 101 103 168 106 174 111 110 178 147 180 117 120 187 127 1.0
131 165 175 145 158 1.0
161 130 131 163 197 194 195 169 171 141 110 147 184 154 124 1.0
114 179 190 102 1.0
138 126 110 1.0
162 102 103 104 171 175 144 113 114 178 177 149 153 157 1.0
196 167 137 170 105 140 111 143 145 114 178 149 185 154 188 126 159 1.0
128 161 195 175 176 113 148 149 182 189 1.0
100 107 144 177 178 185 158 1.0
104 172 152 1.0
107 174 146 184 156 1.0
194 100 196 199 172 109 110 174 145 116 182 119 184 123 124 1.0
160 130 100 165 134 197 169 107 141 110 175 120 187 157 126 159 1.0
162 131 132 197 133 163 127 178 118 121 124 159 1.0
164 100 197 136 104 173 110 174 111 153 186 1.0
128 178 123 1.0
131 101 133 167 103 102 138 107 178 147 114 157 1.0
193 165 102 103 104 170 109 110 148 149 183 151 186 126 1.0
137 154 155 156 159 162 167 171 176 180 184 185 190 194 197 106 111 121 123 1.0
128 194 132 134 108 172 188 150 151 156 1.0
153 121 1.0
192 121 133 136 137 141 181 185 122 125 1.0
162 168 139 177 152 1.0
164 166 105 109 173 114 151 186 125 1.0
194 130 132 196 104 169 109 112 145 113 115 152 123 190 1.0
121 146 172 151 1.0
160 129 128 197 167 168 141 152 178 183 120 157 190 1.0
160 166 103 136 155 113 154 123 1.0
193 162 198 166 104 151 152 1.0
129 131 164 103 174 176 124 177 146 178 145 118 114 188 158 1.0
144 196 165 175 1.0
188 134 1.0
170 191 1.0
164 133 168 108 142 125 190 1.0
192 162 195 164 197 198 139 142 110 176 180 154 188 157 191 1.0
128 193 134 136 108 141 140 176 116 119 154 123 159 1.0
198 137 138 139 172 114 148 117 154 156 126 1.0
128 129 130 133 137 139 142 151 160 161 173 175 178 180 181 182 197 111 117 1.0
166 199 168 172 109 173 1.0
156 166 143 1.0
132 199 174 112 114 148 120 127 1.0
128 132 165 105 171 108 173 121 1.0
122 135 107 109 113 114 118 186 1.0
160 163 101 139 113 179 1.0
193 162 101 197 199 171 108 172 141 173 177 178 147 146 188 1.0
192 198 138 173 111 112 145 114 146 115 149 148 185 154 188 127 1.0
195 100 179 1.0
100 199 104 175 181 185 1.0
154 170 173 112 115 184 186 157 1.0
104 123 173 145 147 148 155 1.0
192 131 108 176 148 185 123 1.0
143 160 163 164 165 166 174 175 178 180 186 192 196 197 114 115 122 125 127 1.0
128 165 167 168 138 109 174 147 1.0
193 194 164 101 197 167 168 171 141 174 111 112 182 150 184 121 154 190 1.0
128 193 194 101 170 112 147 180 182 151 123 189 1.0
191 133 166 199 138 114 152 125 127 1.0
163 142 112 177 145 147 178 121 189 127 1.0
160 131 138 171 140 173 110 111 142 117 183 120 121 123 156 184 1.0
196 165 103 171 108 143 181 118 121 126 1.0
162 100 196 115 125 150 120 187 188 157 127 1.0
103 170 176 177 178 1.0
181 143 1.0
194 186 116 1.0
129 194 162 196 102 198 137 141 144 148 119 184 158 190 191 1.0
128 161 162 136 169 173 145 146 179 117 118 151 188 1.0
193 132 138 139 143 1.0
192 102 108 141 179 182 122 123 188 157 127 1.0
167 138 171 108 173 106 170 113 147 189 117 182 150 118 186 155 156 157 1.0
134 122 136 169 175 179 183 120 153 154 188 1.0
192 164 135 108 175 112 176 148 119 189 1.0
131 142 144 146 161 169 175 177 190 191 197 100 102 103 112 113 114 121 126 1.0
199 106 171 109 146 180 117 183 186 124 1.0
160 121 163 165 102 170 141 112 178 185 158 126 1.0
129 194 197 133 139 172 109 110 146 157 189 155 125 1.0
193 162 131 186 168 106 107 138 143 148 154 157 1.0
160 133 102 198 136 169 106 140 187 108 109 115 147 118 119 123 188 191 1.0
162 170 110 111 112 126 159 1.0
193 163 196 165 104 140 141 112 145 113 180 149 117 156 126 1.0
198 138 108 173 153 190 191 1.0
160 162 199 106 175 156 116 181 149 151 152 122 187 124 1.0
160 194 101 102 169 106 107 171 138 142 176 113 147 183 152 151 122 188 1.0
193 162 194 136 168 108 141 172 116 150 182 120 187 124 184 191 1.0
129 126 170 171 108 140 174 111 172 173 175 109 119 150 182 186 187 190 1.0
194 197 167 137 106 110 112 146 116 117 153 122 124 189 1.0
145 171 180 190 1.0
131 199 173 174 143 180 154 158 1.0
192 163 196 133 167 169 110 145 113 181 182 119 184 154 190 191 1.0
130 101 166 168 105 138 111 144 178 180 150 152 185 154 189 184 1.0
129 197 151 120 122 125 1.0
192 193 130 131 185 133 102 166 171 142 114 147 116 117 182 153 123 126 1.0
130 136 138 144 146 150 152 160 167 169 170 172 182 104 110 116 121 123 127 1.0
191 132 198 137 171 176 112 114 116 181 152 121 122 123 125 184 127 1.0
198 134 103 102 113 189 1.0
171 147 1.0
114 179 108 106 1.0
128 193 129 195 164 136 108 113 152 179 120 154 156 189 1.0
159 129 192 128 197 138 171 114 181 152 125 191 1.0
117 156 189 1.0
160 193 195 163 171 175 144 114 151 1.0
194 138 182 1.0
128 197 198 154 104 137 138 173 115 189 185 186 125 126 1.0
160 162 130 165 198 108 109 173 111 143 146 116 117 183 187 125 1.0
162 168 108 114 147 148 180 151 184 185 155 127 125 159 1.0
128 130 196 166 135 186 137 140 142 111 113 181 184 152 122 187 124 126 1.0
136 153 155 111 1.0
132 135 170 115 179 184 125 1.0
161 162 165 171 114 147 188 184 153 186 156 191 1.0
160 165 177 184 155 1.0
163 117 1.0
192 130 195 133 105 139 148 125 158 191 1.0
160 105 138 141 176 144 150 154 159 1.0
161 135 139 141 179 150 1.0
161 132 134 169 138 139 155 173 143 177 150 187 126 127 1.0
193 167 106 115 180 116 183 188 190 1.0
139 196 103 183 1.0
121 124 1.0
128 130 136 144 151 153 157 161 164 171 175 184 186 189 195 103 109 118 120 1.0
193 134 135 167 106 171 113 184 186 187 1.0
101 166 135 102 139 110 155 188 126 1.0
129 102 103 137 170 105 172 142 110 111 177 180 119 154 157 190 1.0
129 108 111 1.0
108 179 150 185 159 1.0
130 136 115 147 151 1.0
101 157 159 1.0
160 129 162 191 100 136 137 170 173 142 111 112 182 184 122 127 1.0
130 195 196 165 133 169 140 172 113 182 120 190 191 1.0
162 134 198 175 117 181 1.0
160 129 131 195 165 197 167 199 169 172 111 145 178 115 118 122 187 190 1.0
160 130 163 173 175 149 182 117 122 1.0
160 129 130 161 185 197 166 198 168 107 112 113 114 153 122 1.0
129 130 132 133 137 142 143 145 165 181 190 194 196 107 108 113 119 121 126 1.0
168 113 181 150 152 186 188 189 1.0
128 165 166 167 105 139 107 172 174 112 179 119 151 122 188 125 1.0
161 155 198 110 1.0
130 134 171 172 140 174 148 182 150 153 122 156 158 159 1.0
128 132 138 148 155 159 164 171 184 186 191 197 199 104 105 110 112 114 116 1.0
160 101 165 138 143 112 113 176 147 116 145 150 115 185 154 187 191 1.0
130 138 143 180 181 1.0
130 198 110 176 118 182 152 187 1.0
130 195 132 165 103 143 112 179 115 181 118 119 182 188 1.0
197 166 138 172 141 173 113 180 117 150 151 118 181 154 159 1.0
193 191 121 185 165 135 169 109 142 175 146 179 181 182 120 153 156 127 1.0
193 162 199 105 169 174 110 111 144 142 177 175 189 152 123 120 157 159 1.0
195 101 122 154 140 186 187 1.0
136 137 140 142 145 150 151 154 167 182 186 189 191 196 101 103 110 111 112 1.0
193 135 109 173 175 143 145 178 112 119 184 185 154 155 125 191 1.0
193 162 164 197 135 137 138 108 114 179 184 1.0
131 163 133 199 113 147 116 123 1.0
128 160 130 164 132 197 103 140 109 143 144 112 119 120 121 186 156 157 1.0
191 164 166 199 168 139 110 142 176 118 127 1.0
128 129 193 121 100 133 198 102 105 176 113 117 153 186 123 157 158 1.0
128 193 195 196 101 135 104 169 141 143 112 113 111 157 151 121 189 1.0
193 106 170 109 181 182 119 155 191 1.0
164 142 143 175 177 174 147 180 146 149 156 1.0
160 166 172 145 180 158 190 1.0
188 109 1.0
162 171 1.0
168 138 145 117 184 121 157 1.0
152 162 120 1.0
128 129 148 153 156 165 166 177 181 187 188 191 102 103 108 113 116 125 126 1.0
129 137 141 177 115 156 125 1.0
160 161 130 133 134 106 108 176 113 179 117 182 123 1.0
123 174 163 126 1.0
160 195 132 103 104 109 191 1.0
135 119 182 151 183 1.0
160 192 131 165 166 170 155 173 174 146 148 149 118 180 153 187 159 1.0
164 169 137 138 109 177 152 156 1.0
128 192 166 137 138 140 144 112 113 116 121 189 1.0
101 172 157 1.0
128 163 132 197 172 178 151 185 190 1.0
192 139 156 175 1.0
193 194 105 108 110 175 145 155 1.0
155 165 167 1.0
162 195 196 102 103 106 139 172 171 144 177 117 184 186 190 157 126 159 1.0
129 134 138 142 151 170 171 172 175 179 181 189 106 108 115 116 117 118 122 1.0
195 132 165 135 105 140 175 145 125 184 185 187 189 126 1.0
124 100 116 135 1.0
129 121 163 195 101 135 106 107 172 177 117 119 184 183 124 1.0
144 177 112 149 124 191 1.0
131 135 138 143 149 152 159 165 167 175 176 178 187 195 113 117 120 121 125 1.0
128 192 100 164 166 169 170 141 151 125 1.0
128 153 162 102 103 176 144 113 147 119 189 152 121 122 188 157 191 1.0
160 161 164 199 106 107 109 143 148 116 119 153 122 157 190 1.0
134 138 139 146 149 160 161 162 163 175 189 192 195 198 103 107 108 109 127 1.0
192 162 163 194 165 134 104 110 175 147 180 184 189 127 1.0
161 165 167 199 171 140 172 143 114 183 121 186 125 190 191 1.0
162 194 133 167 105 142 179 119 127 1.0
129 168 169 173 179 116 184 155 125 159 1.0
192 193 166 167 136 138 108 141 142 143 145 180 149 186 1.0
195 168 105 106 108 144 154 191 1.0
162 163 169 180 126 1.0
105 107 171 142 143 144 156 157 126 1.0
130 194 166 103 134 105 139 142 176 117 151 152 153 155 189 1.0
130 169 115 148 122 1.0
128 191 162 196 133 168 136 138 171 110 175 188 149 153 155 124 190 159 1.0
136 171 172 110 149 1.0
161 198 167 142 145 146 116 118 186 1.0
162 195 134 199 168 136 135 107 173 175 180 117 118 182 184 186 191 1.0
192 131 199 107 139 141 143 176 145 175 177 181 123 1.0
144 109 191 1.0
159 161 164 133 166 103 106 109 114 115 116 119 120 121 154 123 125 191 1.0
131 136 173 180 187 188 190 1.0
197 122 139 172 173 175 180 154 125 1.0
194 132 101 137 108 111 177 146 150 120 1.0
195 164 101 166 115 116 181 182 154 155 127 1.0
129 194 130 101 138 107 141 111 117 182 153 156 1.0
197 199 168 108 173 177 146 179 149 182 1.0
160 165 137 107 180 187 1.0
176 147 197 1.0
163 132 164 102 107 108 141 110 148 118 152 189 1.0
129 194 100 165 164 169 140 142 143 177 145 152 153 154 126 1.0
161 181 149 119 186 189 1.0
132 134 103 139 140 173 171 112 115 117 156 1.0
192 128 104 105 170 109 142 176 146 114 181 125 1.0
165 198 171 142 175 146 1.0
128 131 100 101 198 164 107 139 141 174 152 115 147 182 184 125 159 1.0
166 199 104 137 107 141 111 178 122 124 127 1.0
128 121 130 168 136 106 171 139 173 172 141 179 151 185 154 158 1.0
100 102 105 173 183 185 1.0
161 132 133 106 115 150 122 188 1.0
160 198 135 139 140 114 148 189 188 157 190 1.0
161 100 196 171 148 117 120 121 122 124 190 1.0
128 130 162 102 168 173 112 177 181 150 118 185 154 187 1.0
130 105 112 113 118 184 186 1.0
165 133 199 136 102 171 107 143 114 186 155 124 159 1.0
193 194 162 196 164 195 108 140 172 114 120 153 1.0
101 139 197 182 1.0
129 132 135 151 170 177 179 181 182 189 197 102 103 107 111 114 115 120 127 1.0
131 101 135 136 105 140 187 147 180 179 150 151 153 123 189 158 191 1.0
128 131 132 196 134 166 168 185 170 107 108 145 177 114 116 121 123 1.0
192 193 194 131 198 172 111 182 150 123 127 190 191 1.0
165 198 134 107 140 157 190 159 1.0
132 167 136 105 106 175 177 178 115 148 181 116 119 184 152 126 1.0
128 162 194 196 165 167 175 112 145 181 118 119 185 186 125 191 1.0
130 101 167 135 104 110 144 146 180 116 155 124 1.0
161 131 196 195 197 199 137 106 139 142 111 112 180 182 183 156 125 126 1.0
192 195 165 134 174 144 177 156 1.0
161 154 153 166 1.0
132 134 102 168 199 140 173 145 116 186 1.0
161 139 172 144 115 155 1.0
161 168 169 137 111 190 1.0
161 133 199 1.0
129 195 164 171 142 180 154 124 1.0
129 131 132 196 134 199 102 137 114 117 122 189 191 1.0
133 135 140 152 154 159 168 169 175 176 181 186 190 191 193 100 109 124 126 1.0
196 165 102 101 134 140 110 112 145 147 182 119 153 122 159 1.0
128 131 132 133 134 149 154 156 164 167 174 175 177 180 188 195 105 108 112 1.0
160 193 163 196 109 177 115 182 119 120 121 159 1.0
193 170 140 176 120 154 187 1.0
129 103 135 116 150 123 158 1.0
137 142 155 158 163 164 167 169 173 174 184 188 189 192 194 101 107 116 124 1.0
160 196 132 167 105 139 110 143 176 177 144 147 115 182 151 190 1.0
128 130 165 101 170 146 121 187 124 1.0
136 104 170 137 172 114 117 1.0
159 193 196 133 166 100 199 106 112 176 177 180 151 184 156 157 158 127 1.0
131 134 139 141 152 157 158 163 168 182 189 191 193 195 199 106 118 123 126 1.0
144 166 1.0
160 128 100 197 102 169 106 107 141 144 177 113 178 116 145 124 158 1.0
192 129 193 102 199 171 108 172 177 156 150 182 187 127 125 159 1.0
128 163 110 113 117 120 1.0
193 105 175 115 149 150 155 157 159 1.0
160 164 107 184 120 126 191 1.0
193 130 129 197 183 152 159 1.0
142 177 179 180 182 154 1.0
129 163 111 143 177 180 117 121 157 1.0
164 134 198 143 153 155 1.0
135 136 138 178 115 116 183 1.0
130 103 105 145 119 185 154 191 1.0
131 138 109 178 150 118 154 1.0
177 118 135 1.0
129 130 199 103 142 112 113 178 147 181 121 155 124 158 1.0
160 164 132 122 107 109 141 111 113 149 150 120 186 1.0
180 102 1.0
176 164 1.0
192 100 196 199 104 105 171 155 109 145 154 187 1.0
131 163 102 169 171 141 110 145 146 179 180 150 158 1.0
114 180 181 159 1.0
194 136 108 176 182 119 156 126 1.0
160 195 132 167 137 109 142 175 143 114 147 189 120 185 154 188 125 1.0
192 129 100 154 167 105 169 171 176 144 146 152 181 184 185 122 157 1.0
195 147 152 154 190 127 1.0
130 197 101 165 103 106 138 142 174 177 179 148 154 187 127 1.0
160 129 164 133 100 135 169 140 141 113 147 149 152 124 125 126 191 1.0
194 197 134 198 136 133 139 172 108 141 174 115 181 118 119 120 186 1.0
165 102 175 1.0
129 196 164 172 111 144 116 120 187 1.0
166 134 112 116 121 158 1.0
156 149 142 1.0
146 148 184 122 187 188 1.0
153 102 109 120 121 188 190 1.0
100 199 140 112 120 153 186 1.0
165 166 135 103 139 112 146 180 182 157 154 125 127 1.0
100 102 166 171 141 175 118 152 185 154 188 1.0
121 195 134 142 150 118 120 183 1.0
100 197 102 167 106 171 139 144 185 124 189 1.0
160 123 108 174 147 180 181 187 157 190 1.0
185 196 101 198 135 105 106 140 110 178 146 117 118 182 149 153 154 125 1.0
129 153 130 101 135 103 104 199 140 146 116 180 150 151 181 185 1.0
192 164 134 103 137 105 108 174 177 153 1.0
163 100 101 166 195 197 173 144 112 116 120 159 1.0
194 197 166 112 113 149 119 188 125 1.0
129 193 161 198 168 105 141 175 145 178 156 189 191 1.0
197 198 105 169 107 180 118 153 190 1.0
162 132 117 1.0
196 197 199 135 139 155 173 114 186 187 157 190 1.0
131 196 122 102 136 138 106 143 112 177 178 117 182 151 186 1.0
128 133 134 137 170 175 176 180 186 155 126 1.0
161 194 162 130 166 104 136 168 105 108 177 147 115 149 150 185 154 127 1.0
100 165 1.0
164 198 136 169 137 171 106 108 180 183 120 122 155 190 127 1.0
192 195 101 165 199 106 108 109 110 148 149 182 156 189 1.0
100 197 168 105 110 146 181 182 184 122 159 1.0
162 133 136 139 127 1.0
101 166 135 171 120 190 1.0
131 102 135 115 148 189 125 126 1.0
193 136 149 150 119 153 156 190 1.0
128 129 162 131 102 172 110 143 111 147 116 115 121 190 159 1.0
113 130 151 1.0
161 129 171 107 182 123 191 1.0
126 197 134 166 122 165 172 177 114 180 152 186 187 158 1.0
162 130 168 105 149 118 186 190 1.0
179 180 1.0
104 178 182 187 156 1.0
100 134 178 121 154 1.0
165 137 146 115 180 147 182 121 188 190 1.0
198 168 105 108 175 144 145 146 115 148 152 153 126 190 127 1.0
128 163 131 101 135 136 137 170 178 184 155 152 1.0
162 196 136 169 176 181 120 187 125 1.0
128 153 100 197 164 132 142 175 144 177 112 178 180 183 184 185 187 125 1.0
128 164 101 198 135 132 134 107 178 147 179 181 180 189 158 159 1.0
156 181 191 1.0
195 100 132 138 170 108 109 143 176 114 157 155 156 189 127 1.0
162 133 198 166 105 172 109 110 173 108 145 178 146 189 126 1.0
129 134 1.0
161 163 164 165 133 103 136 169 107 143 146 117 153 190 127 1.0
160 161 162 163 132 167 168 137 171 175 145 113 119 1.0
166 103 104 169 140 175 124 144 147 116 117 118 152 122 123 120 125 1.0
193 194 100 104 186 171 176 177 118 183 185 154 127 1.0
103 135 140 111 112 178 126 1.0
197 135 127 110 111 178 183 188 190 191 1.0
128 103 110 143 185 186 187 1.0
164 134 199 166 170 179 180 149 147 115 120 1.0
129 143 147 158 165 166 180 181 182 187 190 193 195 198 105 108 109 112 116 1.0
133 118 199 1.0
105 134 1.0
161 130 194 133 134 168 107 172 140 108 178 147 116 180 183 120 156 1.0
131 163 169 106 139 108 110 177 116 150 152 126 127 1.0
128 133 135 140 142 158 159 160 164 169 182 185 197 198 102 110 111 122 127 1.0
130 196 101 169 178 155 190 1.0
133 160 161 167 170 173 175 180 181 184 188 193 194 195 103 106 110 112 125 1.0
165 101 103 198 169 166 170 176 113 178 191 1.0
104 106 109 119 184 186 187 158 127 1.0
192 194 195 101 167 108 121 122 187 1.0
130 165 167 136 103 107 171 174 144 113 149 153 186 188 159 1.0
140 141 144 151 155 158 160 163 167 173 176 179 181 189 197 100 117 119 126 1.0
128 194 140 110 115 179 151 120 121 156 1.0
160 196 146 147 154 123 1.0
198 112 113 116 151 187 1.0
194 198 168 136 171 142 117 183 185 124 126 127 1.0
131 132 197 198 140 174 124 157 158 127 1.0
161 194 141 174 111 176 145 146 117 149 186 1.0
164 132 176 184 185 1.0
131 139 114 179 122 155 188 158 1.0
192 160 101 166 199 168 104 105 109 175 179 180 116 183 121 156 158 127 1.0
197 165 166 138 107 178 114 189 159 1.0
160 194 163 102 136 139 171 147 122 156 157 1.0
167 136 105 111 113 178 116 149 119 154 189 126 1.0
130 135 108 146 117 158 190 1.0
193 139 174 116 150 1.0
193 195 167 107 141 111 118 122 155 188 191 1.0
160 193 131 135 138 139 142 145 183 154 123 157 158 127 1.0
139 117 1.0
163 166 102 104 135 138 176 113 182 185 1.0
129 102 167 134 135 107 175 143 177 176 147 182 122 157 190 191 1.0
161 193 129 101 167 169 107 140 172 142 143 149 153 1.0
132 165 199 169 107 173 109 148 182 153 189 127 1.0
197 166 103 137 169 143 117 118 189 1.0
195 165 137 170 171 141 112 148 150 118 152 151 184 1.0
130 101 137 123 108 173 109 171 114 117 118 181 120 122 155 190 157 158 1.0
159 165 167 110 175 144 181 120 127 126 191 1.0
153 131 164 166 103 110 176 185 157 1.0
100 168 107 108 174 117 153 190 126 1.0
128 103 107 109 146 147 149 183 122 155 158 191 1.0
160 131 165 102 198 134 137 168 174 179 118 189 126 1.0
149 135 1.0
160 128 194 131 132 163 104 123 110 142 144 180 181 148 184 186 155 1.0
161 163 198 149 151 125 1.0
133 106 139 171 117 185 1.0
160 128 193 159 135 103 107 142 112 115 117 184 158 127 1.0
194 163 165 166 175 112 176 115 120 121 187 156 125 1.0
161 101 107 108 109 175 145 179 122 187 189 1.0
128 195 100 197 166 167 103 137 123 139 109 140 111 181 183 120 155 1.0
196 166 103 167 105 198 108 112 113 114 179 145 181 117 122 1.0
145 123 1.0
192 129 132 102 135 167 106 171 175 145 177 116 125 118 183 155 157 158 1.0
195 102 109 116 150 1.0
199 137 169 146 183 1.0
191 130 163 122 103 136 102 109 142 176 147 154 156 159 1.0
147 131 1.0
131 196 165 102 100 105 107 109 141 144 115 116 150 123 125 159 1.0
192 129 160 132 165 198 103 167 171 139 149 150 188 1.0
195 147 1.0
160 161 130 165 198 133 136 139 140 109 110 143 179 147 148 115 186 125 1.0
160 131 165 135 108 172 110 176 114 149 151 185 1.0
128 193 160 195 196 130 198 106 139 173 109 174 110 179 116 181 152 1.0
193 130 196 132 198 154 172 109 115 183 186 123 124 125 159 1.0
164 135 170 173 175 152 154 1.0
100 167 168 140 173 174 109 177 145 114 149 182 119 121 186 155 188 1.0
194 100 167 176 178 119 1.0
139 172 173 143 175 144 176 180 119 152 1.0
130 163 131 165 104 111 143 154 188 1.0
129 105 180 122 126 1.0
165 101 136 144 177 117 118 154 189 1.0
128 193 130 132 165 134 167 136 104 107 109 146 148 118 150 154 155 190 1.0
131 199 136 113 177 179 146 117 181 155 1.0
192 130 163 165 134 167 168 103 138 104 172 108 141 116 182 156 125 190 1.0
162 134 137 170 171 138 141 113 177 114 178 150 187 188 157 1.0
134 105 176 145 119 122 1.0
161 162 196 100 105 111 150 119 185 155 124 1.0
166 104 113 118 183 186 159 1.0
128 192 162 196 101 133 135 105 171 175 178 119 149 183 185 190 1.0
149 126 159 1.0
160 163 132 199 136 169 176 114 115 180 117 127 1.0
171 150 1.0
116 143 1.0
136 114 101 198 1.0
