44 80 51 147 55 1.0
130 5 38 1.0
10 17 155 157 33 40 169 43 56 64 66 69 198 74 77 82 86 97 120 1.0
97 2 66 132 69 135 41 10 105 180 149 118 56 25 90 1.0
194 72 108 149 58 187 60 93 1.0
131 11 140 141 150 153 156 159 33 170 46 48 49 52 53 54 64 66 70 74 1.0
161 100 103 143 176 82 53 57 154 1.0
131 141 14 146 148 22 26 159 31 163 164 38 48 57 186 59 63 194 84 1.0
66 195 69 102 6 7 104 170 39 115 21 117 1.0
26 187 1.0
128 129 141 15 146 27 169 171 46 50 188 191 68 83 100 103 106 107 114 121 1.0
5 16 26 155 167 43 44 46 174 47 59 66 196 68 76 83 89 100 105 107 1.0
0 101 7 108 23 119 59 1.0
163 38 105 137 109 173 31 16 112 188 148 181 117 121 58 92 159 1.0
161 165 12 110 175 50 117 182 119 1.0
98 36 69 135 167 112 49 114 22 122 1.0
97 198 134 83 26 156 189 126 1.0
97 153 104 137 107 20 56 185 123 1.0
128 131 138 109 48 145 82 115 179 22 126 1.0
99 199 41 108 109 175 144 145 83 147 117 86 88 26 62 1.0
192 193 97 98 122 199 168 102 74 75 60 19 115 23 154 156 1.0
97 69 72 105 107 176 80 50 114 144 117 54 20 152 156 154 188 62 1.0
36 5 37 71 135 199 100 172 14 144 145 119 90 187 190 1.0
155 37 1.0
196 102 103 104 76 53 117 183 156 1.0
160 36 106 77 81 82 1.0
163 36 4 107 76 31 15 79 83 84 52 181 20 155 188 63 126 191 1.0
51 107 53 1.0
178 85 1.0
160 65 98 131 2 67 27 8 171 76 139 187 175 80 178 57 59 30 1.0
163 11 139 45 111 21 53 26 187 125 126 1.0
0 130 3 4 198 39 103 42 175 112 179 118 119 88 25 86 157 31 1.0
161 5 38 167 199 76 176 114 57 31 1.0
128 2 7 144 18 22 26 166 44 46 47 180 60 194 195 77 97 99 104 1.0
2 70 38 16 113 19 153 59 93 1.0
159 2 68 165 41 11 107 48 119 152 120 126 63 1.0
96 195 196 103 170 12 173 110 144 82 20 150 1.0
0 1 4 101 37 39 14 115 148 116 53 23 94 190 30 127 1.0
32 35 197 135 104 173 80 51 52 23 154 28 30 1.0
161 58 38 167 105 74 11 171 78 143 180 150 55 22 122 60 93 158 1.0
33 66 132 69 105 9 107 111 175 143 179 148 119 94 1.0
130 102 9 76 49 122 188 1.0
32 96 196 197 198 7 10 106 46 150 56 159 1.0
66 6 103 104 41 110 47 177 18 25 123 158 1.0
192 8 14 1.0
191 194 3 132 37 10 75 51 147 150 30 26 94 63 1.0
37 70 137 74 45 141 29 23 31 93 95 1.0
5 10 47 113 91 30 159 1.0
97 66 2 36 166 134 104 43 173 142 47 16 111 18 178 88 185 1.0
129 3 16 151 36 40 42 45 52 180 185 188 191 70 73 90 98 100 105 1.0
9 178 27 25 1.0
107 139 147 151 88 1.0
160 1 34 195 3 40 136 139 77 142 143 17 51 148 182 88 122 94 1.0
100 136 104 10 172 78 145 156 187 188 1.0
1 6 104 80 183 21 118 119 153 27 30 1.0
69 7 135 106 60 1.0
161 108 17 1.0
162 26 197 166 169 78 174 80 180 184 154 28 1.0
4 9 137 139 11 149 151 156 35 180 185 195 75 81 87 99 110 118 122 1.0
129 36 90 106 113 52 86 88 26 62 31 1.0
161 198 103 105 10 171 48 182 123 156 1.0
1 8 11 44 172 81 146 115 150 118 57 124 29 62 1.0
192 68 165 103 72 11 108 171 142 119 85 55 120 25 27 1.0
64 128 160 4 102 6 134 73 170 137 145 81 179 56 154 156 1.0
4 69 6 143 87 93 1.0
64 129 135 8 105 136 172 142 143 113 146 148 54 22 152 26 187 184 1.0
131 132 35 133 197 108 174 142 20 117 86 23 88 156 1.0
98 66 37 70 198 139 109 174 46 50 51 20 22 30 159 1.0
130 198 7 47 16 145 17 180 52 154 27 189 127 1.0
0 32 128 3 104 183 61 1.0
35 167 9 11 110 154 1.0
34 131 130 197 66 71 72 73 105 171 107 142 79 46 52 54 56 61 1.0
130 10 16 146 147 155 158 164 165 169 178 58 61 62 63 198 83 90 107 121 1.0
71 136 172 177 113 1.0
131 26 73 141 110 113 177 184 122 27 63 1.0
193 36 49 178 83 148 51 23 89 62 1.0
161 99 38 11 172 45 150 23 153 156 1.0
160 194 35 132 133 196 40 168 111 49 53 1.0
197 40 23 185 58 1.0
65 130 195 72 12 179 52 83 87 124 190 1.0
129 165 40 138 17 124 126 1.0
67 163 88 106 108 172 79 16 51 56 91 124 62 1.0
159 34 98 10 77 13 79 145 113 147 20 54 158 61 95 63 1.0
58 141 1.0
128 145 131 53 1.0
98 131 36 167 39 137 41 13 78 82 154 27 29 95 1.0
139 61 1.0
64 191 185 40 175 145 150 25 26 188 158 127 1.0
194 101 7 141 143 156 50 17 117 182 151 87 153 26 28 31 1.0
0 37 69 101 8 10 75 77 80 84 60 189 159 1.0
1 107 77 21 152 27 124 1.0
129 69 167 40 76 81 19 118 86 57 1.0
192 141 112 52 181 186 92 1.0
68 133 198 137 11 140 45 142 78 141 147 20 184 153 59 28 30 1.0
64 32 170 174 175 180 185 1.0
162 196 71 108 18 150 182 156 159 1.0
33 129 131 198 114 20 86 57 1.0
106 45 176 18 118 87 24 121 182 127 1.0
131 103 71 44 15 47 176 55 89 123 28 1.0
5 198 39 73 42 43 173 142 15 80 47 85 53 55 88 1.0
130 115 148 118 93 1.0
130 168 48 18 19 21 149 54 1.0
161 67 131 123 81 148 149 116 152 186 27 61 1.0
145 186 132 46 1.0
130 38 74 48 88 59 1.0
159 2 3 163 134 168 171 76 46 112 149 23 183 90 59 31 158 95 1.0
34 6 92 49 21 120 25 124 152 1.0
131 3 7 9 12 14 143 20 28 160 166 39 170 53 55 85 95 110 113 1.0
132 20 148 150 153 155 28 164 46 189 191 193 78 82 86 91 103 111 122 1.0
8 74 106 11 182 88 28 1.0
116 27 12 1.0
161 34 67 195 105 9 49 147 184 31 1.0
98 6 135 105 15 147 23 56 155 1.0
130 198 105 42 171 43 174 180 152 90 1.0
64 32 192 97 42 176 116 153 1.0
96 65 33 132 165 103 141 45 18 88 59 28 1.0
196 100 105 107 77 113 51 117 185 90 59 95 1.0
8 141 145 150 23 24 25 161 36 171 175 55 188 63 197 72 77 108 126 1.0
166 108 109 118 120 153 90 187 93 1.0
96 133 44 110 176 83 153 90 30 1.0
1 2 132 134 40 111 92 179 84 181 117 153 124 1.0
20 12 151 1.0
170 11 21 119 90 157 191 1.0
33 130 3 196 100 133 35 168 1 10 11 174 142 17 95 1.0
98 171 118 151 54 26 1.0
97 26 71 75 76 79 82 19 85 87 90 27 92 63 1.0
2 6 7 23 31 33 36 37 38 44 46 51 58 62 66 72 90 91 96 1.0
96 66 67 5 6 74 11 78 17 19 53 86 55 57 1.0
67 68 5 6 13 47 48 1.0
2 67 7 44 12 76 50 51 87 90 63 1.0
48 43 19 99 1.0
64 65 4 5 71 42 43 48 86 88 61 62 1.0
0 97 72 78 14 54 87 26 91 1.0
33 66 98 68 5 38 42 43 14 82 86 55 28 1.0
18 11 53 1.0
98 35 4 70 9 17 93 23 29 95 1.0
96 98 99 3 43 1.0
34 99 66 11 84 27 28 95 1.0
1 99 37 38 75 13 14 78 89 92 30 1.0
99 70 72 74 10 11 13 81 53 86 91 29 62 63 1.0
40 97 56 15 1.0
84 23 1.0
65 69 6 49 50 55 61 1.0
0 97 64 8 9 75 52 21 55 24 25 56 27 29 30 1.0
0 97 32 36 37 43 48 63 1.0
32 64 34 78 24 1.0
1 10 14 16 17 23 29 41 51 57 61 63 72 75 78 80 93 94 99 1.0
96 64 35 4 9 11 45 13 81 82 21 60 93 30 63 1.0
68 37 7 8 41 74 13 52 87 59 1.0
96 34 6 9 77 14 49 18 19 83 84 52 85 24 51 58 50 30 1.0
66 3 4 99 7 40 15 80 18 51 52 54 23 57 28 1.0
40 97 4 1.0
11 19 68 1.0
0 37 69 72 13 78 15 16 45 82 84 53 52 56 95 1.0
64 3 68 37 36 90 40 75 76 48 51 84 53 22 26 92 95 1.0
64 70 72 74 20 21 29 1.0
0 76 80 50 85 26 93 1.0
2 3 4 36 39 9 41 12 45 20 85 86 84 60 1.0
6 7 41 12 13 14 51 22 87 89 1.0
34 10 11 13 61 55 29 1.0
64 97 39 59 75 78 92 22 27 60 29 62 1.0
89 61 94 1.0
33 66 5 6 71 37 74 77 48 50 23 85 54 22 55 25 90 27 1.0
16 77 1.0
3 12 78 79 19 60 1.0
3 4 90 71 76 13 18 52 84 54 23 89 26 91 92 1.0
96 2 68 5 6 58 40 12 13 15 81 51 53 86 90 59 1.0
70 39 42 14 20 88 1.0
0 33 34 98 2 5 6 70 37 46 48 54 55 22 56 88 1.0
97 9 15 80 82 25 85 23 89 27 28 93 94 1.0
34 40 73 10 74 46 16 49 81 24 57 93 1.0
1 98 72 41 11 44 57 1.0
6 73 44 45 49 52 54 55 1.0
97 37 70 73 43 12 13 15 16 81 55 87 93 31 1.0
50 35 1.0
56 8 93 87 1.0
32 0 33 38 40 8 45 13 77 78 81 20 55 54 87 90 62 1.0
35 36 43 11 78 80 83 85 88 25 91 63 30 95 1.0
42 83 25 27 93 1.0
64 34 11 44 45 53 31 1.0
96 65 35 5 11 43 79 48 85 88 25 58 61 1.0
35 74 10 15 47 80 50 83 82 21 53 49 86 27 60 62 1.0
0 2 4 72 42 43 76 13 15 17 49 52 55 90 92 1.0
32 35 27 1.0
2 66 39 7 9 10 71 76 49 50 81 25 91 93 63 1.0
66 50 78 1.0
36 4 71 40 11 43 75 17 50 26 27 1.0
35 68 67 38 71 4 75 44 19 53 85 87 89 31 1.0
5 10 76 79 21 86 30 1.0
32 20 23 91 28 63 1.0
3 15 17 20 21 23 26 28 29 36 42 46 48 52 64 72 78 93 94 1.0
45 79 84 53 22 60 62 1.0
40 42 35 15 1.0
96 34 67 3 40 42 81 50 88 58 62 95 1.0
96 98 70 42 74 12 77 82 55 58 28 1.0
33 68 4 58 39 7 11 12 76 14 16 83 52 51 24 25 26 61 1.0
0 2 99 5 73 76 78 48 83 55 54 23 85 57 92 62 31 1.0
97 3 36 58 38 8 40 27 45 84 88 90 91 63 1.0
96 97 68 70 38 40 74 75 81 50 18 20 51 23 62 94 1.0
32 1 98 66 3 37 4 97 7 39 47 1.0
3 36 13 79 81 51 56 92 62 1.0
99 39 63 18 53 95 24 61 62 31 1.0
65 4 7 75 87 56 27 29 1.0
83 21 6 39 1.0
68 20 52 92 1.0
94 74 52 44 1.0
4 71 8 74 43 76 77 14 81 51 53 92 61 1.0
97 2 35 69 39 40 10 44 76 47 81 50 85 86 24 25 58 1.0
66 27 20 62 1.0
99 70 10 11 44 52 87 90 60 62 63 1.0
98 36 70 59 74 12 78 48 81 50 85 27 63 1.0
2 99 3 98 9 43 75 45 15 49 19 51 88 25 58 27 28 1.0
97 99 36 13 78 47 18 83 50 85 90 1.0
3 6 8 18 19 20 22 33 34 41 43 60 66 72 82 85 93 97 98 1.0
64 65 66 3 98 0 39 71 43 77 78 17 21 88 57 27 93 1.0
35 70 16 84 24 89 1.0
56 12 4 55 1.0
96 58 36 6 9 74 11 73 13 14 46 80 17 41 88 56 91 1.0
32 98 67 38 13 14 79 80 62 1.0
64 1 98 68 40 11 76 12 47 80 49 29 51 86 56 25 91 93 1.0
0 64 33 98 4 70 7 72 76 80 19 84 54 30 27 94 1.0
97 2 98 69 37 71 7 40 12 81 17 50 82 53 52 87 58 1.0
32 94 1.0
35 49 19 87 90 61 30 1.0
33 34 26 4 5 69 39 97 10 43 44 14 82 54 90 91 1.0
32 99 77 46 88 90 92 1.0
14 15 19 24 35 39 47 48 49 64 65 67 70 72 77 85 86 90 98 1.0
98 44 52 61 94 1.0
41 21 1.0
96 36 9 10 44 12 49 84 89 63 1.0
40 75 46 15 93 1.0
66 68 69 38 75 77 17 89 92 1.0
64 65 7 72 59 43 11 79 48 49 20 21 86 23 89 27 61 1.0
32 65 34 68 37 6 73 11 47 48 21 54 89 93 63 1.0
64 18 1.0
69 79 1.0
78 31 1.0
96 66 99 5 76 78 48 18 82 20 84 22 51 52 89 28 1.0
40 96 60 63 1.0
64 73 10 45 15 48 16 19 84 20 87 94 31 1.0
75 20 13 31 1.0
32 33 34 73 10 79 49 20 84 21 24 89 26 92 61 1.0
8 39 1.0
18 4 45 1.0
0 34 99 4 37 36 7 73 12 79 47 17 18 56 25 95 1.0
3 6 41 10 11 42 47 80 51 83 86 25 90 93 94 1.0
2 43 78 88 60 1.0
99 36 69 73 41 45 82 84 87 23 59 28 62 95 1.0
97 33 36 37 71 10 11 76 15 50 51 23 89 30 1.0
97 2 66 67 73 76 45 46 16 20 52 54 21 57 30 1.0
0 3 6 8 10 14 27 32 33 36 42 48 58 59 71 77 82 90 93 1.0
64 5 23 87 25 26 30 1.0
1 65 56 6 9 50 20 21 84 24 25 58 91 95 1.0
1 98 69 38 8 41 10 42 43 73 11 9 21 54 26 28 1.0
3 69 70 75 83 94 1.0
64 34 99 98 69 37 6 41 11 45 79 82 19 20 83 90 1.0
0 69 6 39 77 14 86 23 54 57 59 92 29 95 1.0
1 98 69 70 73 10 44 13 46 77 16 52 21 30 90 62 1.0
64 65 34 4 36 6 47 50 83 57 27 29 31 1.0
0 35 36 38 76 14 47 80 81 92 27 60 61 63 1.0
3 38 7 73 11 76 54 95 1.0
32 97 1 3 99 9 76 82 19 85 94 1.0
33 99 35 67 8 42 74 45 80 83 84 21 57 62 1.0
65 4 42 84 27 1.0
1 2 5 38 7 75 12 14 78 17 20 89 92 63 1.0
96 34 35 36 4 38 72 43 76 46 47 83 51 85 22 53 95 1.0
8 11 78 79 51 22 89 60 1.0
97 37 5 1.0
70 40 42 13 80 18 86 88 90 60 1.0
64 2 13 16 30 63 1.0
65 1 8 73 42 75 79 16 15 82 19 51 28 29 94 1.0
96 1 35 4 76 14 29 18 84 30 86 54 20 25 92 61 62 1.0
97 69 12 78 15 84 90 1.0
97 1 2 68 37 40 72 73 43 78 15 81 82 83 90 29 63 1.0
97 34 1 68 3 65 39 99 77 80 88 28 61 1.0
69 74 43 14 79 16 81 82 51 83 60 56 89 28 30 1.0
2 3 9 12 15 24 25 39 46 52 53 64 67 78 80 88 89 92 97 1.0
33 67 36 3 7 8 42 77 15 51 83 24 89 26 1.0
96 32 5 40 13 81 17 93 55 25 60 29 62 31 1.0
96 0 66 68 38 9 77 49 17 19 63 1.0
37 79 18 57 30 95 1.0
34 70 75 45 47 48 51 86 22 56 29 30 63 1.0
96 1 98 7 8 73 91 15 18 21 27 1.0
32 1 34 3 2 40 75 77 61 62 1.0
64 89 98 35 36 68 39 9 13 14 78 49 81 20 21 57 27 25 1.0
1 70 71 8 74 76 80 82 50 30 21 85 23 25 31 29 62 63 1.0
66 67 19 53 22 63 1.0
0 37 39 45 78 15 50 82 22 87 59 1.0
0 1 66 98 4 71 12 13 79 15 53 87 30 1.0
50 3 1.0
64 1 40 48 18 85 23 60 29 94 1.0
3 4 5 71 9 76 46 16 21 85 23 30 1.0
35 67 39 73 18 22 23 89 26 1.0
96 2 39 10 46 84 63 1.0
169 175 144 116 149 182 180 125 191 1.0
130 197 166 133 107 140 147 179 152 154 1.0
122 165 166 1.0
104 156 102 1.0
130 153 198 102 103 110 114 121 189 1.0
147 188 167 1.0
194 172 190 143 1.0
130 132 133 199 167 105 139 143 175 113 177 176 119 120 186 124 126 1.0
160 100 165 164 167 133 137 105 170 109 174 175 178 121 154 123 188 1.0
101 166 165 142 115 116 186 124 159 1.0
128 164 197 110 145 187 1.0
187 135 1.0
161 164 100 199 168 169 105 171 137 146 179 181 118 153 157 1.0
128 161 169 138 143 117 155 191 1.0
160 193 133 134 135 101 105 199 139 109 143 147 179 182 120 153 1.0
129 197 167 138 172 144 182 186 1.0
133 171 108 110 176 113 145 147 146 185 155 190 158 191 1.0
161 193 191 164 101 100 127 142 111 112 113 117 152 155 188 184 159 1.0
160 164 132 133 170 111 143 147 116 120 153 155 126 191 1.0
138 143 158 168 172 174 178 180 184 190 197 101 106 107 111 112 114 115 118 1.0
161 194 166 135 136 106 140 111 144 180 119 184 151 159 1.0
100 101 104 138 172 175 146 181 190 1.0
101 134 115 180 116 187 190 158 1.0
129 153 163 197 134 135 166 108 175 145 184 121 187 189 1.0
102 171 149 181 187 157 1.0
163 165 103 106 138 139 174 111 124 157 1.0
160 161 194 129 197 134 136 175 180 182 118 125 158 1.0
105 138 109 134 1.0
128 132 104 106 109 174 175 176 148 181 151 124 191 1.0
193 162 198 136 109 173 141 113 118 120 187 125 159 1.0
129 195 107 112 113 1.0
128 164 166 167 170 139 106 173 174 110 155 145 178 116 153 123 156 127 1.0
128 129 198 167 136 102 170 123 143 145 150 187 191 1.0
193 130 100 132 134 167 199 197 140 174 176 113 186 188 1.0
130 132 147 117 158 1.0
198 106 107 170 109 114 118 154 156 1.0
162 165 167 169 140 144 113 116 117 183 184 121 155 188 152 126 1.0
153 131 100 197 135 107 108 173 175 113 184 185 125 126 191 1.0
128 168 170 172 173 111 112 124 114 115 149 123 188 190 1.0
192 196 173 141 176 177 114 181 118 185 122 124 1.0
195 133 168 170 147 125 118 154 157 1.0
194 102 146 115 147 183 1.0
195 197 106 107 140 112 116 181 150 1.0
131 136 147 148 149 164 173 178 182 188 101 104 109 112 116 118 124 126 127 1.0
185 149 1.0
135 143 150 119 185 1.0
195 147 159 1.0
163 197 102 140 142 182 154 1.0
128 161 194 196 136 105 137 169 139 141 116 184 154 124 125 190 127 1.0
128 131 133 134 140 141 152 157 159 164 166 172 185 187 101 111 115 121 124 1.0
129 197 199 105 175 177 113 179 182 118 185 186 156 1.0
167 136 107 140 117 188 158 1.0
135 144 146 119 123 126 159 1.0
129 131 136 139 146 155 157 167 168 169 172 182 189 199 101 105 115 124 127 1.0
156 166 174 1.0
161 196 197 135 106 171 108 172 118 1.0
103 111 147 186 156 190 1.0
133 167 172 109 141 140 143 176 115 179 121 191 1.0
195 100 197 168 172 111 147 116 148 182 151 153 122 123 158 1.0
192 121 191 133 102 199 135 138 108 145 149 185 187 189 127 1.0
192 161 165 167 169 106 107 187 142 144 124 181 184 121 122 155 120 1.0
162 100 164 199 169 105 172 173 177 147 188 126 159 1.0
193 195 132 133 166 167 143 182 120 156 125 1.0
132 134 108 143 152 155 1.0
196 102 199 138 140 113 178 116 120 123 126 1.0
193 162 104 171 176 112 146 116 119 153 158 1.0
129 130 163 103 136 168 172 121 188 127 1.0
194 107 111 149 151 120 183 122 1.0
162 132 134 167 169 139 171 172 178 114 147 117 153 186 159 1.0
160 161 194 164 165 198 166 104 168 170 135 106 173 146 115 148 185 186 1.0
159 128 131 174 115 190 127 1.0
193 166 106 174 144 114 147 123 1.0
161 130 193 100 129 101 133 105 143 144 178 179 1.0
101 165 107 175 144 111 148 180 117 118 152 185 187 158 191 1.0
193 131 165 199 105 137 173 110 143 175 145 178 146 182 184 187 158 1.0
161 194 133 166 135 168 197 142 124 116 152 127 189 159 1.0
191 100 165 102 132 137 105 140 143 177 122 126 159 1.0
186 119 1.0
133 199 135 106 139 107 111 112 178 179 180 114 183 1.0
196 132 109 142 121 187 188 189 159 1.0
163 197 186 104 138 111 143 114 179 153 154 156 159 1.0
192 101 197 104 172 146 118 120 191 1.0
160 163 131 133 107 141 142 143 182 183 151 153 156 1.0
192 128 161 103 104 167 138 106 139 141 143 180 149 183 187 156 191 1.0
193 130 132 164 167 168 135 139 109 147 179 117 152 125 1.0
192 197 103 135 105 137 168 178 179 117 154 159 1.0
100 107 139 113 116 182 184 186 187 1.0
199 103 138 141 110 112 150 157 152 189 158 191 1.0
129 101 167 168 187 175 177 116 155 1.0
162 103 136 169 109 143 144 188 1.0
134 146 180 150 183 153 155 1.0
162 164 196 135 169 179 116 124 1.0
177 143 1.0
161 195 173 146 117 151 153 126 1.0
193 131 163 166 138 139 141 112 145 178 115 148 117 182 119 151 114 191 1.0
148 152 154 156 158 169 172 175 181 183 185 187 190 191 195 199 108 115 116 1.0
129 168 140 144 148 185 190 1.0
162 163 103 170 107 171 173 110 143 111 177 172 181 121 189 190 191 1.0
194 164 134 167 104 169 155 173 147 180 119 118 151 116 185 123 157 1.0
100 197 102 138 107 173 110 143 109 145 115 116 120 187 157 184 191 1.0
128 160 162 196 165 101 133 167 137 141 143 117 120 157 191 1.0
146 182 127 1.0
199 106 170 141 142 115 179 188 1.0
100 196 102 172 112 176 146 147 148 118 119 152 125 1.0
131 196 164 134 136 109 1.0
192 161 193 163 100 101 167 104 168 171 141 143 144 180 151 153 126 158 1.0
152 155 156 158 166 176 177 180 181 182 186 188 189 197 198 199 105 107 121 1.0
114 133 1.0
131 198 136 105 137 107 169 109 110 111 139 145 148 119 154 187 188 1.0
162 194 100 197 101 165 136 102 133 137 169 144 156 188 125 158 127 1.0
128 139 151 154 158 159 169 182 185 188 190 195 197 103 110 113 116 121 125 1.0
164 197 165 169 144 179 125 127 1.0
168 104 172 109 111 175 115 182 185 186 187 188 1.0
128 161 194 129 165 135 139 143 175 180 148 118 121 122 187 188 190 191 1.0
160 121 129 197 199 109 175 177 180 181 182 153 188 1.0
168 113 130 118 1.0
192 163 132 164 100 102 168 169 143 183 182 151 185 190 157 158 1.0
194 133 107 172 144 178 116 181 153 158 1.0
192 193 165 199 178 115 146 117 181 188 189 158 1.0
167 168 105 106 103 142 186 188 1.0
191 104 169 170 105 117 151 188 159 1.0
104 106 181 182 151 118 188 189 1.0
193 130 134 106 113 178 147 152 121 122 155 120 125 126 1.0
168 153 1.0
129 165 198 111 178 153 157 1.0
192 199 141 173 181 182 151 157 1.0
121 106 181 1.0
162 131 198 104 105 136 106 110 112 114 179 146 116 182 152 188 126 1.0
160 164 132 198 103 186 105 140 142 175 113 115 181 120 154 152 1.0
162 141 115 187 190 127 1.0
192 160 167 136 172 109 175 113 114 147 152 186 124 126 191 1.0
128 194 132 134 104 137 138 170 112 114 152 186 124 127 1.0
192 193 144 188 127 1.0
197 137 139 140 142 174 147 152 153 155 184 1.0
131 195 199 136 182 186 187 1.0
128 161 194 193 131 197 106 141 110 177 118 183 120 156 157 158 127 1.0
100 101 137 142 175 147 118 152 154 124 189 127 1.0
164 166 172 141 114 115 147 117 120 154 125 126 191 1.0
130 131 197 168 141 181 150 151 117 122 189 159 1.0
132 100 166 104 174 178 149 152 186 123 126 1.0
128 162 198 167 103 142 113 116 117 184 154 127 1.0
162 195 100 101 197 103 104 131 106 138 107 174 177 121 155 189 191 1.0
192 131 100 134 154 136 121 122 1.0
100 133 102 135 168 164 107 145 146 119 152 125 1.0
103 138 110 144 124 189 1.0
132 174 142 144 115 116 153 157 1.0
131 133 138 113 188 1.0
134 105 106 114 117 185 155 159 1.0
163 197 101 199 102 139 110 114 147 116 149 187 1.0
192 131 100 101 166 199 136 169 107 108 179 148 151 154 155 1.0
140 143 152 155 158 163 166 170 173 180 189 191 196 102 103 105 109 113 115 1.0
128 162 101 104 107 141 175 176 113 180 181 118 157 127 1.0
193 161 102 134 199 137 172 114 179 148 185 186 158 159 1.0
161 101 124 153 188 1.0
105 137 138 1.0
128 135 103 169 108 179 118 152 1.0
192 194 163 133 167 137 178 154 187 157 1.0
194 131 108 109 111 180 182 119 187 1.0
128 193 166 167 105 169 108 127 142 148 185 154 124 191 1.0
161 162 101 198 134 197 169 170 141 143 148 181 125 185 186 189 126 191 1.0
133 139 143 147 151 158 168 169 174 176 178 181 183 185 199 103 117 122 126 1.0
130 195 131 165 166 194 168 137 176 114 179 149 151 191 1.0
121 199 104 110 111 114 189 149 150 119 152 185 154 120 125 191 1.0
128 193 197 166 137 139 115 148 119 189 123 157 1.0
