68 5 39 44 12 78 79 48 28 24 25 26 60 62 1.0
72 77 14 79 16 26 1.0
35 71 72 40 43 13 28 79 47 17 20 60 1.0
0 35 4 5 70 40 43 12 46 78 48 19 22 23 56 59 1.0
64 33 2 40 41 15 18 56 26 62 1.0
65 34 71 78 47 17 1.0
2 3 4 8 10 11 12 18 19 29 30 35 38 39 42 47 54 57 65 71 1.0
53 22 14 1.0
3 8 9 10 14 16 17 20 21 23 32 38 41 42 51 52 59 69 72 1.0
33 5 40 74 11 45 77 18 53 23 24 61 62 1.0
32 2 4 39 8 41 71 75 12 9 18 53 29 62 63 1.0
65 66 67 69 71 78 15 16 17 20 53 57 31 1.0
3 37 70 39 27 8 12 44 14 47 15 55 56 59 29 1.0
67 4 35 58 71 41 10 15 79 21 54 57 26 31 29 63 1.0
65 33 3 5 6 69 73 43 44 78 52 21 22 56 62 58 30 63 1.0
2 34 75 13 47 19 51 22 56 26 59 1.0
4 70 11 75 45 22 63 1.0
64 35 4 5 73 75 76 13 47 15 55 59 1.0
2 66 36 35 6 8 72 75 48 21 56 27 28 62 1.0
33 68 69 38 71 70 36 42 40 45 49 55 56 25 62 63 1.0
66 7 48 23 22 54 1.0
32 64 2 68 70 40 73 8 76 44 54 22 61 30 1.0
68 6 7 72 73 74 41 38 44 70 17 50 54 25 59 60 57 1.0
0 2 5 7 11 13 15 18 25 28 31 35 40 43 49 54 60 66 69 1.0
65 1 6 39 8 73 74 11 76 10 46 78 45 47 55 1.0
8 42 13 15 30 1.0
3 36 39 8 12 13 44 49 54 25 58 59 28 61 31 1.0
4 14 79 48 18 55 61 62 63 1.0
33 65 3 68 42 12 49 52 53 1.0
0 66 3 73 59 75 12 44 77 15 19 54 26 27 60 1.0
37 11 60 55 24 26 28 63 1.0
64 69 72 42 10 76 1.0
33 37 13 25 63 1.0
2 8 73 74 13 14 79 77 16 25 26 28 63 1.0
33 2 70 7 72 9 74 8 76 78 17 29 51 25 61 31 1.0
32 33 2 0 70 7 10 76 46 78 15 51 53 54 23 62 63 1.0
24 41 15 1.0
16 59 1.0
2 8 10 11 13 16 17 21 27 28 33 34 37 46 48 51 62 65 73 1.0
64 57 26 1.0
66 67 35 69 42 75 76 10 50 52 23 28 62 1.0
0 65 32 67 68 7 73 9 12 13 78 79 55 54 23 25 58 61 1.0
3 35 69 67 41 74 13 50 52 57 58 60 29 1.0
64 70 42 77 15 50 57 58 60 25 1.0
65 66 36 5 40 74 43 16 17 50 20 52 21 55 58 61 1.0
40 45 37 14 1.0
0 65 66 67 36 68 71 9 77 78 17 51 26 61 63 1.0
0 1 34 4 6 71 8 43 11 45 77 49 30 58 62 1.0
33 65 67 69 5 75 16 18 52 21 22 60 61 31 1.0
36 69 73 19 57 29 1.0
68 41 75 12 45 77 18 58 61 31 1.0
65 33 34 69 45 50 51 21 56 25 26 60 57 1.0
64 66 6 39 7 42 76 45 13 49 51 53 21 23 25 28 62 1.0
3 50 51 22 24 1.0
1 36 7 8 41 44 49 51 52 53 59 60 1.0
34 67 68 70 39 72 75 45 49 17 22 56 60 1.0
32 65 64 37 8 41 10 40 16 29 1.0
64 32 2 1 7 20 24 61 31 1.0
65 5 9 11 13 15 16 79 23 55 56 26 31 30 63 1.0
1 7 13 15 19 21 22 23 24 29 30 31 34 40 51 52 55 57 61 77 1.0
0 65 3 37 7 72 43 45 17 27 61 1.0
9 74 75 12 13 19 51 1.0
64 66 3 70 9 74 43 45 49 50 17 22 24 62 25 58 60 30 1.0
1 2 7 13 18 26 29 31 32 37 38 42 44 54 56 60 64 72 73 76 1.0
65 1 3 67 72 9 73 75 44 47 29 31 1.0
4 5 6 15 16 26 27 31 34 45 46 51 54 55 61 65 67 71 72 79 1.0
33 35 11 78 47 15 26 62 1.0
35 6 40 9 53 57 30 1.0
2 13 77 47 51 20 62 1.0
33 2 67 1.0
65 8 11 45 22 56 24 26 63 1.0
36 12 48 50 21 22 1.0
32 67 17 52 21 1.0
1 11 15 17 20 22 23 24 28 30 34 38 46 47 51 53 60 71 73 1.0
2 3 36 5 7 74 28 46 49 18 23 55 60 1.0
0 2 3 6 8 9 11 13 14 15 16 19 22 26 27 29 30 31 35 1.0
0 2 28 21 1.0
32 3 4 8 10 11 12 13 14 15 16 17 20 21 25 28 1.0
17 39 1.0
1 5 13 30 31 1.0
34 2 36 37 6 7 12 13 14 16 17 18 21 27 31 1.0
1 2 3 5 8 9 11 12 13 17 20 26 27 29 30 31 32 36 37 1.0
32 1 33 12 17 23 24 28 30 1.0
0 2 35 5 6 39 7 14 18 24 25 26 31 1.0
32 33 1 35 8 17 23 31 1.0
32 33 34 3 6 39 9 13 15 16 19 25 27 29 30 1.0
32 38 39 7 15 16 25 29 1.0
32 33 34 35 37 39 7 11 19 23 26 28 29 30 1.0
1 3 36 37 38 6 13 14 21 28 29 30 31 1.0
1 33 9 11 16 20 24 25 30 31 1.0
29 10 36 21 1.0
32 2 4 5 39 9 10 16 17 19 21 27 28 29 31 1.0
2 36 6 8 13 15 17 18 23 27 31 1.0
0 1 2 3 34 4 6 7 8 9 16 19 22 25 30 1.0
2 38 7 6 12 16 18 27 28 1.0
2 34 35 4 39 9 17 25 29 30 31 1.0
25 11 5 1.0
3 5 6 7 38 12 15 19 21 22 24 26 1.0
0 34 35 4 5 8 18 19 29 1.0
0 1 2 35 6 39 38 11 12 13 16 18 19 24 25 31 1.0
0 1 34 35 9 11 19 21 26 28 1.0
2 4 37 38 39 6 9 12 16 17 20 21 28 29 30 1.0
1 34 3 4 6 8 9 14 15 21 22 24 27 28 29 30 31 1.0
2 4 37 6 17 20 21 28 1.0
0 3 36 5 6 4 9 11 13 14 16 18 21 22 27 29 30 31 1.0
33 11 30 15 1.0
24 21 6 1.0
0 33 35 5 6 8 12 14 18 22 25 26 27 28 31 1.0
32 0 2 36 38 39 8 9 7 11 15 18 19 20 21 26 27 1.0
27 20 1.0
32 35 39 8 10 11 12 13 16 17 18 19 21 27 28 1.0
1 35 37 10 16 25 30 1.0
24 13 23 1.0
32 33 4 36 38 11 14 18 25 27 30 31 1.0
10 2 21 23 1.0
0 8 18 13 1.0
32 2 3 34 5 8 11 12 14 15 17 21 22 25 27 29 30 31 1.0
2 22 1.0
0 33 32 3 4 37 12 14 15 16 18 20 24 26 27 28 29 1.0
0 4 6 7 9 12 13 17 19 22 26 27 29 30 34 35 36 38 39 1.0
0 32 3 6 7 9 10 14 16 18 19 20 22 23 24 25 30 1.0
10 12 13 17 21 24 27 30 1.0
0 2 3 5 7 9 10 12 13 14 20 21 23 24 26 32 33 36 39 1.0
1 35 4 5 6 39 8 9 11 12 13 14 15 22 26 28 29 31 1.0
32 3 36 5 9 10 13 23 26 28 30 1.0
1 2 3 35 37 17 27 31 1.0
2 4 7 17 18 21 25 1.0
1 2 3 7 9 13 15 16 18 19 20 21 22 25 27 28 32 33 35 1.0
1 3 1.0
34 35 13 19 24 27 30 1.0
1 34 2 37 39 9 11 12 15 18 1.0
0 8 18 10 1.0
0 1 2 3 36 32 10 13 15 16 23 28 29 1.0
27 28 1.0
0 2 35 4 5 6 7 38 11 12 13 15 16 22 23 26 29 30 1.0
0 36 4 38 6 8 10 13 15 18 19 22 25 26 27 29 1.0
0 33 34 3 36 5 35 39 6 9 12 15 18 20 22 24 29 30 1.0
12 23 1.0
2 34 36 5 37 7 9 10 11 12 16 18 20 24 25 29 30 1.0
33 2 6 8 19 27 1.0
0 1 34 35 36 37 6 2 32 12 14 15 17 18 22 23 24 1.0
0 32 1 36 5 4 39 8 10 11 16 18 20 22 26 27 29 30 1.0
34 37 38 24 25 26 28 30 1.0
0 32 33 35 4 9 10 16 17 21 23 24 26 27 30 1.0
35 5 22 7 1.0
32 0 2 34 37 5 6 39 7 8 11 13 16 27 30 31 1.0
0 1 2 4 39 8 9 11 17 18 19 20 22 23 27 29 1.0
34 3 2 35 13 25 30 31 1.0
0 1 34 35 3 32 8 14 15 16 19 21 25 30 31 1.0
3 36 37 7 9 11 13 15 16 21 23 24 25 26 31 1.0
32 9 30 1.0
5 38 7 39 13 14 18 30 1.0
33 2 34 6 14 15 23 24 28 31 1.0
0 33 3 36 5 39 7 12 15 19 21 27 30 1.0
17 18 31 1.0
37 18 11 21 1.0
2 3 4 5 7 17 21 22 25 26 27 29 32 34 35 36 37 38 39 1.0
32 0 36 5 37 39 11 13 15 17 18 19 20 21 22 26 27 30 1.0
0 1 32 3 36 6 39 9 10 16 19 20 21 23 26 28 29 31 1.0
0 1 2 33 4 36 38 5 6 9 10 13 14 22 23 26 31 1.0
33 38 7 20 27 1.0
0 33 36 6 7 9 14 15 18 21 22 27 28 29 30 31 1.0
1 2 3 4 5 7 8 13 14 15 16 19 20 22 25 34 37 38 39 1.0
1 39 10 11 14 19 21 22 28 1.0
1 3 9 14 20 27 1.0
0 1 34 2 5 39 10 13 19 21 23 24 30 1.0
17 6 1.0
0 33 1 35 36 7 10 20 25 26 27 28 31 1.0
1 35 36 8 9 10 14 15 16 19 20 23 1.0
2 4 1.0
9 34 3 7 1.0
4 39 20 21 23 26 1.0
20 13 14 1.0
34 2 9 14 15 27 28 1.0
45 46 47 48 49 50 51 52 54 55 61 67 68 69 71 72 73 77 78 1.0
65 40 41 75 76 45 51 52 1.0
64 42 46 47 48 49 51 59 1.0
64 65 41 79 54 1.0
67 70 73 42 75 44 77 78 47 48 76 55 56 58 59 60 62 63 1.0
40 43 46 49 50 51 52 54 55 56 57 58 60 63 64 69 72 76 79 1.0
43 75 1.0
46 79 1.0
42 45 46 78 55 1.0
64 66 68 69 40 72 43 75 78 47 50 55 56 58 59 62 1.0
66 68 69 73 76 45 46 48 50 51 52 53 55 56 61 62 63 1.0
64 67 71 41 42 43 44 74 46 47 48 55 59 61 62 1.0
68 71 73 41 44 45 79 47 48 50 52 53 54 59 60 1.0
56 78 47 1.0
40 41 43 48 50 51 55 56 57 58 60 63 67 69 75 76 77 78 79 1.0
67 70 71 41 78 52 54 57 58 59 62 1.0
64 66 67 69 74 42 76 77 78 45 48 51 52 54 1.0
68 69 73 43 48 53 54 56 57 60 62 1.0
67 73 43 77 63 1.0
66 71 74 43 76 44 78 79 48 51 52 54 56 58 61 62 1.0
67 69 71 40 41 74 73 44 45 78 79 46 49 72 56 62 63 1.0
65 50 44 77 1.0
73 68 1.0
40 59 77 63 1.0
43 44 70 1.0
67 69 41 74 75 76 45 47 50 52 53 55 56 57 58 1.0
68 70 71 72 41 74 42 44 40 49 51 53 54 56 58 1.0
56 75 78 1.0
42 44 46 50 52 56 57 58 59 61 66 67 68 69 72 73 75 78 79 1.0
40 48 49 50 51 60 1.0
65 70 79 50 51 53 1.0
65 66 67 72 41 74 42 40 78 48 49 50 55 59 61 1.0
56 43 79 1.0
73 41 75 76 47 50 55 59 1.0
66 67 41 42 43 75 46 55 58 62 63 1.0
68 72 73 45 46 79 49 51 1.0
64 66 70 71 40 42 74 44 77 45 79 76 55 56 57 61 62 1.0
40 73 74 45 79 53 56 59 60 61 63 1.0
65 67 69 71 72 41 75 44 43 78 51 53 59 60 1.0
40 43 47 48 49 50 51 52 54 55 59 62 67 69 73 74 75 77 78 1.0
65 68 41 75 44 45 77 79 49 50 51 52 55 56 58 60 62 1.0
66 69 71 50 55 1.0
66 67 74 44 48 56 59 61 63 1.0
64 66 73 76 78 48 52 54 59 60 61 62 1.0
64 65 69 72 74 75 77 78 47 50 55 57 59 1.0
69 41 42 43 73 77 78 76 49 51 52 55 57 62 1.0
42 43 78 47 48 51 52 55 57 59 62 1.0
71 40 77 46 49 61 62 1.0
64 65 66 69 71 75 61 1.0
66 69 72 42 43 77 46 47 48 79 56 57 58 60 61 62 63 1.0
64 66 69 42 77 47 53 55 57 1.0
66 67 73 42 75 76 41 46 49 51 54 56 59 61 1.0
65 66 73 43 45 77 48 50 52 57 59 61 63 1.0
40 42 47 48 50 52 54 55 56 57 60 61 64 67 68 69 72 75 79 1.0
64 66 69 40 46 79 48 51 55 56 60 63 1.0
66 75 76 45 79 53 55 58 63 1.0
40 72 76 46 47 54 59 63 1.0
64 68 69 70 77 78 52 53 56 58 61 1.0
59 44 1.0
73 43 76 45 51 54 1.0
69 46 49 53 56 57 59 62 1.0
69 70 71 72 77 78 79 48 50 51 55 58 60 61 1.0
64 65 67 72 75 43 47 48 52 53 59 1.0
68 71 74 42 44 77 48 62 1.0
64 68 70 74 75 44 45 49 51 54 58 61 62 63 1.0
65 66 74 42 53 58 1.0
74 70 1.0
66 75 44 46 79 48 52 1.0
68 72 49 51 53 61 1.0
73 49 45 1.0
40 42 46 49 50 51 52 53 56 57 60 62 63 70 73 74 75 76 79 1.0
67 72 74 75 50 52 56 1.0
67 70 71 72 76 45 78 46 47 44 50 51 52 53 61 62 1.0
64 70 71 40 41 76 77 46 47 48 54 61 1.0
40 45 46 47 49 50 51 52 61 62 64 68 70 71 72 74 76 77 79 1.0
68 70 42 47 79 49 51 60 1.0
66 73 42 45 78 79 49 53 54 58 60 61 1.0
51 42 43 52 1.0
65 66 40 42 43 44 78 47 48 50 55 56 62 63 1.0
64 66 67 69 42 78 56 57 62 1.0
56 41 76 1.0
69 70 72 74 43 77 46 78 45 48 50 56 57 1.0
43 77 46 78 48 50 53 57 1.0
66 70 40 43 46 49 51 53 57 58 61 1.0
71 44 49 50 51 57 60 1.0
40 76 48 52 57 60 61 1.0
48 74 61 63 1.0
40 52 53 1.0
65 68 44 45 79 48 58 1.0
65 61 1.0
73 57 58 50 1.0
73 63 1.0
72 73 48 52 55 1.0
64 68 69 70 72 73 42 41 75 45 49 56 59 60 61 62 1.0
64 68 73 74 75 44 47 49 51 54 56 59 60 61 1.0
64 66 69 71 40 53 59 1.0
69 70 72 41 42 75 45 50 51 52 54 56 57 58 60 1.0
67 71 44 77 76 58 1.0
65 69 41 76 77 46 78 79 44 50 45 56 58 62 1.0
72 41 53 1.0
70 71 40 41 74 72 44 73 46 79 56 57 58 62 63 1.0
67 68 69 70 71 40 45 47 58 1.0
64 66 71 40 43 76 44 79 50 51 58 59 1.0
66 67 70 40 42 45 79 52 55 57 59 60 61 1.0
74 61 1.0
66 67 71 73 75 43 46 49 50 51 52 55 56 58 60 61 1.0
