97 164 170 89 283 1.0
128 268 273 209 19 90 124 255 1.0
160 196 231 169 201 143 176 178 211 181 277 246 25 90 155 93 222 1.0
289 34 266 203 77 206 142 52 149 218 191 1.0
1 130 291 226 100 122 295 299 268 139 142 175 240 19 150 186 92 125 1.0
96 66 99 264 44 141 174 15 81 156 85 280 57 28 1.0
162 18 1.0
160 8 72 237 111 82 243 244 253 125 223 1.0
35 83 119 250 59 253 1.0
68 103 167 45 87 215 59 61 1.0
257 67 74 267 139 271 176 17 47 21 150 215 155 28 93 63 1.0
245 153 277 70 1.0
162 98 263 71 266 107 11 240 119 117 54 86 220 61 254 1.0
103 271 55 1.0
193 195 293 294 218 184 153 282 251 93 1.0
231 267 268 240 179 279 281 27 1.0
97 290 255 234 10 213 214 278 25 286 95 1.0
295 74 13 45 239 79 80 113 148 21 117 24 251 286 95 1.0
32 225 258 35 170 43 236 12 210 85 118 245 154 158 1.0
16 32 268 125 1.0
67 35 165 230 102 264 9 74 236 44 270 142 17 52 25 58 27 255 1.0
3 196 195 42 205 142 14 82 84 52 120 57 122 156 221 31 1.0
289 98 68 292 136 107 17 178 50 53 54 285 191 1.0
132 108 143 112 123 253 159 1.0
193 259 202 140 272 17 82 241 189 116 214 87 120 284 221 287 1.0
128 65 129 69 297 137 11 108 173 76 17 114 182 156 158 1.0
200 78 177 18 274 83 21 118 26 1.0
162 259 204 205 116 62 223 1.0
153 32 289 33 295 42 52 61 69 219 224 99 107 236 115 117 120 252 126 127 1.0
121 1 195 44 150 22 281 1.0
259 68 297 139 140 145 276 125 88 218 123 285 1.0
96 2 291 68 166 104 10 43 178 275 24 1.0
193 289 195 165 293 71 135 6 170 13 242 275 220 94 255 1.0
130 259 168 138 239 148 254 1.0
129 132 138 25 26 27 28 163 295 173 77 89 219 224 234 109 237 113 115 1.0
105 116 262 1.0
132 6 269 15 17 274 33 170 198 80 208 91 92 222 94 95 237 115 123 1.0
257 292 69 6 232 75 171 299 46 143 211 23 92 125 286 1.0
97 230 134 171 92 220 153 252 29 127 1.0
24 83 171 55 1.0
137 20 149 153 283 286 35 295 43 52 181 54 187 221 94 103 232 250 251 1.0
160 170 77 110 245 53 1.0
283 143 1.0
256 258 3 260 137 10 12 269 280 293 299 174 182 199 202 84 87 104 110 1.0
195 229 73 44 178 146 117 120 190 287 1.0
5 293 230 11 204 108 110 15 49 180 23 253 1.0
120 116 208 1.0
96 225 69 198 199 268 269 16 211 53 281 92 125 63 1.0
288 34 67 165 237 111 207 143 179 118 221 222 1.0
96 288 2 68 293 70 39 10 11 12 237 79 178 148 1.0
26 36 39 105 140 178 277 23 186 126 1.0
163 4 206 15 14 116 186 126 287 1.0
134 110 60 284 158 1.0
128 289 2 194 45 269 111 141 91 1.0
258 7 137 270 208 16 150 54 182 62 1.0
224 89 98 164 230 42 13 207 81 146 246 278 280 217 157 95 1.0
198 40 297 298 144 274 85 56 281 91 1.0
133 9 148 279 290 165 295 168 299 186 194 69 76 206 85 224 100 110 251 124 1.0
224 130 231 201 43 204 44 14 207 281 250 59 92 189 30 1.0
33 295 11 79 175 251 59 60 254 1.0
161 34 226 260 164 6 264 138 107 13 141 142 115 116 89 26 254 1.0
256 129 66 229 71 265 298 41 12 238 206 114 116 122 93 1.0
164 39 137 236 87 28 221 190 286 1.0
192 163 131 200 73 171 12 13 115 220 1.0
217 261 103 206 209 55 249 1.0
33 130 36 102 176 181 278 247 281 31 157 287 1.0
3 264 19 26 284 157 286 31 290 164 44 53 189 67 199 83 98 109 120 1.0
0 163 5 71 265 202 170 113 250 95 1.0
194 38 17 53 86 250 1.0
96 97 34 98 161 233 170 176 113 18 19 115 217 29 1.0
261 294 232 271 86 248 94 1.0
3 132 264 233 46 239 272 238 274 249 125 190 1.0
164 166 154 298 12 16 81 242 275 148 85 182 88 217 218 188 159 1.0
160 164 199 266 177 146 145 213 150 254 122 27 62 159 1.0
70 232 105 15 175 248 24 1.0
161 289 227 4 292 173 141 207 16 238 211 20 275 253 285 63 1.0
209 138 5 85 1.0
65 145 161 277 1.0
130 195 197 168 105 235 143 239 53 214 54 248 182 30 1.0
96 161 66 5 294 167 264 265 200 80 273 279 120 155 1.0
288 130 132 5 298 75 139 209 274 244 120 153 155 220 1.0
224 259 262 235 110 175 208 113 209 147 54 254 1.0
0 225 128 58 69 71 141 22 26 191 1.0
248 32 280 41 298 106 140 206 252 284 54 184 123 92 1.0
288 290 130 36 200 170 207 16 241 271 82 184 90 283 286 255 1.0
184 57 38 1.0
0 255 196 102 263 10 76 45 269 143 241 147 179 182 63 31 1.0
272 267 11 239 1.0
262 7 6 269 15 273 281 28 290 291 164 166 296 58 71 76 81 106 117 1.0
57 66 182 1.0
1 244 93 271 1.0
66 98 5 110 239 1.0
0 130 35 260 131 68 103 168 201 265 70 44 269 205 273 146 190 223 1.0
135 59 171 142 251 207 148 24 91 63 222 255 1.0
194 155 271 145 212 283 1.0
99 172 236 44 14 177 275 26 1.0
258 67 261 263 232 218 78 16 282 61 63 1.0
256 160 228 135 103 203 139 47 62 118 119 248 22 187 284 286 255 1.0
160 129 7 13 15 91 1.0
180 39 1.0
160 161 97 133 5 262 9 10 74 204 208 145 82 119 120 61 287 1.0
260 132 6 29 159 162 34 294 186 59 62 190 198 85 87 90 242 116 248 1.0
295 81 25 124 63 1.0
64 162 132 197 70 169 211 182 90 1.0
2 231 1.0
290 131 132 71 43 270 174 208 49 14 180 88 1.0
2 101 71 297 74 107 169 173 15 111 17 52 56 57 90 126 223 1.0
68 41 155 206 84 55 88 91 221 62 1.0
12 268 147 280 282 155 28 165 39 298 62 203 211 88 92 221 99 104 238 1.0
64 197 5 229 77 238 180 20 22 118 156 61 1.0
32 256 290 227 132 70 230 297 234 203 75 46 277 54 23 26 155 1.0
160 96 196 164 6 263 8 101 45 174 251 19 214 23 88 283 28 1.0
274 267 50 1.0
240 193 14 255 1.0
288 177 50 55 1.0
122 39 218 220 157 287 1.0
35 37 206 278 190 1.0
263 13 272 282 156 28 159 287 290 36 165 172 188 71 76 204 94 223 110 1.0
32 128 226 255 67 4 35 232 264 10 299 147 220 277 213 284 156 191 1.0
5 134 136 276 20 148 26 159 170 175 53 200 76 84 88 221 227 107 108 241 1.0
256 299 16 209 24 1.0
96 66 132 5 6 102 43 77 110 47 124 179 276 118 248 122 88 220 1.0
192 3 67 230 281 104 232 172 241 83 275 249 123 60 1.0
194 229 293 76 49 18 89 1.0
0 227 100 197 198 6 294 295 202 268 269 190 18 280 219 188 30 223 1.0
232 154 82 269 1.0
68 58 6 231 8 109 271 241 18 220 248 185 282 252 222 1.0
96 289 260 103 72 270 238 144 273 146 55 223 1.0
233 130 83 1.0
33 35 69 38 233 138 141 206 111 16 24 152 1.0
160 97 227 99 293 102 39 38 169 266 234 236 237 273 275 286 1.0
0 70 85 56 155 1.0
71 232 201 41 11 172 170 241 274 51 146 63 1.0
226 99 68 36 102 260 105 268 240 21 251 156 223 1.0
192 256 2 153 32 230 199 41 73 204 18 211 87 217 123 287 1.0
224 194 101 230 231 296 39 136 11 204 241 147 148 115 55 58 253 287 1.0
138 74 267 45 142 178 84 254 184 190 1.0
291 46 242 89 122 1.0
3 136 137 11 171 13 46 49 50 179 148 244 25 186 1.0
129 98 291 196 261 294 70 169 266 110 240 183 152 121 187 279 29 1.0
32 33 96 36 72 169 106 171 8 42 79 146 83 26 158 1.0
32 259 134 232 201 202 75 140 234 174 239 15 214 87 286 1.0
169 18 290 1.0
224 163 101 5 103 9 15 79 49 18 117 23 186 61 1.0
97 161 197 7 264 137 206 78 176 21 85 247 280 284 158 1.0
257 165 106 42 204 268 81 83 58 252 1.0
159 248 229 199 202 234 269 242 280 217 24 63 1.0
293 269 178 147 117 158 223 1.0
159 227 234 237 45 47 208 18 147 21 123 92 94 127 1.0
96 225 34 197 265 172 111 208 49 278 280 153 285 95 1.0
288 289 132 230 199 136 14 272 177 243 275 55 155 1.0
160 230 267 81 21 154 126 1.0
194 163 99 37 102 204 175 251 241 275 20 182 153 90 155 253 1.0
128 258 67 281 109 79 52 24 249 283 190 189 126 1.0
1 290 99 163 135 136 41 109 48 210 18 23 180 276 151 25 221 63 1.0
161 226 166 71 8 42 43 10 205 170 79 16 108 52 278 250 31 1.0
195 99 197 4 168 201 140 205 271 16 113 51 83 277 24 152 184 216 1.0
4 264 145 159 38 167 296 54 55 60 189 70 212 90 222 99 235 236 240 1.0
66 270 151 59 62 159 1.0
164 15 48 47 24 28 1.0
96 32 162 163 101 134 105 234 204 78 117 55 279 156 189 1.0
289 169 201 140 205 270 81 18 212 276 1.0
101 91 266 172 214 184 185 283 221 1.0
34 72 42 238 207 49 209 214 24 1.0
9 205 272 273 55 247 184 56 255 1.0
2 197 1.0
184 153 135 1.0
229 263 295 41 266 299 106 18 115 244 54 87 152 1.0
129 258 37 198 295 104 140 239 240 81 21 249 222 1.0
132 293 262 199 200 41 232 43 296 269 174 55 185 219 156 190 1.0
96 289 162 3 260 128 262 81 50 56 186 1.0
134 201 115 277 54 55 216 218 158 1.0
128 105 81 211 247 24 26 30 159 1.0
256 129 160 296 46 16 18 90 92 159 1.0
161 132 9 171 211 90 284 1.0
292 7 1.0
1 35 68 259 38 198 298 42 140 20 86 279 151 215 156 95 1.0
96 290 226 103 7 106 11 212 156 1.0
100 74 108 237 272 61 1.0
194 155 29 207 1.0
33 100 68 6 71 172 80 275 254 282 190 1.0
256 131 164 195 102 6 296 69 111 22 216 185 250 1.0
137 268 174 273 212 278 1.0
24 105 60 182 1.0
11 141 142 276 151 295 51 54 60 62 203 78 214 88 98 234 107 250 122 1.0
33 263 247 73 175 244 54 215 121 126 123 158 1.0
81 68 174 292 1.0
158 122 219 30 1.0
262 134 199 45 253 255 1.0
100 197 295 74 11 176 145 244 186 1.0
161 99 90 40 78 14 248 282 219 253 1.0
259 195 133 166 108 45 14 49 1.0
257 132 293 296 104 270 210 83 213 188 1.0
194 291 68 133 39 8 41 233 268 44 239 50 211 23 280 24 216 1.0
33 68 36 204 89 189 1.0
102 110 142 176 249 157 254 191 1.0
51 243 1.0
227 100 296 139 181 87 91 1.0
291 197 230 203 176 283 48 23 180 87 121 59 1.0
66 27 229 38 1.0
192 164 105 171 242 51 213 246 1.0
0 138 11 141 272 289 168 186 189 64 77 211 222 101 110 111 114 115 117 120 1.0
3 4 228 74 91 269 270 274 147 211 180 213 23 55 27 94 1.0
68 229 133 297 73 171 77 14 173 79 125 252 253 286 1.0
33 194 226 36 229 298 139 205 82 53 56 221 1.0
292 107 110 51 275 1.0
248 290 35 263 140 45 80 177 50 243 275 145 214 52 24 217 123 60 1.0
105 261 46 121 1.0
129 33 227 164 162 38 199 198 201 133 35 105 112 122 156 125 126 1.0
3 132 230 71 294 205 272 211 151 91 254 223 1.0
289 259 133 46 47 175 147 20 252 88 188 222 63 1.0
225 194 67 195 249 167 104 76 237 140 207 210 150 89 60 1.0
65 130 68 39 78 15 49 241 115 21 54 23 182 221 250 188 189 1.0
128 97 34 163 101 75 50 83 214 150 1.0
264 265 250 145 244 122 1.0
65 34 261 10 235 272 176 177 244 85 157 1.0
288 289 257 10 145 61 1.0
291 69 170 18 215 251 254 1.0
146 23 151 157 286 35 169 181 65 66 201 202 77 216 222 232 106 122 124 126 1.0
262 77 78 111 48 182 56 1.0
163 228 166 294 232 108 13 87 23 56 154 187 92 1.0
3 4 132 233 42 299 219 80 81 17 251 60 61 1.0
128 224 129 131 4 263 299 109 238 110 176 83 115 21 86 218 94 1.0
258 260 166 8 107 208 274 20 280 282 158 184 1.0
97 260 200 142 275 20 1.0
96 137 79 175 272 88 1.0
224 192 159 66 260 72 238 207 272 246 60 95 1.0
131 6 271 150 154 29 159 165 41 61 62 67 209 82 99 229 236 110 238 127 1.0
98 230 6 166 218 74 86 58 156 1.0
96 257 291 196 197 200 41 74 176 188 115 182 22 24 214 247 92 57 1.0
289 201 107 12 299 238 79 174 209 242 212 21 280 185 28 1.0
2 260 9 273 18 31 32 161 290 164 294 38 44 60 196 213 93 102 118 121 1.0
33 3 39 264 202 12 241 49 115 178 21 54 214 157 1.0
288 237 113 49 28 125 1.0
11 15 144 24 33 295 42 299 173 182 185 60 72 73 75 203 214 217 112 1.0
98 71 74 203 76 140 113 211 21 246 285 91 156 253 1.0
194 163 292 134 105 75 141 14 80 177 23 278 151 62 31 190 286 1.0
160 258 199 104 200 268 77 28 271 244 245 182 87 85 215 92 1.0
1 259 249 40 270 209 148 217 62 1.0
288 224 35 107 235 109 79 18 211 281 1.0
1 264 10 107 108 47 81 21 278 184 26 158 190 223 1.0
163 133 6 72 105 137 171 151 216 123 156 29 31 1.0
262 40 9 139 172 239 48 207 54 218 255 1.0
4 37 69 71 108 172 78 173 272 112 50 174 178 157 62 59 253 254 1.0
1 263 264 143 147 285 31 38 176 188 68 72 73 203 88 93 106 112 244 1.0
130 163 133 69 186 169 143 273 117 245 87 253 90 29 1.0
101 293 269 49 273 177 212 254 1.0
288 101 5 71 268 113 178 252 149 216 57 219 188 255 1.0
139 171 158 1.0
121 2 258 100 294 103 169 45 206 175 17 152 183 248 57 122 285 286 1.0
1 2 131 10 13 148 22 29 36 42 48 58 66 75 86 113 114 115 116 1.0
96 0 2 67 5 38 134 42 108 141 109 17 51 19 62 126 30 1.0
0 35 134 106 107 139 147 116 119 61 62 1.0
16 33 131 116 1.0
100 4 38 41 106 45 141 18 59 60 1.0
137 74 10 12 109 108 78 145 82 115 20 29 31 1.0
32 97 47 89 90 60 1.0
34 4 74 75 46 14 50 51 147 53 54 57 58 29 94 1.0
130 131 90 38 39 10 75 15 24 122 1.0
65 134 6 103 9 106 105 75 14 51 148 149 25 93 1.0
10 12 141 143 147 20 39 50 62 64 66 74 87 90 93 94 118 120 123 1.0
0 1 97 128 4 69 39 41 75 143 80 49 82 149 57 91 126 1.0
98 66 69 136 8 79 52 87 55 24 126 127 62 31 1.0
65 4 6 109 48 82 51 119 21 22 117 27 1.0
100 73 74 111 146 83 52 56 28 62 1.0
96 99 67 36 7 74 83 117 149 119 59 29 95 1.0
0 97 102 135 9 74 45 19 116 24 88 1.0
96 97 64 35 103 139 12 76 11 111 49 149 86 122 1.0
132 100 7 72 10 109 14 79 19 51 149 91 61 31 1.0
0 2 131 130 12 145 26 37 42 50 51 52 58 77 93 100 104 111 117 1.0
96 76 50 54 125 1.0
67 35 7 77 112 51 118 56 58 63 1.0
130 135 9 10 142 21 32 33 40 47 52 55 71 72 90 96 108 119 120 1.0
91 27 55 1.0
128 0 137 109 46 80 62 1.0
141 79 71 1.0
8 138 145 19 56 120 1.0
96 65 88 122 61 94 1.0
37 134 52 125 94 127 1.0
68 70 43 13 54 56 121 30 1.0
62 142 1.0
48 17 1.0
66 104 9 44 82 24 92 126 1.0
132 41 75 76 49 115 51 55 88 24 91 1.0
128 71 39 14 143 79 19 1.0
75 44 147 22 88 89 1.0
72 141 1.0
132 101 102 70 39 71 103 8 140 76 69 49 92 1.0
129 133 135 17 145 147 24 26 35 51 61 66 79 85 94 100 103 110 112 1.0
1 72 8 113 82 148 117 86 62 1.0
34 36 55 1.0
96 0 128 4 133 42 47 124 81 114 147 20 85 22 119 92 94 1.0
81 53 102 1.0
131 109 115 148 52 61 1.0
65 4 133 6 136 73 109 51 84 21 54 91 1.0
98 3 39 73 141 49 146 115 89 124 1.0
96 32 34 135 114 92 30 1.0
64 121 130 34 69 71 139 11 109 143 79 81 115 86 25 122 123 1.0
66 100 7 136 40 44 45 110 17 81 25 26 1.0
130 3 4 135 9 11 140 143 16 145 82 19 116 81 22 91 28 95 1.0
99 67 35 38 105 80 49 113 52 149 56 93 62 1.0
131 69 46 91 62 95 1.0
137 131 149 71 1.0
134 9 138 10 12 141 11 143 16 54 58 81 84 87 96 106 108 115 119 1.0
0 2 69 38 7 104 5 138 107 140 127 85 124 31 1.0
17 62 1.0
69 5 71 42 107 143 53 149 121 27 1.0
0 85 149 1.0
136 40 10 139 76 46 143 116 21 85 149 86 52 123 61 1.0
67 70 41 42 107 123 143 48 145 17 111 22 87 90 91 29 1.0
33 27 13 94 1.0
96 5 72 9 107 77 112 84 31 94 127 1.0
96 70 38 110 113 114 20 94 122 62 1.0
121 8 77 78 52 148 88 25 26 1.0
32 100 107 16 80 81 82 112 148 87 25 90 27 30 1.0
33 5 118 1.0
65 99 36 68 108 44 145 118 28 95 1.0
128 33 38 6 136 71 45 48 1.0
32 96 3 67 133 9 12 20 22 87 28 1.0
34 67 100 102 70 104 6 137 7 114 19 52 83 118 59 1.0
2 102 71 136 7 108 1.0
130 67 35 121 90 123 127 1.0
112 149 1.0
38 9 106 41 141 16 18 84 20 52 55 1.0
98 69 8 12 50 24 56 1.0
101 6 41 10 90 61 1.0
49 83 13 143 1.0
38 7 140 45 110 80 22 55 29 62 1.0
65 98 79 148 90 1.0
65 59 1.0
3 70 103 6 71 12 109 18 115 82 117 54 118 121 92 1.0
65 102 10 75 43 18 114 1.0
48 88 7 47 1.0
65 2 68 40 9 12 109 78 114 82 84 87 56 121 58 29 1.0
124 39 1.0
34 135 45 115 116 91 92 63 1.0
148 87 1.0
32 33 6 9 110 14 124 147 20 88 57 59 28 29 1.0
0 104 72 138 75 143 114 146 116 84 88 1.0
89 129 64 67 131 71 78 92 144 19 57 124 1.0
131 132 69 135 104 137 138 139 140 78 15 24 57 26 1.0
68 71 40 41 138 75 13 51 55 30 94 63 1.0
96 33 39 136 9 74 14 17 82 86 24 31 1.0
64 106 68 1.0
96 68 144 113 86 56 1.0
65 33 4 5 8 137 42 12 76 45 113 18 19 84 117 118 23 120 1.0
34 3 104 73 11 13 46 48 112 18 144 56 121 1.0
66 36 71 136 103 106 104 13 79 84 149 116 55 89 60 1.0
129 5 134 70 9 140 86 89 62 1.0
59 83 99 14 1.0
0 99 131 8 19 20 53 56 90 92 95 1.0
102 108 141 110 48 145 116 22 119 26 1.0
0 96 99 136 53 1.0
0 37 72 40 139 28 51 93 55 22 118 24 25 58 120 61 31 1.0
130 135 143 18 94 1.0
136 8 10 11 142 145 18 33 52 53 54 72 76 78 90 92 93 99 100 1.0
97 67 68 105 110 118 119 121 31 1.0
37 27 43 109 146 83 20 53 19 147 84 126 91 62 1.0
129 34 35 37 142 49 147 54 119 58 124 94 1.0
103 9 107 43 109 78 79 48 82 84 53 23 89 62 57 1.0
129 4 133 137 139 142 24 32 45 46 57 66 68 69 79 81 117 121 126 1.0
36 37 138 43 144 114 83 85 54 56 123 1.0
99 3 69 103 40 41 138 80 113 147 56 89 58 31 93 62 127 1.0
41 109 142 143 144 111 84 87 120 121 126 1.0
65 8 137 75 13 110 78 124 94 95 1.0
64 6 70 10 108 77 79 17 81 114 84 117 123 30 1.0
130 38 74 76 143 146 147 117 26 91 94 31 1.0
115 85 56 123 31 1.0
129 4 101 7 8 137 107 45 109 15 112 81 114 117 118 149 56 31 1.0
3 69 101 72 42 78 79 19 95 1.0
101 7 9 44 77 109 79 80 15 114 146 108 22 31 1.0
112 1 98 60 1.0
34 43 149 118 1.0
130 34 70 104 44 109 45 143 113 95 93 23 60 125 94 31 1.0
32 33 4 134 140 143 113 52 87 120 92 1.0
128 66 9 77 47 20 1.0
131 102 9 75 45 78 47 117 86 122 93 1.0
65 2 67 36 66 103 43 13 47 145 19 85 54 89 28 1.0
2 131 132 38 74 10 14 112 149 118 85 56 53 90 1.0
18 116 63 1.0
0 64 98 68 37 103 107 75 77 142 15 145 82 51 58 91 95 1.0
2 3 102 39 8 9 138 74 44 143 63 27 61 62 127 1.0
47 80 49 116 25 1.0
64 66 68 6 38 41 74 43 139 42 112 114 53 118 59 95 1.0
130 131 70 138 108 109 142 114 147 87 124 125 1.0
102 87 1.0
0 6 137 75 44 50 57 30 1.0
32 65 97 40 73 42 75 77 112 82 50 119 127 1.0
9 10 59 1.0
69 41 141 46 77 147 117 123 1.0
5 136 138 107 141 47 112 18 21 54 1.0
0 130 131 58 37 69 135 36 105 10 145 49 82 86 120 24 56 1.0
98 38 138 12 149 1.0
2 5 70 135 38 43 78 144 92 61 1.0
132 36 135 8 103 74 106 44 139 115 85 1.0
124 12 54 1.0
109 111 80 81 145 149 55 120 91 61 1.0
65 99 23 21 86 22 24 62 92 126 1.0
7 136 9 71 88 63 1.0
128 2 13 14 15 17 25 27 31 59 70 76 85 93 98 99 109 112 113 1.0
72 90 110 95 1.0
129 33 38 9 107 43 84 52 23 1.0
131 99 69 5 126 41 12 142 79 15 51 118 56 25 58 60 94 1.0
92 117 1.0
73 142 1.0
96 97 65 133 104 41 8 107 49 115 22 125 1.0
131 101 70 106 108 46 48 18 147 52 58 94 1.0
10 47 1.0
36 69 133 134 16 21 23 1.0
128 135 115 52 55 1.0
0 99 68 134 71 63 1.0
65 106 132 47 1.0
1 135 40 138 11 42 45 109 15 76 50 51 22 88 29 63 1.0
36 103 79 19 125 149 24 122 88 124 93 1.0
129 66 9 11 140 108 78 111 83 52 85 55 57 27 92 62 1.0
0 3 132 10 12 143 144 25 27 33 46 47 59 80 116 118 124 125 126 1.0
64 97 32 35 37 135 40 44 77 79 48 143 47 29 88 124 125 1.0
109 14 16 115 59 1.0
64 67 68 100 7 138 107 44 48 145 18 51 116 21 17 60 127 1.0
36 133 136 105 110 148 117 55 120 56 29 1.0
65 130 104 106 43 139 147 117 1.0
66 99 36 69 101 103 133 134 38 43 42 139 76 18 20 84 95 1.0
56 37 104 143 115 88 121 58 62 1.0
134 136 40 77 81 17 115 91 28 95 1.0
97 65 134 102 41 74 12 77 14 79 47 81 50 55 119 90 27 95 1.0
44 125 1.0
32 2 133 101 134 72 74 45 15 80 53 89 59 28 29 57 1.0
128 3 132 31 32 36 43 45 53 56 60 63 70 72 76 89 91 92 126 1.0
67 49 146 20 55 1.0
65 69 7 8 12 78 79 48 123 1.0
129 101 70 140 142 78 30 1.0
8 3 124 1.0
32 33 2 104 106 139 42 49 60 1.0
69 8 73 104 47 1.0
129 131 35 36 17 115 28 61 1.0
32 3 67 101 37 134 12 14 110 115 149 88 24 1.0
128 129 1 101 74 139 77 15 52 26 124 1.0
129 35 5 38 9 73 75 76 13 113 146 51 52 57 125 31 1.0
37 70 40 42 145 84 55 89 122 28 62 57 1.0
81 120 90 126 31 1.0
27 45 110 1.0
98 35 37 136 45 51 116 85 148 55 24 121 56 1.0
64 44 49 22 57 26 1.0
66 4 134 71 72 73 146 20 119 57 123 95 1.0
133 79 112 58 126 95 1.0
0 36 6 40 76 108 143 79 81 17 86 119 29 1.0
3 131 37 6 108 79 111 17 145 115 84 94 1.0
133 40 8 140 80 82 148 53 55 24 89 27 1.0
0 129 100 134 7 74 142 111 82 86 24 126 1.0
98 100 38 105 77 53 56 124 1.0
65 131 73 81 115 83 85 120 1.0
34 35 100 7 135 8 138 107 12 142 79 111 145 146 22 118 91 31 1.0
32 33 101 102 104 108 111 147 84 121 123 1.0
128 131 68 6 9 139 108 43 13 111 16 145 18 114 82 123 60 1.0
65 2 98 35 36 130 7 42 110 46 16 15 90 92 126 1.0
96 65 46 119 27 1.0
32 35 7 8 11 140 13 78 79 48 15 17 149 53 119 56 27 60 1.0
64 104 145 18 83 56 90 60 126 95 1.0
65 134 27 14 114 61 52 53 93 84 25 91 29 62 1.0
96 98 35 130 69 103 10 110 47 144 149 55 1.0
103 105 42 75 140 143 127 1.0
66 118 87 1.0
33 34 65 68 1 99 103 72 75 108 143 16 90 59 1.0
134 136 11 44 110 83 149 25 1.0
96 68 100 134 103 17 50 84 24 59 92 29 95 1.0
82 12 1.0
36 101 6 70 135 43 141 109 13 81 19 116 52 22 88 28 126 1.0
34 39 8 73 42 107 77 111 49 148 52 89 26 1.0
25 119 1.0
40 11 38 1.0
20 92 133 110 1.0
96 34 133 7 148 1.0
99 38 103 9 105 78 144 18 120 1.0
71 73 140 121 26 1.0
97 2 103 110 116 24 1.0
97 99 68 72 81 54 25 1.0
36 133 106 16 56 24 1.0
0 2 6 135 136 9 12 142 15 25 30 32 45 63 69 81 106 110 117 1.0
64 99 133 40 42 12 144 113 17 83 115 149 146 23 18 28 94 31 1.0
3 75 110 17 115 85 22 149 88 1.0
0 1 134 7 143 18 20 28 35 60 67 70 74 85 109 112 117 118 123 1.0
65 97 7 105 107 12 140 143 144 21 59 95 1.0
2 35 37 101 69 102 45 79 80 148 85 22 120 124 61 1.0
70 71 72 116 91 1.0
136 137 17 81 56 1.0
2 99 67 146 51 147 1.0
98 3 35 72 17 50 113 116 115 62 94 28 30 1.0
128 33 3 135 44 79 113 20 21 125 23 56 123 127 29 63 1.0
130 131 6 134 10 141 142 20 34 38 65 69 71 72 73 84 110 113 117 1.0
56 46 1.0
1 7 73 140 113 82 93 31 1.0
97 66 69 134 73 74 107 79 90 61 126 31 1.0
131 68 4 42 141 80 82 50 115 19 86 88 1.0
3 135 7 10 141 145 33 38 52 53 55 69 77 83 91 105 109 113 114 1.0
89 1 34 38 6 105 139 44 145 115 53 87 25 1.0
25 133 134 31 1.0
65 35 101 134 41 43 76 111 50 115 61 117 54 148 85 86 93 126 1.0
1 73 41 12 110 16 81 54 24 1.0
128 131 4 68 134 102 105 109 78 80 48 83 52 149 55 91 28 125 1.0
0 131 105 138 77 14 16 149 21 89 126 123 124 30 57 1.0
100 133 105 91 11 140 109 92 114 115 149 122 123 127 95 1.0
65 131 134 136 12 60 119 56 25 90 123 92 61 30 1.0
2 6 7 140 15 146 149 26 32 51 56 58 80 90 96 97 100 105 118 1.0
96 65 129 67 33 2 99 105 107 110 14 46 84 22 62 26 88 30 1.0
129 130 136 43 44 45 108 15 92 124 19 88 121 26 28 93 1.0
98 3 100 107 144 82 149 55 23 1.0
38 137 73 85 117 119 25 126 1.0
100 38 80 52 62 1.0
132 7 104 79 15 81 55 121 90 1.0
0 1 6 102 76 13 109 144 19 53 149 55 24 94 1.0
131 67 133 90 135 7 144 145 113 26 27 124 1.0
66 68 75 44 142 113 18 19 81 86 22 26 123 92 125 1.0
134 41 11 14 17 55 24 29 1.0
35 70 8 9 42 77 18 52 55 92 95 1.0
128 35 103 74 140 78 79 23 53 119 87 121 91 62 31 1.0
50 14 135 1.0
121 30 1.0
38 7 136 134 113 82 23 88 121 1.0
1 98 4 71 74 120 88 30 1.0
89 10 77 54 1.0
3 7 8 138 143 144 16 34 37 39 41 45 58 67 75 80 92 94 124 1.0
0 34 149 55 122 1.0
131 136 10 108 144 17 80 87 121 1.0
35 48 51 148 54 87 90 1.0
88 33 94 1.0
89 26 105 109 46 18 51 121 122 91 92 1.0
96 98 67 36 59 41 137 45 15 24 89 123 92 1.0
97 1 6 7 8 41 139 76 17 145 23 118 55 1.0
32 132 37 5 76 111 145 149 117 85 57 93 127 1.0
24 14 1.0
32 129 2 38 73 105 11 45 49 146 83 116 51 86 120 121 95 1.0
33 35 132 69 134 71 74 141 79 48 86 1.0
128 129 89 97 69 74 42 44 45 13 14 49 53 121 94 95 1.0
0 98 9 74 144 89 1.0
68 101 10 138 106 77 14 144 50 19 85 118 59 1.0
2 69 134 41 141 80 49 83 52 23 147 87 92 1.0
148 135 1.0
121 58 102 139 141 45 79 80 113 19 117 23 56 57 26 120 1.0
98 58 39 43 108 12 85 22 122 28 1.0
1 84 143 1.0
98 40 107 48 121 58 1.0
0 1 8 10 142 26 30 36 40 45 61 87 89 90 93 106 108 111 119 1.0
96 66 5 39 77 143 81 50 145 91 62 1.0
66 34 5 38 73 105 76 15 113 82 86 123 125 1.0
33 140 141 48 59 1.0
1 97 3 102 73 108 142 143 84 53 24 25 26 123 120 93 1.0
32 136 78 58 123 1.0
131 99 35 71 39 104 138 108 76 142 81 146 21 86 58 1.0
70 135 105 42 79 51 83 88 1.0
133 14 25 29 36 38 42 50 59 60 83 86 89 97 98 99 109 119 127 1.0
96 97 130 3 4 5 34 39 132 136 106 75 110 81 116 54 91 1.0
2 5 102 135 104 12 77 14 113 149 90 92 93 63 1.0
96 33 35 70 40 137 143 31 1.0
111 143 1.0
128 0 66 97 70 104 105 106 8 11 114 147 146 52 86 59 1.0
4 37 49 55 89 63 1.0
64 129 4 36 76 78 142 48 18 147 146 117 23 60 93 1.0
36 37 104 16 114 19 57 27 1.0
32 96 2 131 68 72 9 27 75 44 81 17 51 117 120 59 1.0
2 6 7 139 12 142 144 17 22 28 51 54 65 75 84 91 105 109 125 1.0
33 138 50 122 62 1.0
6 8 45 143 28 1.0
38 40 8 106 107 12 110 145 83 26 125 63 1.0
129 131 37 136 105 106 127 1.0
35 68 14 110 80 56 30 1.0
139 76 60 135 1.0
97 35 133 135 103 75 13 111 48 114 18 148 84 56 57 26 124 62 1.0
129 71 11 76 30 1.0
37 6 71 90 104 44 77 112 145 16 51 22 87 122 94 1.0
2 3 4 133 76 142 16 81 89 58 60 25 127 1.0
99 68 72 137 106 109 16 147 83 22 54 25 123 62 1.0
97 1 132 133 145 50 17 20 56 121 1.0
131 103 76 14 50 18 149 121 58 61 94 1.0
97 139 29 1.0
38 137 42 75 141 14 144 119 120 1.0
32 0 34 133 8 41 109 14 48 20 89 123 60 1.0
32 105 43 45 142 82 83 149 53 1.0
128 96 69 134 37 138 11 141 113 81 57 58 29 62 1.0
130 3 133 136 137 75 76 109 15 24 90 91 1.0
66 7 138 123 44 109 142 17 24 91 1.0
17 54 127 1.0
97 35 8 115 54 61 62 1.0
32 64 12 1.0
90 42 45 110 86 58 1.0
107 60 69 23 1.0
98 100 136 9 107 12 77 60 17 51 116 52 85 115 89 27 124 61 1.0
98 104 43 14 47 80 50 90 61 1.0
142 6 1.0
96 66 38 7 40 41 42 13 115 20 51 85 118 90 123 1.0
128 131 48 115 85 120 1.0
0 99 9 49 29 1.0
131 71 74 119 26 1.0
34 71 108 49 29 1.0
72 143 16 111 50 82 57 93 127 1.0
65 103 71 107 108 13 144 81 17 19 82 125 62 1.0
2 102 27 145 19 91 1.0
96 65 33 5 135 11 46 144 113 146 82 20 53 24 95 1.0
36 68 107 44 111 85 117 120 121 93 63 1.0
4 5 146 19 20 25 26 29 41 51 53 55 63 82 108 110 112 113 119 1.0
34 70 8 148 119 94 62 63 1.0
121 66 7 106 43 143 148 53 118 119 25 127 1.0
134 76 49 18 24 1.0
202 204 260 175 1.0
224 161 245 1.0
288 290 298 215 221 286 1.0
288 257 258 191 197 294 231 167 169 268 237 271 180 221 153 155 189 159 1.0
185 164 197 295 296 297 202 170 204 267 273 222 242 184 249 252 189 254 1.0
227 261 265 176 273 283 1.0
252 253 1.0
258 267 298 174 1.0
248 192 163 196 232 200 236 269 206 244 213 183 184 282 283 221 222 1.0
169 266 1.0
256 266 272 279 281 164 165 181 183 184 187 191 198 219 229 232 235 242 243 1.0
258 195 292 261 294 298 274 254 155 156 286 1.0
227 262 201 170 174 175 212 180 217 250 220 159 1.0
261 262 234 267 237 242 275 246 189 152 285 1.0
256 263 274 281 156 286 159 164 166 177 185 190 197 213 225 236 239 249 251 1.0
259 272 273 274 150 154 286 296 180 195 197 200 203 215 228 243 245 247 252 1.0
289 290 259 296 170 172 174 240 276 213 154 219 220 159 1.0
198 230 262 203 238 275 1.0
294 258 156 198 1.0
156 175 1.0
264 282 242 236 1.0
161 171 245 216 253 223 1.0
257 260 263 277 282 290 291 164 299 176 178 183 189 190 200 215 244 247 252 1.0
288 280 194 193 260 235 172 242 150 248 158 1.0
162 165 231 1.0
185 281 1.0
228 197 229 236 216 282 1.0
216 210 296 254 1.0
257 290 259 195 255 169 299 204 236 207 276 287 1.0
298 206 238 277 190 1.0
289 217 180 181 1.0
256 290 262 271 213 278 1.0
256 291 164 261 205 206 269 209 181 278 279 151 220 221 287 1.0
194 291 261 166 263 202 235 205 269 239 211 151 215 279 254 1.0
261 229 233 202 237 206 174 173 188 275 246 184 249 219 284 189 1.0
288 224 227 264 297 267 204 270 241 211 153 187 222 1.0
160 251 279 1.0
224 191 227 164 163 295 168 174 274 275 181 153 187 222 158 223 1.0
231 261 262 167 1.0
294 296 201 240 189 1.0
196 197 168 169 214 216 187 1.0
289 225 227 226 295 263 234 203 238 242 211 218 155 253 255 1.0
161 194 290 164 294 168 235 172 299 175 274 275 214 281 218 188 286 1.0
225 289 163 161 297 170 235 272 153 282 156 287 1.0
258 266 268 270 271 151 160 163 170 195 197 207 208 212 217 230 233 249 255 1.0
226 262 174 244 191 1.0
154 283 292 1.0
293 170 204 270 240 213 189 152 247 253 1.0
288 191 233 211 243 213 217 155 221 222 255 1.0
227 228 1.0
225 169 179 244 278 216 223 1.0
160 226 229 262 294 168 169 268 173 207 181 152 185 184 223 1.0
160 225 231 168 297 298 236 173 179 243 181 216 282 284 191 1.0
266 206 251 244 213 283 253 1.0
225 259 199 296 295 298 203 156 211 150 248 154 252 157 1.0
227 196 168 175 212 1.0
288 196 228 267 172 237 176 274 211 212 217 1.0
256 161 258 185 260 165 294 169 298 170 271 210 243 184 217 154 156 1.0
265 154 260 1.0
151 279 1.0
288 289 261 232 299 205 207 243 182 247 154 283 255 1.0
226 200 220 286 287 1.0
261 265 273 279 153 286 159 164 294 167 178 183 189 200 220 227 234 251 253 1.0
264 274 277 157 288 289 290 163 175 179 194 211 214 223 227 240 242 243 250 1.0
256 289 192 262 295 265 266 208 277 245 1.0
194 226 196 230 231 271 272 178 246 279 184 187 221 1.0
257 274 219 222 1.0
258 227 298 173 207 244 181 247 282 222 159 1.0
262 158 287 161 293 167 171 172 175 178 186 191 200 213 219 220 228 242 248 1.0
273 287 182 183 1.0
289 231 167 297 203 235 206 221 155 189 1.0
292 262 169 171 204 241 242 274 276 213 180 179 184 210 254 1.0
260 165 294 166 265 172 207 277 283 254 1.0
191 291 263 182 185 159 1.0
195 294 232 297 236 283 246 216 185 187 253 1.0
292 201 265 244 153 155 1.0
227 217 163 260 177 180 213 278 249 283 1.0
197 229 293 168 230 263 240 213 214 182 150 158 157 184 1.0
168 265 202 297 170 272 176 214 150 154 187 159 1.0
225 292 228 198 263 202 270 177 243 182 150 151 183 215 155 279 189 254 1.0
192 226 294 200 202 238 209 245 182 215 1.0
161 292 299 174 277 183 1.0
296 297 266 171 170 299 239 176 272 243 211 184 219 253 286 159 1.0
162 164 292 167 265 271 244 276 279 152 253 222 1.0
257 162 294 199 231 171 182 155 188 159 1.0
163 260 262 296 169 234 270 178 275 277 245 215 184 159 1.0
160 293 167 297 299 220 278 247 152 154 187 188 189 222 1.0
162 265 271 280 250 1.0
256 262 264 269 274 276 151 288 294 298 175 189 190 200 217 228 235 241 252 1.0
199 171 180 186 253 1.0
195 260 232 233 234 168 175 213 216 154 189 190 191 1.0
210 221 222 1.0
192 161 290 168 201 235 238 251 174 208 212 150 279 280 185 283 156 287 1.0
163 292 237 150 215 282 1.0
160 298 242 254 159 1.0
161 293 208 272 182 153 219 1.0
204 165 150 1.0
263 297 170 241 274 213 151 253 1.0
264 272 278 150 284 286 165 178 186 191 218 220 225 231 235 239 240 243 252 1.0
160 163 261 293 295 165 218 202 154 268 175 239 280 153 282 219 222 1.0
256 257 259 228 164 297 171 270 209 243 276 246 214 152 283 220 158 255 1.0
291 259 261 292 200 264 265 299 271 216 281 251 156 189 286 255 1.0
289 282 293 214 1.0
160 226 195 163 231 201 206 209 185 284 1.0
256 196 165 231 199 204 174 271 274 244 184 153 1.0
289 290 162 161 165 294 199 234 299 236 211 213 151 251 1.0
191 259 196 229 293 167 165 234 299 171 240 181 246 280 253 157 223 1.0
230 169 177 151 185 252 254 1.0
191 290 163 226 293 230 162 273 274 278 184 217 282 251 221 255 1.0
288 257 161 289 235 208 243 245 153 218 158 1.0
163 260 164 165 167 200 186 202 218 171 282 240 213 189 185 215 252 157 1.0
228 294 263 169 298 266 170 241 276 278 187 1.0
193 239 179 181 151 185 1.0
256 163 292 260 228 231 248 1.0
161 264 235 240 208 178 243 154 156 221 1.0
230 262 151 218 253 254 191 1.0
262 274 278 153 281 154 285 287 294 175 192 199 200 223 224 231 245 246 250 1.0
293 268 174 244 191 1.0
232 291 236 276 1.0
224 193 227 196 266 267 174 242 156 1.0
227 197 262 167 230 236 238 177 275 219 252 286 1.0
163 195 200 234 205 237 154 287 1.0
244 253 1.0
260 196 230 296 265 202 232 235 213 280 281 1.0
289 291 164 228 198 168 201 233 297 269 242 178 215 249 247 157 190 1.0
165 202 170 269 243 244 214 183 216 185 154 1.0
224 161 269 242 245 188 1.0
281 170 161 247 1.0
288 258 290 196 154 296 173 209 180 279 186 252 1.0
164 167 264 177 273 241 212 254 183 152 222 1.0
162 239 241 181 280 1.0
163 228 168 297 298 174 242 179 212 247 252 1.0
192 290 163 196 293 166 198 299 206 273 212 214 283 190 286 1.0
162 227 260 292 281 295 263 233 200 267 198 273 181 246 185 283 189 1.0
257 291 262 232 202 170 204 173 174 269 240 203 242 179 209 282 221 159 1.0
164 292 199 247 265 169 236 173 209 222 243 279 282 187 188 189 190 159 1.0
163 245 190 1.0
259 235 252 250 220 223 1.0
256 193 194 249 271 240 210 277 281 250 220 157 254 1.0
165 297 169 267 175 176 242 212 277 185 188 159 1.0
289 290 292 170 272 276 150 185 220 158 286 1.0
288 228 261 271 176 209 242 243 244 178 184 217 250 219 190 159 1.0
192 260 200 265 201 202 296 172 271 176 209 240 211 183 278 150 185 158 1.0
194 227 165 261 200 204 268 272 176 212 283 252 222 255 1.0
224 194 227 291 293 153 264 233 266 217 188 221 286 191 1.0
259 262 171 172 187 207 276 181 182 151 218 219 220 221 254 1.0
227 293 295 296 168 266 277 182 151 154 220 222 1.0
192 163 207 240 276 245 1.0
197 295 296 269 158 1.0
192 225 258 234 172 173 238 270 180 277 246 215 212 247 156 1.0
259 165 198 200 169 268 272 273 210 243 212 213 221 1.0
160 296 201 184 222 1.0
256 194 249 299 270 274 215 184 217 154 222 287 1.0
256 226 227 292 261 291 263 264 170 299 236 234 175 273 215 249 188 159 1.0
168 241 278 191 1.0
163 228 167 234 299 203 271 208 273 178 176 244 220 246 154 188 222 286 1.0
224 296 171 238 175 174 177 206 278 217 1.0
259 264 172 269 239 183 252 221 1.0
228 230 173 274 223 1.0
195 197 230 166 205 206 271 179 182 246 283 189 1.0
240 212 285 1.0
257 225 223 226 263 199 171 237 176 274 212 151 248 218 158 159 1.0
163 230 167 264 233 168 204 172 241 243 276 181 183 249 287 1.0
298 266 1.0
217 178 235 157 1.0
289 194 292 260 262 295 232 203 269 238 207 272 209 177 278 249 221 1.0
192 280 161 171 239 275 180 245 216 1.0
256 262 236 269 245 184 221 1.0
288 192 226 227 193 203 172 175 189 247 154 188 285 222 191 1.0
160 288 163 196 200 265 277 283 1.0
227 164 169 282 254 1.0
268 151 281 157 290 294 166 168 178 195 199 200 208 211 217 220 224 229 234 1.0
289 259 156 237 1.0
194 227 196 197 262 166 200 233 297 267 292 205 251 180 215 187 287 1.0
161 193 260 293 295 199 169 297 235 154 181 213 216 218 188 189 190 159 1.0
192 281 171 153 250 1.0
160 299 209 243 183 283 287 1.0
269 214 1.0
194 228 167 203 205 207 272 274 252 212 189 248 249 187 220 253 1.0
193 259 164 264 266 235 236 173 267 207 179 278 279 150 285 191 1.0
224 160 200 233 267 208 249 157 190 1.0
162 163 292 229 230 199 298 267 176 252 220 1.0
256 226 291 260 258 164 200 236 208 275 277 246 215 214 285 158 255 1.0
257 164 261 260 231 238 272 186 189 1.0
292 294 167 232 265 203 299 275 213 246 281 187 284 221 254 1.0
201 170 282 236 238 180 250 1.0
226 259 264 169 172 237 206 238 209 243 212 181 250 188 1.0
198 262 266 269 276 278 250 191 1.0
194 227 164 295 169 234 206 207 273 274 245 247 184 250 219 190 191 1.0
258 291 207 209 179 153 158 1.0
256 185 260 1.0
251 261 157 247 1.0
233 155 198 1.0
232 186 254 1.0
228 293 292 297 206 175 270 240 219 181 150 248 187 190 1.0
270 152 153 286 291 165 294 172 193 194 203 209 212 222 223 227 230 231 233 1.0
256 257 292 169 236 172 270 241 188 284 157 1.0
272 273 278 155 283 290 291 171 186 189 198 208 212 217 225 228 233 241 251 1.0
257 233 235 150 189 1.0
205 212 253 1.0
226 223 264 201 200 266 269 174 240 273 244 181 215 216 249 254 287 1.0
256 291 195 234 205 174 206 274 253 187 285 1.0
289 174 209 210 178 217 154 1.0
236 240 241 248 156 1.0
273 171 245 237 1.0
193 165 297 234 267 205 272 209 178 279 154 189 190 1.0
282 171 165 1.0
225 262 199 202 204 215 187 1.0
288 258 163 196 282 283 1.0
161 194 258 292 261 198 167 169 172 237 211 215 151 186 219 158 1.0
290 235 204 175 210 217 189 1.0
166 262 218 169 268 173 248 186 1.0
248 195 236 1.0
277 205 1.0
240 288 195 204 1.0
225 290 259 228 241 244 151 153 1.0
224 292 200 169 171 177 276 279 191 1.0
193 225 227 164 165 230 231 295 247 282 251 188 286 287 1.0
258 215 196 229 228 197 232 169 272 241 243 181 151 253 154 189 222 1.0
224 289 291 167 296 233 297 236 205 219 212 187 1.0
192 260 292 169 204 173 238 206 188 243 180 212 277 284 285 158 191 1.0
170 254 199 1.0
229 273 279 185 221 1.0
163 227 234 172 175 243 153 186 155 220 285 158 1.0
220 284 1.0
160 161 239 209 275 216 223 1.0
162 227 194 267 172 270 207 176 151 285 1.0
224 294 264 297 234 202 172 240 273 210 180 245 220 1.0
198 230 266 298 204 208 275 244 284 277 183 283 252 189 190 1.0
281 177 263 1.0
240 243 230 1.0
224 289 266 168 1.0
225 291 196 231 295 274 151 152 154 220 159 1.0
248 280 162 161 229 198 297 236 268 238 277 214 184 249 250 253 287 1.0
273 203 285 1.0
178 204 205 230 1.0
160 290 153 264 232 273 210 185 282 219 221 1.0
160 226 208 275 179 284 1.0
166 265 170 268 236 221 285 1.0
192 289 165 262 265 219 274 181 248 187 191 1.0
291 195 164 166 298 268 205 210 244 277 215 156 189 222 223 1.0
258 260 292 167 264 265 233 203 268 208 177 241 178 183 188 157 1.0
225 195 198 234 299 236 237 202 268 176 241 211 278 279 281 282 253 1.0
259 166 167 230 265 175 276 186 222 1.0
194 290 230 233 265 176 240 214 184 282 1.0
284 263 1.0
259 173 211 251 284 223 1.0
266 273 281 285 288 289 162 164 178 188 194 204 208 217 223 224 241 249 253 1.0
256 226 292 167 236 172 273 213 216 1.0
288 256 196 228 294 199 233 202 268 272 213 214 279 151 188 285 1.0
162 275 1.0
169 233 155 176 274 217 251 1.0
259 260 264 156 158 286 290 166 297 171 183 184 197 199 212 243 244 245 248 1.0
192 288 226 259 299 172 268 173 244 150 287 1.0
195 163 197 166 154 267 270 243 213 246 215 153 282 221 255 1.0
160 223 162 197 229 295 218 240 177 244 212 183 185 186 189 254 191 1.0
261 296 232 267 208 244 284 1.0
281 163 220 289 1.0
160 196 1.0
261 265 276 279 151 154 283 287 290 165 294 167 297 201 204 208 228 230 238 1.0
168 177 280 158 157 222 286 1.0
161 294 200 234 205 176 275 286 221 190 223 1.0
160 257 224 161 261 201 234 265 172 205 202 239 272 203 246 151 247 1.0
163 203 1.0
165 294 263 198 202 267 204 207 244 190 287 1.0
216 192 165 175 1.0
256 193 164 287 296 236 268 211 212 285 222 223 1.0
294 198 169 298 203 299 175 241 209 243 214 281 219 156 159 1.0
217 167 201 233 299 269 208 185 285 189 1.0
224 226 294 264 265 240 150 216 1.0
273 186 267 188 1.0
201 277 214 153 155 157 1.0
273 158 1.0
264 269 270 152 284 293 295 299 186 196 198 210 214 217 222 227 232 234 245 1.0
161 194 164 294 233 169 240 273 215 218 251 221 1.0
291 185 165 261 281 297 237 174 176 241 209 279 152 153 1.0
256 225 168 283 278 251 156 1.0
260 169 202 297 267 212 283 1.0
163 228 165 229 164 296 232 298 200 238 174 177 220 245 247 281 188 223 1.0
160 229 263 201 177 156 180 181 278 214 249 284 285 222 1.0
289 226 290 197 262 199 203 239 177 273 155 1.0
289 290 193 228 162 225 168 233 266 267 299 270 207 273 152 276 184 221 1.0
161 174 1.0
161 193 217 263 200 247 241 179 212 244 246 180 253 219 252 157 1.0
193 164 261 260 292 199 229 263 204 173 176 274 277 214 247 152 215 220 1.0
260 154 297 206 175 273 274 177 182 215 218 221 286 191 1.0
191 293 261 202 175 271 211 244 246 215 216 253 223 1.0
193 164 199 234 299 273 181 249 282 188 190 1.0
192 257 224 259 153 294 207 243 182 281 252 1.0
280 249 230 263 265 172 269 176 243 277 182 152 217 187 184 287 1.0
288 256 226 292 260 232 201 170 171 204 270 176 177 274 276 278 152 283 1.0
196 296 168 268 284 247 281 156 1.0
265 244 1.0
259 260 268 278 288 161 290 298 174 175 176 180 187 190 193 201 202 238 249 1.0
193 223 234 237 217 255 1.0
294 175 214 278 253 223 1.0
228 294 296 176 177 242 283 215 154 187 1.0
160 280 294 231 298 171 173 271 242 211 279 152 284 222 223 1.0
272 244 294 231 1.0
257 161 289 193 194 198 164 266 209 280 1.0
192 288 161 162 290 234 236 175 275 245 182 246 280 285 158 255 1.0
224 194 195 170 202 270 206 240 176 239 175 244 277 157 278 216 253 285 1.0
256 227 197 233 269 237 173 205 211 150 151 248 282 220 222 286 1.0
257 258 260 164 166 295 201 282 219 1.0
256 257 263 270 243 284 157 222 1.0
199 232 231 275 179 279 216 185 156 152 190 1.0
160 226 195 231 186 243 211 277 248 218 286 216 1.0
224 154 243 1.0
262 151 157 287 290 164 298 174 179 184 187 188 209 212 214 217 234 246 249 1.0
192 261 232 169 202 200 240 274 211 178 245 212 151 276 249 191 1.0
209 178 213 280 218 155 255 1.0
161 226 196 264 236 238 175 239 274 243 178 277 181 245 249 285 158 255 1.0
193 166 299 280 219 1.0
226 198 206 178 211 245 246 217 154 156 285 253 223 1.0
264 268 275 278 288 290 175 177 185 200 202 204 212 233 236 239 246 252 254 1.0
194 230 177 247 248 1.0
277 281 153 283 286 288 291 170 298 172 299 175 185 187 198 206 213 237 248 1.0
162 260 1.0
160 161 163 199 186 233 234 267 172 204 176 150 215 282 284 157 1.0
160 163 235 176 178 191 1.0
257 226 261 231 263 297 234 205 176 177 274 246 152 282 219 221 286 1.0
263 235 268 173 176 177 210 241 276 277 278 275 155 158 191 1.0
248 227 195 229 262 165 299 171 173 210 243 180 212 221 184 281 285 222 1.0
192 226 196 199 200 297 202 266 203 168 270 296 188 276 215 220 253 1.0
289 290 163 227 229 198 263 259 195 235 240 212 153 287 1.0
193 226 171 172 270 150 283 253 190 287 1.0
291 219 260 1.0
257 265 268 272 274 153 281 297 175 182 211 222 229 231 232 237 245 249 251 1.0
260 197 262 263 200 171 278 279 187 254 1.0
280 290 165 261 263 168 202 203 204 237 272 283 242 212 216 187 255 1.0
176 201 195 152 1.0
288 295 201 207 242 185 253 1.0
196 261 231 237 175 209 186 1.0
224 193 261 230 296 299 236 271 186 188 255 1.0
225 281 171 274 210 245 214 151 185 250 221 255 1.0
255 261 230 262 203 236 206 239 279 282 221 159 1.0
192 289 193 297 235 151 1.0
226 293 294 201 250 203 240 276 182 218 251 254 1.0
288 289 292 228 167 297 172 275 179 214 250 219 188 1.0
195 164 217 230 232 172 207 245 248 185 216 1.0
224 259 260 230 167 232 166 171 267 277 188 1.0
160 289 258 227 292 229 259 169 233 265 173 239 273 178 276 157 1.0
224 161 194 259 232 234 271 189 182 151 217 283 220 285 159 1.0
193 225 261 156 179 181 215 151 188 158 1.0
232 245 1.0
259 260 292 198 165 203 172 206 207 275 180 277 184 250 284 287 1.0
227 164 261 231 199 201 234 206 238 182 184 221 188 189 222 287 1.0
225 291 195 298 207 151 156 222 190 1.0
