290 291 259 249 70 202 115 93 21 83 149 57 91 29 190 255 1.0
96 66 226 100 230 31 1.0
2 103 174 280 63 1.0
161 37 261 71 72 43 237 78 143 174 51 149 215 122 219 285 254 1.0
32 257 85 23 120 57 184 1.0
130 227 228 34 162 43 152 91 124 95 1.0
224 229 197 296 13 174 49 120 58 191 1.0
161 70 104 205 238 17 275 282 28 31 1.0
129 100 133 199 237 46 143 48 238 82 144 212 277 245 187 286 1.0
228 165 164 136 41 73 298 268 138 79 143 53 21 1.0
192 34 163 261 230 43 171 78 19 212 24 254 1.0
134 299 15 176 16 178 146 22 221 1.0
160 194 258 260 68 137 106 107 204 234 111 112 18 247 1.0
89 290 143 1.0
93 199 1.0
192 65 258 4 36 261 295 68 41 204 270 213 54 153 28 221 63 1.0
65 3 293 11 204 156 252 62 1.0
65 260 133 102 108 81 1.0
130 228 69 134 103 104 109 173 210 274 116 150 183 89 90 155 284 1.0
131 195 197 202 11 204 139 10 174 266 49 284 93 1.0
295 72 81 248 191 1.0
192 129 228 70 40 74 80 145 113 244 122 155 28 1.0
161 168 136 299 55 254 219 222 62 287 1.0
3 134 6 176 218 1.0
259 229 41 275 220 1.0
3 292 230 103 209 83 61 1.0
292 263 265 10 28 206 17 82 213 90 27 188 285 63 1.0
257 130 131 166 38 266 46 275 22 88 89 189 1.0
0 224 89 168 171 108 13 12 80 49 145 211 272 215 281 186 155 1.0
129 26 262 297 204 109 187 110 206 177 274 156 57 250 155 60 127 1.0
207 80 89 90 62 1.0
194 132 202 21 54 1.0
259 208 54 86 250 190 159 1.0
100 73 298 265 50 159 1.0
97 103 106 48 210 213 54 287 1.0
128 267 16 20 153 284 159 162 299 175 58 67 197 211 213 93 235 112 241 114 1.0
0 129 232 40 297 75 49 19 148 277 147 62 24 283 252 222 287 1.0
33 162 262 9 142 49 178 210 119 62 1.0
0 228 165 199 232 234 138 43 117 281 255 1.0
258 132 261 10 19 148 29 32 166 181 57 197 210 84 87 242 115 120 121 125 1.0
227 228 297 233 79 19 1.0
193 129 132 293 199 295 13 272 52 214 248 185 123 287 1.0
70 71 135 265 137 299 171 270 54 279 30 1.0
98 153 68 233 265 13 46 211 84 244 25 61 1.0
228 100 294 265 237 208 18 178 51 181 150 54 55 182 56 126 1.0
256 128 6 8 14 270 21 156 294 55 186 58 69 200 208 91 224 237 109 1.0
107 76 203 80 208 240 22 122 219 284 1.0
257 193 131 231 138 140 173 48 1.0
96 226 292 103 75 48 17 240 61 148 54 86 123 93 1.0
129 258 132 6 267 280 157 163 46 192 195 197 198 70 207 81 97 113 115 249 1.0
256 128 230 72 170 109 239 178 215 124 189 223 1.0
289 130 3 235 44 286 95 1.0
168 73 266 72 268 141 175 79 52 215 216 247 221 1.0
248 35 163 71 245 278 246 88 89 29 1.0
2 265 267 270 275 282 31 159 39 41 44 55 193 195 200 226 100 234 249 252 1.0
128 288 65 100 101 102 293 137 173 110 52 21 24 25 285 1.0
288 249 247 44 187 51 279 217 251 1.0
33 194 295 76 237 53 55 121 154 28 1.0
161 68 133 6 154 132 218 233 59 17 243 157 55 153 90 187 124 221 1.0
229 105 108 28 206 175 205 242 211 116 22 127 95 1.0
64 128 234 123 143 176 81 276 244 91 252 62 1.0
67 263 168 296 140 45 142 271 146 244 150 280 217 154 188 184 1.0
100 5 103 139 79 111 273 148 21 187 156 158 286 1.0
104 243 286 1.0
34 229 86 183 94 63 1.0
64 68 197 165 137 74 11 43 48 244 214 89 218 62 95 1.0
64 290 2 39 104 41 43 173 47 113 20 277 182 122 123 157 286 1.0
195 35 166 295 201 139 77 174 19 119 183 57 91 285 190 1.0
140 13 274 275 276 149 27 33 63 68 84 88 220 98 227 111 113 121 124 126 1.0
32 225 132 106 175 48 183 1.0
257 134 8 139 275 281 284 161 35 291 297 45 175 58 189 194 209 99 238 114 1.0
257 198 8 264 266 158 45 173 19 115 55 152 283 29 126 159 1.0
64 163 4 69 299 268 205 14 207 247 121 215 27 284 286 1.0
264 205 93 1.0
217 297 202 11 48 241 220 244 212 119 120 25 283 156 221 191 1.0
225 295 231 170 44 269 110 114 218 59 94 127 1.0
64 42 204 238 207 144 148 215 27 156 189 1.0
130 139 16 152 280 29 39 44 173 48 71 203 207 80 87 228 244 245 255 1.0
258 108 269 238 242 249 92 1.0
176 277 21 1.0
4 133 138 140 92 86 279 280 28 221 30 1.0
128 39 218 202 250 112 176 243 151 248 249 122 155 221 126 1.0
5 72 232 74 46 175 238 210 188 152 27 220 62 286 1.0
160 226 290 35 163 265 236 79 118 92 94 191 1.0
261 263 75 203 118 1.0
32 224 226 4 72 233 266 11 170 271 51 148 21 23 26 187 1.0
64 32 200 267 12 109 173 47 48 240 52 117 246 151 248 154 247 1.0
257 133 143 22 95 1.0
288 33 72 140 20 55 215 24 31 1.0
15 214 71 1.0
64 290 229 297 43 108 77 271 81 248 282 31 221 223 1.0
288 289 37 171 238 82 115 182 89 124 159 1.0
192 166 135 296 172 276 151 62 89 190 1.0
96 173 82 115 243 1.0
226 292 41 277 159 1.0
3 13 274 147 277 32 37 297 170 179 183 73 209 214 89 103 112 249 122 126 1.0
130 4 12 144 17 171 56 67 198 77 87 219 221 99 102 233 237 111 240 243 1.0
273 4 14 103 1.0
162 37 105 111 21 95 1.0
32 193 163 101 167 202 171 268 77 15 112 49 189 1.0
160 225 34 196 168 233 15 116 148 245 24 57 127 1.0
167 201 140 181 55 280 121 61 1.0
193 6 103 299 249 222 1.0
66 258 292 166 134 266 14 207 174 46 82 148 149 214 253 62 95 1.0
99 285 70 38 136 104 74 142 114 83 51 245 53 215 118 90 279 93 1.0
288 65 223 294 91 127 178 19 52 151 155 252 191 1.0
161 73 10 234 141 215 120 249 188 1.0
32 170 75 140 146 211 153 57 1.0
13 285 1.0
224 100 197 294 228 18 19 51 181 252 63 1.0
35 132 265 171 270 53 214 24 250 283 29 30 1.0
120 225 260 1.0
32 174 241 243 190 126 31 1.0
289 39 234 138 205 47 86 1.0
5 263 264 265 11 272 275 30 293 178 54 187 77 212 89 95 230 243 127 1.0
160 256 229 102 201 9 11 173 50 57 122 93 159 1.0
3 261 267 20 27 44 48 49 50 179 180 182 190 63 217 90 225 232 115 244 1.0
160 1 98 104 105 107 63 22 248 28 157 190 287 1.0
259 107 179 147 91 1.0
67 185 295 135 8 263 168 18 19 116 53 86 214 56 217 284 253 254 1.0
224 97 64 292 102 198 263 138 234 172 205 237 271 276 153 30 1.0
135 72 41 299 141 80 1.0
32 257 162 96 100 227 167 40 298 109 188 244 23 151 284 254 1.0
288 103 10 49 248 1.0
107 43 179 62 1.0
18 24 155 157 164 295 168 296 171 186 194 67 71 200 77 218 246 253 254 1.0
0 1 134 139 267 20 293 167 43 183 185 68 69 200 80 223 234 110 119 1.0
259 261 264 139 272 273 275 152 156 30 173 61 192 69 79 208 116 121 251 254 1.0
169 203 107 236 78 119 87 221 153 91 61 1.0
160 260 295 202 15 117 85 56 24 191 1.0
289 66 197 230 235 237 146 22 216 255 1.0
1 255 36 73 169 170 273 241 51 210 146 277 119 24 155 253 31 1.0
192 194 290 101 197 295 113 19 1.0
35 74 236 44 17 275 179 55 124 285 1.0
35 131 233 265 43 236 242 149 153 250 124 221 1.0
52 222 1.0
261 11 139 142 23 24 155 286 288 35 293 294 47 187 77 98 100 102 112 125 1.0
260 4 262 263 140 271 274 279 27 286 42 62 70 72 226 231 118 254 255 1.0
32 290 36 197 71 264 173 142 110 241 242 115 52 125 55 184 123 253 1.0
42 163 1.0
64 167 296 135 298 268 14 46 207 211 212 276 184 29 1.0
192 97 162 227 100 70 8 297 80 48 18 49 276 245 53 114 57 94 1.0
225 5 230 71 102 297 266 39 78 144 275 246 278 151 121 255 1.0
102 7 28 190 219 220 286 1.0
34 90 200 123 236 16 113 152 25 26 219 94 1.0
133 105 74 10 176 240 210 148 277 279 282 219 157 255 1.0
233 182 39 1.0
98 66 68 102 166 299 48 177 82 181 26 123 189 1.0
258 260 271 290 297 42 178 61 62 196 197 71 77 213 217 95 224 226 232 106 1.0
226 259 228 291 135 71 73 145 114 50 53 149 215 185 31 1.0
177 41 1.0
192 67 68 261 166 102 77 47 112 80 178 272 212 190 1.0
0 130 10 212 214 1.0
64 99 164 102 262 263 201 267 12 27 1.0
191 100 38 104 108 109 274 50 182 183 90 187 61 31 1.0
1 194 232 41 137 11 79 241 120 249 283 124 30 191 1.0
98 74 177 115 85 1.0
258 268 76 91 189 1.0
96 257 66 100 102 7 169 208 186 1.0
64 266 109 47 147 1.0
0 130 227 69 295 141 18 178 217 1.0
134 7 12 141 274 19 30 287 183 57 189 191 69 70 79 99 235 121 124 1.0
64 131 228 267 171 271 80 248 24 1.0
65 229 297 13 177 242 213 183 281 1.0
0 132 6 135 103 12 109 45 47 149 150 279 251 220 1.0
259 69 166 197 229 135 9 14 174 46 20 213 281 221 255 1.0
160 33 34 259 35 161 166 255 296 73 138 43 81 90 252 95 1.0
232 95 1.0
3 259 136 148 278 150 295 39 48 180 77 88 218 100 228 232 237 115 127 1.0
96 162 198 231 136 208 80 51 278 56 158 62 1.0
64 225 67 292 38 199 176 18 147 275 151 28 29 95 1.0
33 99 195 229 293 202 44 109 204 1.0
64 193 90 38 263 104 137 40 187 174 147 180 53 154 219 188 95 1.0
224 103 47 240 147 84 51 283 1.0
280 102 1.0
193 290 226 164 167 170 109 207 209 82 220 86 23 90 123 124 93 95 1.0
96 66 230 263 40 11 141 271 243 55 54 23 250 252 222 1.0
261 167 104 209 242 1.0
160 291 6 136 202 139 266 141 93 22 221 58 252 29 31 1.0
224 130 259 9 237 250 255 1.0
132 293 164 103 72 137 266 43 141 272 29 18 93 61 254 1.0
128 70 103 264 73 266 170 201 239 16 177 61 181 125 152 28 285 255 1.0
34 189 1.0
258 269 270 142 144 19 151 27 156 161 290 35 37 38 167 51 77 84 125 254 1.0
113 290 3 106 1.0
257 258 68 38 201 273 21 55 247 280 183 59 63 1.0
195 102 268 178 115 282 1.0
261 134 133 8 266 268 276 151 284 159 46 179 56 61 200 74 207 91 235 1.0
274 276 28 37 38 48 59 62 70 203 76 214 87 219 99 228 105 240 125 1.0
164 103 263 170 142 18 179 214 29 191 1.0
96 33 121 249 168 299 75 12 139 187 146 252 21 216 153 58 251 60 1.0
258 164 135 266 78 241 213 186 251 1.0
224 161 194 260 73 105 11 173 270 141 77 83 276 183 89 90 95 1.0
263 71 268 140 206 208 177 146 121 60 1.0
289 258 292 293 262 295 168 76 78 208 115 87 222 62 286 1.0
96 194 199 7 266 74 172 78 208 284 150 149 85 89 186 124 61 94 1.0
32 258 292 4 70 267 141 13 82 179 245 24 25 60 222 1.0
256 1 274 20 279 289 161 168 176 181 59 60 64 196 86 96 97 117 248 126 1.0
98 197 71 265 233 150 56 1.0
256 206 182 187 60 1.0
228 133 203 108 109 206 210 19 243 245 61 87 88 281 251 157 1.0
89 278 1.0
1 198 231 295 43 155 203 244 52 152 26 27 126 1.0
133 135 233 139 236 75 112 188 148 85 119 252 159 1.0
128 161 100 134 75 79 143 114 275 116 147 86 247 120 26 251 1.0
166 39 8 9 107 299 78 112 273 49 115 113 176 23 25 183 1.0
33 223 164 132 228 39 264 76 236 174 140 209 61 214 88 91 285 191 1.0
129 199 270 145 89 1.0
68 233 298 269 179 87 123 124 1.0
129 257 6 38 236 272 52 282 187 222 1.0
3 69 231 167 199 138 250 298 45 177 277 247 56 90 95 1.0
211 53 246 1.0
128 134 139 142 29 32 291 293 294 168 173 65 79 101 115 245 247 249 122 126 1.0
198 167 70 9 106 139 140 113 220 180 181 211 215 59 92 30 1.0
256 192 2 6 262 107 141 79 49 214 247 186 123 92 29 1.0
259 136 271 272 21 26 156 162 35 295 171 62 75 82 211 99 104 242 115 1.0
159 162 101 123 208 241 210 211 53 87 282 187 188 63 1.0
160 193 162 185 227 37 169 75 237 174 239 81 82 116 217 250 92 1.0
112 238 1.0
256 153 100 164 103 204 173 206 140 83 84 276 25 91 287 1.0
160 193 131 264 265 112 17 124 179 252 21 118 88 57 58 92 1.0
227 38 170 267 268 109 14 143 16 113 115 84 52 281 250 251 287 1.0
39 93 197 111 1.0
69 75 172 109 11 241 183 190 1.0
5 136 14 17 153 155 30 32 289 165 181 58 187 85 215 219 96 244 117 1.0
97 232 107 178 249 283 28 94 1.0
97 168 234 42 176 180 148 245 91 285 1.0
98 131 38 39 40 171 109 270 145 18 84 280 26 1.0
0 67 73 169 139 52 215 28 1.0
193 36 6 168 136 8 51 55 182 214 216 219 127 1.0
258 264 138 19 27 31 32 33 287 163 296 178 52 191 69 77 224 105 243 125 1.0
121 163 1.0
6 134 143 16 22 151 28 34 294 38 52 68 205 82 217 219 101 236 110 245 1.0
70 220 54 1.0
7 136 267 142 149 282 30 292 166 45 209 86 87 88 218 93 94 227 115 1.0
97 142 85 150 185 223 1.0
267 107 55 254 287 1.0
192 230 143 113 86 89 1.0
178 107 1.0
227 104 148 248 253 1.0
96 228 74 139 111 243 88 93 1.0
259 45 174 112 82 181 277 58 158 1.0
67 163 227 40 201 170 237 111 156 181 247 58 28 189 1.0
66 264 203 12 269 16 23 55 214 151 120 249 182 118 28 125 95 1.0
130 197 230 137 73 107 172 15 116 149 26 59 158 1.0
224 128 166 135 7 270 47 48 283 179 183 281 90 123 223 1.0
133 9 268 15 149 284 34 295 297 49 50 182 186 80 212 227 103 238 252 124 1.0
265 267 147 21 153 281 35 165 297 172 174 62 84 213 99 107 110 111 116 124 1.0
132 170 109 88 281 155 1.0
192 218 84 57 90 28 61 1.0
162 133 262 298 76 241 245 157 87 29 31 1.0
280 197 40 265 298 107 233 14 207 46 146 213 248 153 220 1.0
172 79 146 115 83 215 153 30 1.0
96 137 202 203 50 219 1.0
131 292 99 77 144 112 242 116 277 151 280 25 251 124 63 30 31 1.0
256 4 5 137 266 268 144 20 151 153 281 287 34 299 211 212 217 232 113 121 1.0
70 71 262 268 152 218 1.0
257 2 264 138 139 272 274 25 154 283 293 40 186 199 91 230 231 103 239 116 1.0
7 71 170 298 140 108 270 174 116 214 118 191 1.0
36 196 6 136 266 299 267 174 271 208 209 82 50 51 214 247 25 91 1.0
164 188 52 1.0
164 249 102 103 202 204 51 275 184 24 159 1.0
2 4 5 13 22 27 159 162 164 59 60 188 195 202 212 214 94 108 247 126 1.0
100 229 7 296 267 44 78 175 272 17 174 118 251 221 1.0
225 34 168 125 158 63 1.0
194 162 140 109 46 16 275 284 214 152 188 1.0
160 89 36 38 231 170 138 12 268 28 49 114 245 217 60 221 286 31 1.0
291 165 136 299 172 45 270 143 15 245 22 121 155 125 1.0
256 290 287 293 72 43 45 81 152 56 61 190 31 1.0
132 262 264 137 9 268 274 20 286 32 289 164 169 41 190 214 105 241 116 126 1.0
1 7 139 281 156 286 32 291 293 38 170 199 201 83 214 99 106 235 109 127 1.0
248 33 290 231 71 204 270 176 84 276 246 216 90 284 152 95 191 1.0
129 104 233 42 78 14 272 271 82 156 244 179 87 60 93 63 1.0
292 177 21 87 56 220 127 1.0
96 129 258 131 217 3 262 135 136 106 299 143 145 121 1.0
3 166 167 40 198 298 299 11 145 82 152 57 250 60 31 1.0
100 200 12 80 18 152 217 1.0
2 67 4 6 207 111 113 273 47 244 85 247 184 59 286 31 1.0
289 293 294 231 40 204 79 271 48 143 178 272 50 213 118 151 88 26 1.0
225 35 38 143 1.0
154 77 1.0
257 225 38 230 204 110 209 241 149 120 284 286 1.0
192 290 196 102 169 171 241 50 87 1.0
3 133 40 173 109 49 274 116 54 23 222 1.0
128 122 231 10 269 116 87 281 58 1.0
193 134 10 240 18 275 19 246 62 191 1.0
98 41 142 270 177 242 118 27 127 1.0
36 231 265 202 74 86 215 1.0
256 193 194 67 5 166 135 71 234 44 77 272 147 116 218 91 158 1.0
38 103 298 275 211 214 87 1.0
192 5 261 167 109 271 149 247 1.0
289 258 69 173 239 16 154 283 1.0
256 3 132 5 22 281 31 296 170 177 190 73 88 94 233 236 108 240 117 123 1.0
1 9 19 155 158 160 163 168 175 52 181 180 72 206 120 102 243 119 248 122 1.0
288 35 245 222 63 1.0
96 192 228 5 6 108 110 15 86 123 255 1.0
1 194 3 5 167 264 135 199 139 112 244 213 246 216 185 126 252 286 1.0
1 234 1.0
193 230 72 202 74 138 241 18 115 146 116 118 20 120 185 252 95 223 1.0
171 269 50 30 31 1.0
66 36 102 7 168 72 42 76 49 19 276 277 150 26 1.0
64 285 101 262 6 199 229 205 51 58 157 1.0
128 161 226 293 172 237 279 81 147 151 285 247 92 189 287 1.0
192 132 42 236 173 242 82 244 246 1.0
260 10 143 144 280 157 33 35 292 294 44 172 51 194 72 82 213 93 96 1.0
249 262 135 69 232 111 271 51 84 85 215 184 25 287 1.0
80 281 45 1.0
3 291 120 293 1.0
258 99 295 74 203 237 239 245 249 222 1.0
224 2 263 142 210 179 54 59 93 1.0
258 133 263 10 139 155 157 162 169 42 170 189 62 67 215 217 245 123 125 1.0
0 1 129 135 18 156 38 44 49 64 193 80 223 226 232 234 238 249 126 1.0
256 36 230 269 48 274 218 59 285 63 1.0
67 100 201 268 182 252 1.0
128 11 267 21 27 31 297 178 180 55 186 197 92 222 104 107 114 243 249 1.0
64 128 254 124 62 1.0
161 36 172 214 25 1.0
135 13 272 275 23 29 168 174 178 184 57 59 63 207 219 221 95 230 109 126 1.0
66 35 227 293 228 68 296 297 102 269 110 237 213 22 117 216 59 220 1.0
160 70 168 283 88 187 1.0
132 261 150 23 154 31 288 161 38 174 188 67 197 198 249 107 240 246 121 1.0
292 103 71 234 268 141 142 175 272 111 181 246 281 284 286 223 1.0
289 134 70 295 41 174 275 147 149 120 190 158 1.0
256 129 36 69 198 167 40 5 236 268 237 44 17 243 180 248 61 1.0
265 236 143 49 145 1.0
35 68 101 5 164 40 268 237 45 209 274 220 276 117 182 188 223 1.0
76 77 205 179 284 188 61 1.0
32 2 162 260 167 203 268 172 140 149 150 85 56 214 87 91 94 1.0
167 38 191 1.0
259 8 268 12 146 286 295 169 174 175 55 73 201 211 230 107 113 118 122 123 1.0
226 4 139 76 25 90 251 1.0
66 2 3 69 198 231 172 77 142 173 13 49 274 17 20 152 27 286 1.0
1 162 34 260 6 199 79 144 48 274 273 248 220 159 1.0
1 268 274 18 280 154 158 291 292 176 48 178 183 62 68 220 94 232 248 253 1.0
32 98 131 4 290 8 273 51 1.0
32 65 2 132 133 106 42 206 120 1.0
227 293 133 13 15 210 181 214 158 1.0
33 35 297 172 50 214 23 30 1.0
1 67 166 40 77 180 277 213 245 121 26 1.0
81 221 17 1.0
130 16 18 158 286 288 35 39 172 178 59 191 200 202 206 96 102 109 254 1.0
230 199 38 79 278 191 1.0
5 73 137 267 239 210 20 219 1.0
192 224 67 230 263 281 137 47 210 152 25 186 123 28 1.0
221 118 7 1.0
32 160 65 163 132 293 225 200 73 171 268 174 240 279 154 63 191 1.0
266 142 16 281 294 173 175 48 63 70 205 227 107 240 242 245 118 247 250 255 1.0
196 142 79 272 25 95 1.0
133 50 22 254 248 153 283 94 1.0
292 37 38 233 41 77 219 270 49 84 215 281 247 279 285 286 1.0
288 106 279 28 30 1.0
40 9 47 49 277 281 219 61 1.0
271 21 154 157 39 41 177 178 182 59 192 81 82 92 227 229 231 104 253 254 1.0
165 139 240 145 119 280 253 31 1.0
225 35 185 70 297 299 46 145 180 21 88 25 28 287 1.0
32 191 34 4 37 135 232 41 48 277 54 248 253 283 124 61 223 1.0
132 260 79 208 147 215 248 1.0
64 97 152 237 1.0
68 6 203 240 213 154 1.0
34 205 1.0
293 264 139 45 206 270 113 178 117 213 57 1.0
289 163 77 19 156 1.0
84 261 1.0
2 291 100 104 73 92 212 53 182 60 222 1.0
258 2 168 136 204 108 14 143 149 182 151 24 153 282 283 285 253 1.0
190 78 1.0
261 107 238 245 282 283 29 1.0
0 292 132 295 75 206 79 145 242 50 20 177 120 153 282 221 1.0
5 41 12 153 26 59 1.0
256 3 68 293 166 103 190 46 47 245 150 156 253 158 1.0
198 42 74 141 243 86 24 217 283 286 127 1.0
165 102 123 46 147 155 253 30 1.0
224 161 3 170 81 180 278 90 221 1.0
193 99 104 8 138 75 123 181 54 25 283 60 61 190 1.0
97 67 196 37 229 168 268 269 207 213 149 91 94 1.0
35 118 1.0
64 82 83 86 91 92 1.0
1 137 77 114 149 89 127 1.0
96 98 35 73 137 106 76 46 146 56 25 28 1.0
48 89 124 47 1.0
0 131 104 76 77 44 143 117 55 56 121 31 1.0
5 6 141 18 20 21 38 40 43 48 54 68 77 81 83 95 96 97 99 1.0
4 38 135 81 89 27 94 1.0
43 19 39 23 1.0
35 99 3 134 103 44 17 116 21 148 119 1.0
66 6 39 71 9 138 105 102 108 143 16 111 23 127 1.0
129 99 9 12 80 84 87 58 61 126 31 1.0
113 58 108 109 1.0
9 143 1.0
3 67 132 99 69 138 145 50 115 59 61 95 1.0
96 129 4 137 44 45 27 30 1.0
64 129 37 133 10 76 45 77 15 50 63 93 149 25 26 29 57 1.0
33 70 103 104 41 140 108 81 82 121 28 94 1.0
35 37 101 102 44 141 48 18 84 123 60 1.0
104 11 44 79 47 19 123 63 1.0
1 2 67 68 101 129 140 108 16 17 22 120 24 91 1.0
101 135 41 144 20 55 56 1.0
128 68 70 11 141 143 114 18 124 61 126 1.0
96 63 1.0
59 91 140 54 26 123 1.0
34 66 100 102 75 76 142 21 22 26 123 1.0
43 14 49 55 56 125 127 1.0
51 109 126 1.0
64 66 39 73 41 108 141 46 82 118 23 88 90 94 1.0
37 72 9 105 137 146 115 55 1.0
66 67 106 44 78 50 53 123 93 1.0
32 34 70 102 10 141 81 148 120 124 127 1.0
32 18 43 29 1.0
67 70 71 1.0
129 6 8 13 142 143 16 145 147 20 32 44 51 58 60 63 85 88 92 1.0
120 3 1.0
64 135 71 106 74 110 144 113 51 116 19 119 121 95 1.0
42 125 1.0
69 37 8 12 114 83 22 119 28 125 31 1.0
132 36 105 42 44 78 80 145 113 83 148 20 55 24 124 95 1.0
121 132 4 100 68 104 10 107 47 80 124 119 89 91 60 61 126 31 1.0
96 3 73 141 86 22 95 1.0
6 140 141 108 143 145 118 87 89 90 1.0
130 4 7 138 141 25 29 33 36 37 38 49 51 56 58 69 76 89 108 1.0
34 66 58 8 40 74 75 104 48 18 149 21 23 88 89 122 1.0
110 14 54 86 89 27 1.0
64 3 138 111 49 81 19 55 119 58 1.0
32 35 137 80 115 84 89 1.0
67 99 135 72 8 42 139 7 48 112 144 21 54 121 90 95 1.0
32 99 100 136 40 45 14 49 83 53 90 63 1.0
2 130 135 9 10 138 13 141 22 33 38 40 67 74 80 89 92 107 112 1.0
48 10 86 1.0
9 60 49 1.0
3 139 107 110 112 116 122 123 1.0
82 75 45 38 1.0
64 97 137 13 77 49 51 59 92 30 1.0
64 2 4 100 134 39 54 91 1.0
128 99 100 134 38 19 147 51 85 26 92 1.0
96 38 103 41 77 142 78 143 17 113 57 28 1.0
68 5 40 59 10 139 107 75 143 15 145 18 23 149 119 120 57 88 1.0
97 65 69 137 45 110 13 48 49 146 18 114 88 56 62 31 1.0
113 5 105 47 1.0
99 43 148 52 57 1.0
136 36 103 1.0
2 124 109 39 1.0
129 98 3 35 5 73 74 43 108 14 17 19 90 124 1.0
0 33 68 133 102 7 44 141 15 48 53 55 93 1.0
32 64 1 97 40 109 78 141 144 28 24 92 1.0
98 68 100 135 138 13 14 48 82 114 146 126 127 1.0
132 74 43 80 55 1.0
0 67 4 101 42 74 76 140 111 114 83 148 20 124 62 1.0
104 75 85 1.0
98 2 132 68 38 102 40 69 77 52 89 62 1.0
64 66 72 42 50 122 93 1.0
65 34 35 5 104 138 11 75 140 110 78 112 80 81 79 85 120 123 1.0
68 102 27 105 75 44 78 113 146 25 91 124 63 1.0
0 100 101 39 13 110 46 77 141 19 1.0
64 32 66 3 36 96 70 39 11 139 107 111 48 29 28 61 30 1.0
3 100 132 37 136 41 74 77 143 16 115 148 62 124 93 95 127 1.0
64 33 130 67 36 72 9 109 84 91 60 1.0
0 96 130 4 40 9 141 109 143 81 18 147 85 53 117 57 1.0
128 14 144 26 28 33 35 39 40 48 51 66 68 71 85 88 106 125 126 1.0
100 4 7 76 77 78 47 81 17 85 86 53 127 93 95 1.0
29 107 53 1.0
131 133 138 13 14 143 144 34 38 49 52 58 63 66 82 113 121 124 127 1.0
69 6 70 136 102 106 138 110 16 81 116 53 121 122 31 1.0
65 34 5 59 12 77 86 123 29 1.0
38 139 111 124 61 1.0
96 89 67 4 36 44 12 111 18 52 149 86 53 118 93 27 92 125 1.0
0 34 35 39 40 9 48 62 1.0
99 38 137 138 106 140 144 49 21 121 122 30 1.0
66 72 105 43 13 77 79 48 47 82 116 53 118 117 24 26 91 126 1.0
100 133 136 72 41 13 110 47 124 16 111 116 119 24 57 90 92 1.0
121 130 2 99 36 134 140 13 78 82 50 148 149 57 122 94 1.0
66 38 70 134 73 42 107 74 17 82 115 52 85 148 116 28 94 1.0
65 44 94 1.0
64 131 4 101 134 72 40 75 79 113 61 115 149 29 62 1.0
97 138 45 19 22 87 25 92 1.0
139 77 17 82 51 93 1.0
5 105 44 77 13 45 148 26 1.0
138 75 77 101 1.0
35 134 9 44 109 78 48 112 146 1.0
7 149 47 1.0
99 70 105 139 140 17 148 86 27 1.0
65 35 67 7 72 137 138 139 9 105 46 143 82 21 120 121 125 95 1.0
128 6 7 73 75 15 47 84 53 118 87 88 122 60 62 31 1.0
128 133 39 8 42 141 111 15 114 82 52 24 89 1.0
96 130 13 144 53 89 90 125 1.0
6 71 72 10 75 139 77 45 81 146 50 118 119 87 28 125 1.0
66 5 134 135 140 111 89 91 61 57 1.0
98 99 137 73 12 141 110 77 46 45 82 22 87 62 24 123 93 126 1.0
136 9 81 91 124 94 1.0
67 100 3 70 76 142 14 110 114 147 118 30 57 90 59 94 1.0
96 97 100 135 24 1.0
64 1 35 4 132 102 7 41 16 113 148 90 1.0
133 145 55 56 123 1.0
129 65 98 2 3 38 136 104 143 80 147 19 85 23 94 30 127 1.0
66 67 36 130 98 135 136 73 42 43 102 112 148 117 20 120 121 94 1.0
37 72 45 109 47 17 63 1.0
64 101 5 135 71 11 12 86 62 121 127 93 126 31 1.0
32 34 102 14 111 117 58 124 62 1.0
32 1 0 130 97 136 107 76 47 148 24 93 126 1.0
4 40 12 112 114 147 53 30 1.0
97 98 3 10 106 44 78 47 15 19 115 85 86 147 121 93 1.0
1 140 14 148 21 35 38 45 59 68 72 74 96 100 103 111 119 122 127 1.0
32 128 34 99 69 80 16 50 116 52 84 28 61 31 1.0
65 52 1.0
5 102 70 40 108 13 47 25 1.0
33 100 4 39 72 105 137 80 16 82 147 26 59 1.0
65 67 133 39 41 75 144 49 18 17 21 90 59 31 1.0
34 67 36 136 105 41 110 47 113 84 23 57 90 59 125 1.0
128 130 101 133 5 27 76 84 20 22 55 59 95 1.0
101 9 20 117 86 56 25 91 60 1.0
33 3 100 6 135 141 13 84 85 54 56 1.0
4 37 134 103 104 110 111 144 53 1.0
101 70 102 104 138 12 79 16 93 1.0
129 130 136 143 80 15 84 87 24 121 90 88 93 1.0
129 2 1 4 140 13 149 25 42 44 51 52 53 56 73 101 102 117 119 1.0
2 104 73 14 111 48 114 52 121 126 30 1.0
131 102 104 73 106 107 108 75 142 15 14 146 147 117 121 90 124 125 1.0
64 66 38 90 125 1.0
100 37 103 71 9 42 75 107 112 17 115 53 87 57 26 29 30 1.0
97 99 132 100 135 71 11 47 145 114 51 118 27 1.0
98 7 41 107 145 61 54 25 27 28 93 62 1.0
65 1 98 68 67 142 111 46 79 115 51 23 92 1.0
3 102 6 42 78 83 90 123 1.0
106 75 12 44 114 19 24 57 59 63 1.0
33 35 136 75 110 79 50 85 54 118 120 27 92 1.0
128 130 3 67 101 36 137 109 116 57 1.0
96 129 90 6 40 141 111 19 84 86 121 122 92 62 1.0
32 1 98 34 96 5 38 135 139 108 48 51 53 56 92 95 127 1.0
97 69 103 138 140 76 79 145 146 19 116 126 1.0
98 68 143 26 125 1.0
32 99 37 137 74 75 41 77 48 51 119 21 86 55 1.0
64 35 132 6 9 138 73 44 109 20 55 121 91 60 126 95 1.0
69 136 44 17 60 62 1.0
96 0 3 137 41 75 11 45 14 113 52 54 23 27 1.0
33 133 69 75 119 28 1.0
128 129 131 9 16 147 148 20 27 46 53 62 79 81 82 84 85 107 121 1.0
65 66 99 41 106 43 140 15 80 82 115 23 54 55 127 29 30 31 1.0
131 109 54 94 127 1.0
45 79 144 146 116 85 86 84 148 57 123 95 1.0
74 71 87 1.0
96 99 100 101 102 103 109 46 141 83 147 55 27 125 1.0
143 59 108 95 1.0
128 97 64 36 102 39 8 70 108 53 86 149 24 125 1.0
34 39 27 135 76 109 108 144 51 117 118 56 89 122 91 1.0
34 100 5 103 136 8 44 109 141 143 47 112 114 23 116 55 89 63 1.0
2 67 37 6 137 77 110 142 125 95 1.0
66 68 42 123 115 148 90 91 124 62 63 1.0
99 68 5 6 71 39 10 75 78 79 81 84 120 89 57 1.0
3 6 71 111 22 61 1.0
64 3 103 27 11 108 76 79 112 82 19 148 53 30 25 123 94 1.0
90 100 42 146 1.0
96 128 104 60 48 144 146 93 54 56 121 88 120 29 25 1.0
129 1 3 67 36 69 138 74 144 114 147 50 123 1.0
120 145 1.0
34 4 72 13 148 117 118 1.0
4 54 1.0
69 59 74 107 82 86 119 123 126 1.0
0 130 133 104 72 20 85 87 1.0
0 70 135 40 42 10 140 114 83 116 122 1.0
4 38 41 139 78 143 82 84 85 118 56 57 124 1.0
104 89 102 1.0
70 103 40 12 13 80 88 90 127 1.0
4 132 138 144 24 32 34 39 41 75 80 86 90 94 97 103 109 113 115 1.0
9 146 124 28 1.0
128 6 138 75 15 89 123 127 1.0
0 3 132 133 135 138 139 10 111 18 146 50 21 60 30 95 1.0
133 139 55 59 126 1.0
2 34 69 103 135 73 72 75 12 77 45 92 16 60 1.0
35 102 136 15 114 59 1.0
128 3 5 6 9 13 15 144 149 23 28 44 48 50 53 99 110 123 124 1.0
33 35 38 9 112 145 87 1.0
1 109 143 19 52 21 125 120 29 1.0
144 120 59 124 95 1.0
4 136 73 41 137 74 113 54 23 89 90 28 1.0
128 38 39 76 110 79 81 56 24 92 94 1.0
33 3 99 108 147 1.0
9 139 77 79 22 1.0
32 65 34 98 64 37 38 7 33 105 76 13 90 1.0
101 7 12 44 22 62 1.0
24 93 118 1.0
35 132 5 38 99 72 137 105 139 134 43 111 80 144 16 84 89 1.0
67 37 38 134 70 9 106 39 12 77 15 143 49 111 79 89 91 125 1.0
128 130 1.0
3 132 134 8 140 143 146 27 37 50 68 71 78 90 91 95 98 114 127 1.0
67 99 4 100 138 109 45 60 146 149 87 88 121 120 94 1.0
137 82 62 146 1.0
131 72 105 8 12 47 111 49 16 20 23 90 63 1.0
32 37 135 72 138 74 108 91 78 142 47 113 20 52 84 24 59 120 1.0
36 137 75 49 149 1.0
65 69 72 74 13 80 144 49 115 52 85 16 87 121 123 1.0
64 33 2 99 65 69 41 73 43 45 18 21 53 92 61 1.0
132 5 8 10 141 142 23 27 28 33 43 49 63 81 84 98 105 107 122 1.0
131 143 16 119 94 1.0
98 67 104 47 146 20 1.0
9 53 117 43 1.0
69 123 14 114 147 55 27 1.0
96 129 6 7 134 70 75 15 116 85 120 90 1.0
128 101 69 15 17 54 92 1.0
64 1 0 129 8 105 42 73 78 146 114 85 54 57 124 1.0
68 105 143 55 26 62 1.0
98 4 5 7 138 75 13 110 82 115 121 30 1.0
37 38 40 72 75 139 43 81 114 115 23 1.0
1 67 6 10 142 19 90 59 60 1.0
124 73 106 20 1.0
0 81 117 134 1.0
97 67 134 10 45 46 111 57 26 127 62 31 1.0
3 136 138 11 12 54 26 59 31 1.0
65 130 39 136 74 75 146 84 86 122 59 29 1.0
42 109 110 51 63 1.0
110 144 113 50 119 92 1.0
101 37 71 137 11 75 143 87 23 1.0
10 28 148 52 88 122 60 1.0
39 104 137 74 139 110 48 29 50 93 23 147 55 120 25 119 125 1.0
109 149 94 1.0
49 13 1.0
64 69 44 48 83 62 95 1.0
1 35 43 45 142 15 111 147 148 85 54 120 57 27 125 30 1.0
99 103 39 81 27 1.0
134 108 145 19 23 1.0
34 137 147 86 58 126 1.0
2 131 122 72 73 137 80 83 21 22 119 88 26 61 1.0
131 101 39 8 78 15 79 81 18 147 52 21 85 146 58 60 63 1.0
128 100 102 70 73 46 18 26 27 94 1.0
97 36 5 72 106 10 140 78 143 112 145 48 85 54 119 56 55 58 1.0
107 94 143 1.0
3 70 8 136 42 76 77 111 144 112 83 116 52 57 124 126 127 1.0
128 97 98 5 102 137 138 43 109 14 112 81 95 88 57 28 30 31 1.0
67 101 46 1.0
32 36 102 70 42 107 108 13 141 110 144 82 18 21 90 126 1.0
19 122 43 1.0
40 25 4 142 1.0
128 96 65 66 101 5 72 107 12 14 111 144 87 56 89 60 1.0
124 113 68 143 1.0
89 69 71 9 105 142 146 57 123 1.0
96 130 3 37 104 14 113 149 87 120 126 94 127 1.0
3 132 134 43 78 79 145 26 1.0
96 32 45 14 15 48 113 144 49 146 46 56 25 1.0
5 133 16 145 18 23 32 33 35 36 49 50 59 79 94 99 102 122 127 1.0
1 41 49 53 22 120 123 62 1.0
32 69 62 7 1.0
32 2 68 71 106 75 141 109 47 49 53 54 23 89 91 60 63 1.0
138 139 108 109 110 115 19 89 28 29 1.0
65 67 6 47 81 62 25 94 1.0
56 11 1.0
17 58 35 1.0
1 39 73 74 76 77 82 18 62 1.0
35 40 104 10 12 109 78 110 47 55 30 95 1.0
33 3 132 38 71 76 79 62 1.0
129 131 133 136 10 18 35 48 52 53 56 76 77 91 100 102 104 119 122 1.0
131 4 37 68 100 36 75 16 53 55 1.0
33 4 69 106 18 1.0
128 66 132 137 75 109 78 111 77 82 147 20 149 22 91 124 61 127 1.0
6 73 42 41 111 143 117 1.0
70 42 140 14 15 148 120 1.0
131 74 110 55 88 63 1.0
128 129 5 11 140 19 32 49 68 71 84 87 91 94 102 107 115 121 126 1.0
64 100 134 14 47 80 48 18 82 119 24 121 30 95 1.0
35 69 43 14 144 16 114 145 48 19 115 89 91 124 1.0
98 67 72 73 107 44 80 83 23 20 117 119 56 26 93 1.0
2 67 72 13 141 57 60 62 1.0
130 79 1.0
62 101 78 23 1.0
34 68 8 75 44 108 46 111 112 78 18 12 115 28 126 1.0
16 124 1.0
8 16 147 19 149 22 28 37 38 39 49 56 78 84 89 96 97 99 120 1.0
129 130 69 136 8 105 10 75 87 56 121 26 93 1.0
128 33 65 1 135 138 75 144 146 115 83 1.0
144 97 14 1.0
2 4 102 104 73 106 75 140 10 9 111 117 118 23 56 122 29 63 1.0
0 128 66 131 132 37 39 9 43 75 11 60 110 144 145 124 1.0
40 73 43 75 140 143 25 58 124 93 126 1.0
131 58 89 122 124 1.0
43 101 6 1.0
3 140 13 146 149 24 25 30 49 57 58 62 72 75 86 99 109 123 125 1.0
128 66 37 11 140 47 113 114 85 86 87 24 58 28 29 1.0
128 64 69 105 9 74 140 147 19 23 57 90 92 1.0
0 32 130 132 69 8 138 45 110 143 61 93 86 54 87 58 29 126 1.0
96 6 41 141 46 144 83 149 118 60 93 1.0
3 136 74 141 47 52 59 28 1.0
98 130 36 3 6 4 105 107 109 46 143 144 80 86 88 29 62 1.0
129 1 132 102 107 142 113 119 21 117 55 30 127 1.0
96 67 6 71 73 42 12 92 144 145 146 83 113 119 27 124 95 127 1.0
58 55 86 47 1.0
0 131 134 11 142 20 25 31 36 44 68 76 80 91 95 106 116 125 126 1.0
99 36 131 6 91 80 86 119 56 54 90 59 29 31 1.0
131 133 90 71 136 27 143 50 147 122 59 126 1.0
2 98 101 71 105 9 12 92 79 49 112 20 84 86 121 59 60 1.0
98 131 69 6 73 78 113 56 90 1.0
40 0 98 1.0
64 2 3 100 34 6 66 104 12 76 45 47 16 112 51 117 118 1.0
72 52 53 20 88 1.0
32 131 5 92 18 147 52 86 89 126 28 93 25 1.0
64 4 58 7 104 11 44 108 110 75 144 146 116 86 22 120 26 59 1.0
34 100 5 102 103 9 44 50 88 122 95 1.0
68 72 40 12 143 144 48 19 86 57 92 1.0
44 77 119 1.0
45 142 1.0
3 53 119 1.0
0 7 136 105 139 114 83 53 22 85 24 122 60 93 1.0
32 128 67 100 104 9 139 85 87 28 30 1.0
128 35 5 69 135 136 110 112 83 51 85 55 58 91 125 1.0
131 70 17 59 95 1.0
66 67 75 14 79 81 26 61 1.0
54 27 62 1.0
32 6 72 41 42 107 75 79 81 51 54 118 25 122 60 94 1.0
72 9 112 149 1.0
66 103 78 111 113 147 52 85 56 91 1.0
96 35 9 41 105 109 15 19 148 85 118 117 62 1.0
131 105 11 13 143 145 20 118 57 26 60 93 1.0
129 130 37 41 75 143 16 17 49 83 145 48 22 24 90 30 95 1.0
0 98 35 134 103 104 43 113 115 21 23 88 121 123 61 63 1.0
96 81 114 120 63 1.0
90 147 116 149 117 85 121 58 29 63 1.0
96 64 136 10 139 76 141 78 116 54 62 127 1.0
64 33 39 137 11 45 145 55 125 1.0
129 37 5 135 71 143 52 85 1.0
0 128 3 70 135 73 41 139 74 9 18 50 54 55 126 1.0
28 21 102 95 1.0
128 3 4 26 136 8 139 108 43 82 94 90 30 1.0
133 8 73 75 141 79 49 113 53 86 21 22 121 31 1.0
96 65 3 4 37 68 135 7 59 138 108 78 16 85 119 24 123 1.0
132 7 8 10 146 36 55 58 61 62 69 79 91 96 110 111 117 119 124 1.0
43 60 1.0
129 36 134 137 10 145 22 125 1.0
129 35 8 105 140 108 143 15 81 116 60 62 1.0
0 35 72 107 12 109 108 16 80 146 18 121 91 92 93 1.0
0 32 37 103 139 47 48 80 82 124 1.0
0 128 130 99 104 105 9 13 142 143 48 19 84 116 115 119 120 1.0
99 4 37 46 47 145 18 49 50 119 24 1.0
129 100 71 16 117 55 122 59 1.0
97 34 41 107 120 1.0
0 33 97 102 8 9 44 115 53 88 58 29 1.0
96 7 41 107 11 143 149 87 25 122 127 1.0
68 136 42 108 16 83 20 22 88 57 125 1.0
64 3 133 72 41 106 44 141 12 80 81 88 57 58 91 1.0
103 7 10 16 50 147 118 87 121 1.0
73 53 124 12 1.0
98 52 69 68 1.0
0 68 138 143 147 22 27 62 1.0
96 99 6 136 75 115 55 90 1.0
7 73 75 147 94 63 1.0
0 132 38 43 76 12 46 49 53 119 124 1.0
96 32 98 66 7 106 107 13 46 15 148 53 120 57 90 27 92 126 1.0
100 104 72 137 107 79 60 1.0
72 9 74 138 142 16 145 49 147 50 85 24 61 31 1.0
32 1 3 131 68 70 104 114 56 89 122 126 1.0
131 67 37 102 107 111 48 52 119 24 94 62 1.0
97 121 100 38 42 109 141 48 17 113 53 22 30 85 89 126 63 1.0
72 9 76 140 78 142 85 24 57 122 30 1.0
32 98 69 38 71 7 75 77 15 16 81 117 22 94 25 123 62 1.0
49 36 135 1.0
33 34 35 68 9 75 76 142 115 20 23 121 127 1.0
128 130 3 2 71 59 105 109 77 18 51 53 125 25 91 29 127 1.0
5 11 144 31 35 43 60 61 74 76 80 84 87 96 105 107 119 120 125 1.0
64 129 98 130 35 131 39 44 17 19 122 92 94 1.0
0 114 117 118 30 1.0
128 3 131 134 7 9 142 148 23 26 29 47 75 79 81 95 104 119 120 1.0
0 2 135 105 9 44 76 140 145 82 83 61 85 114 23 120 125 1.0
33 69 20 57 29 30 1.0
3 123 45 80 56 121 91 1.0
83 27 68 1.0
113 68 141 1.0
96 103 71 140 13 46 16 93 122 61 1.0
130 12 77 144 18 26 123 1.0
32 130 34 101 40 48 84 119 121 123 95 1.0
128 29 1.0
65 97 131 68 73 54 124 1.0
2 131 38 1.0
33 130 100 141 30 61 126 1.0
33 68 132 38 40 140 46 16 81 85 53 119 88 57 90 1.0
1 98 4 134 71 70 110 146 22 119 24 56 59 1.0
0 36 71 136 103 138 43 143 49 19 116 21 86 24 57 56 92 1.0
64 36 68 73 91 141 28 79 112 80 92 49 52 123 31 125 62 63 1.0
69 101 7 40 76 109 78 14 141 82 147 18 119 58 91 93 62 1.0
69 133 7 108 12 112 51 61 30 1.0
65 2 5 59 109 14 110 112 124 145 82 84 22 123 31 63 1.0
130 35 90 104 136 76 44 12 143 112 49 45 147 119 122 123 60 127 1.0
64 100 36 134 7 40 6 143 49 20 53 86 21 26 1.0
69 37 7 138 79 51 20 85 53 118 88 89 91 1.0
65 121 35 6 138 108 77 78 14 141 50 117 53 149 56 89 87 124 1.0
148 52 55 56 57 58 123 29 1.0
97 130 35 99 133 1 36 4 105 142 80 51 120 121 90 61 127 1.0
0 39 106 11 54 123 124 63 1.0
0 1 16 53 86 120 1.0
0 130 143 144 146 24 28 29 32 35 82 83 87 94 97 102 106 119 122 1.0
33 36 4 71 8 10 14 79 18 19 84 23 55 89 61 126 63 1.0
11 76 1.0
0 66 4 37 71 140 44 17 85 119 94 122 93 62 1.0
4 71 138 49 115 125 28 61 1.0
96 132 100 138 75 13 47 80 84 85 57 30 1.0
129 98 134 12 44 46 78 45 18 115 120 121 122 1.0
1 66 4 136 41 19 21 120 95 1.0
8 110 111 82 29 84 21 23 125 1.0
25 140 21 1.0
131 5 49 61 57 59 28 125 62 1.0
96 32 3 131 4 102 6 75 76 44 79 112 15 116 24 57 92 1.0
98 133 102 72 43 78 113 149 120 1.0
32 34 132 103 8 137 74 76 142 111 143 48 21 149 24 59 31 1.0
70 7 137 12 14 125 1.0
59 22 1.0
4 105 73 13 46 15 79 82 19 147 115 118 149 51 54 92 1.0
2 66 7 39 10 139 114 85 56 122 93 1.0
99 5 41 43 12 76 28 20 85 118 56 26 27 60 30 1.0
0 64 3 68 36 70 75 28 109 79 124 146 21 55 26 60 62 1.0
99 36 37 38 8 104 108 112 16 82 115 20 84 87 24 63 1.0
39 118 14 1.0
80 116 21 44 1.0
34 131 36 102 39 8 42 139 12 76 78 74 147 84 21 86 125 1.0
65 119 1.0
129 36 102 11 77 60 80 145 114 146 51 23 58 124 93 63 1.0
1 133 6 135 41 46 83 117 87 88 90 91 29 1.0
130 69 102 6 10 106 141 49 57 1.0
65 101 42 139 11 141 60 111 15 116 21 54 120 124 29 94 95 1.0
0 129 130 33 4 137 138 12 17 51 52 117 118 55 28 94 127 1.0
50 3 36 28 1.0
37 7 44 45 48 52 1.0
130 67 37 69 39 45 92 146 83 117 119 124 30 1.0
66 38 108 81 17 119 30 1.0
0 128 132 102 105 106 75 44 110 18 1.0
98 132 102 45 143 16 1.0
140 109 78 47 79 53 22 125 1.0
98 133 37 11 16 51 52 94 1.0
65 68 5 104 74 44 79 111 29 147 122 27 61 63 1.0
34 133 9 15 50 115 22 120 121 1.0
128 123 38 30 1.0
4 104 75 16 112 114 50 52 84 121 63 1.0
67 5 39 105 42 106 12 109 14 111 113 115 51 54 26 59 1.0
97 132 38 70 41 74 44 109 46 79 113 114 84 20 118 88 122 120 1.0
104 41 14 143 46 84 86 25 126 1.0
67 4 69 7 75 19 116 21 120 123 1.0
98 142 112 19 148 86 60 125 1.0
65 131 68 100 101 137 11 13 46 15 144 83 117 25 92 93 1.0
131 104 9 44 13 141 143 79 110 18 51 147 121 1.0
72 105 75 45 110 48 114 54 24 1.0
128 2 67 9 11 141 110 15 112 14 113 115 52 22 122 61 62 1.0
96 130 35 72 136 109 16 50 115 20 21 22 89 30 31 1.0
2 98 105 74 43 107 10 11 52 149 31 1.0
0 97 34 68 73 79 17 127 1.0
66 100 37 102 39 101 73 106 107 78 145 115 52 21 1.0
4 134 6 136 9 143 22 26 27 33 38 40 49 53 73 98 111 123 126 1.0
121 97 4 134 8 10 11 74 113 84 56 89 90 27 60 62 63 1.0
32 141 117 87 61 126 1.0
9 42 74 14 115 54 119 86 1.0
2 124 1.0
0 132 133 134 10 139 12 21 24 29 42 50 51 60 75 86 104 108 112 1.0
97 131 69 136 118 23 95 127 1.0
73 106 110 1.0
33 2 102 135 72 142 48 145 55 26 123 28 1.0
37 133 78 51 19 92 125 62 31 1.0
96 67 4 39 103 106 75 79 48 81 146 82 148 85 61 1.0
11 144 17 85 23 89 1.0
65 123 30 1.0
40 72 108 110 87 1.0
32 35 100 72 42 45 111 16 49 80 1.0
0 2 134 8 136 139 22 44 45 69 72 78 89 92 98 103 113 116 124 1.0
8 76 47 48 146 120 1.0
3 10 74 19 88 24 1.0
26 132 13 1.0
64 100 37 136 73 42 91 144 82 118 123 92 93 95 127 1.0
3 38 40 74 43 139 78 23 119 93 62 1.0
129 34 36 102 70 40 44 109 46 143 147 85 118 149 26 91 28 1.0
65 34 99 8 9 40 107 12 81 21 54 122 123 126 1.0
69 134 71 135 107 110 142 92 17 78 51 52 147 86 57 122 60 93 1.0
132 5 18 147 24 25 32 33 44 47 55 75 78 85 98 100 104 105 111 1.0
0 91 135 1.0
64 128 98 134 145 21 88 59 1.0
1 4 9 137 116 117 123 1.0
100 36 68 135 139 77 143 48 112 147 86 55 123 60 1.0
121 68 7 138 44 142 110 18 29 83 21 25 93 126 1.0
128 134 7 136 141 145 148 29 32 70 81 83 84 92 97 101 116 118 124 1.0
116 148 54 1.0
33 130 99 36 4 70 38 39 137 105 78 146 83 85 60 125 95 1.0
73 137 77 48 92 1.0
1 66 68 101 102 132 74 109 46 141 47 77 82 83 79 122 125 1.0
103 75 43 77 78 140 112 46 107 84 116 22 88 90 127 1.0
288 290 168 234 174 179 214 254 281 282 156 222 190 1.0
160 256 194 198 295 168 297 232 283 213 151 187 252 285 255 1.0
165 167 297 153 186 219 285 1.0
289 196 200 203 219 206 209 210 214 246 155 284 1.0
192 259 296 189 248 219 285 254 1.0
161 225 153 263 169 205 273 212 180 279 151 249 283 156 254 1.0
192 195 292 196 291 295 171 203 239 178 211 181 183 185 218 158 285 190 1.0
163 185 293 166 260 173 270 243 244 278 152 217 154 191 1.0
200 243 196 151 1.0
224 226 194 259 170 238 240 276 245 180 279 280 153 250 221 190 1.0
192 259 296 266 235 205 284 183 281 218 252 1.0
161 194 153 166 263 297 203 204 175 272 275 179 281 218 219 156 286 1.0
195 196 255 232 204 187 238 178 155 158 223 1.0
210 181 1.0
197 169 175 243 282 1.0
162 259 227 229 199 297 298 203 204 268 171 211 245 184 220 189 1.0
224 193 164 167 231 170 207 275 180 157 247 189 1.0
192 194 154 163 1.0
228 266 268 172 237 208 272 277 216 185 154 286 1.0
192 288 194 226 230 263 170 236 174 177 210 180 181 184 1.0
227 195 296 277 190 1.0
267 207 273 178 150 247 151 221 1.0
224 161 163 294 295 168 231 202 205 175 245 283 188 1.0
192 161 258 195 228 261 199 296 299 237 270 271 239 273 276 244 153 157 1.0
224 185 198 262 201 269 183 280 249 222 1.0
260 261 294 234 267 205 273 180 212 214 249 154 221 254 191 1.0
257 259 291 260 283 284 1.0
193 194 261 166 299 177 178 215 285 1.0
259 263 266 151 280 292 165 298 179 187 190 200 205 207 212 222 231 240 251 1.0
289 168 170 203 268 205 270 283 273 177 154 187 188 221 222 1.0
256 258 226 228 293 233 299 172 204 209 210 212 280 219 284 286 1.0
219 188 1.0
224 292 299 248 221 1.0
233 179 189 1.0
256 289 291 292 164 266 241 211 277 183 218 1.0
194 228 249 271 175 245 151 281 215 251 159 1.0
193 198 169 202 171 237 239 181 183 217 1.0
257 260 264 270 154 286 159 296 297 179 193 210 213 217 219 220 229 246 255 1.0
231 169 272 187 190 223 1.0
170 266 1.0
196 295 231 167 199 238 274 210 244 214 156 285 286 1.0
164 173 208 213 247 186 252 1.0
256 226 291 165 198 263 168 296 268 237 216 244 152 249 282 284 285 223 1.0
196 231 169 265 173 237 175 243 182 184 284 287 1.0
210 154 214 1.0
258 165 262 294 299 205 207 209 274 179 181 218 188 191 1.0
225 227 261 205 269 175 215 248 190 1.0
162 174 246 215 219 1.0
256 165 261 232 267 171 237 245 278 281 251 284 1.0
256 225 259 271 273 178 211 180 215 184 151 154 188 285 222 191 1.0
224 166 218 202 267 250 174 239 242 247 281 215 219 1.0
224 159 294 168 232 173 237 241 178 277 282 252 253 191 1.0
290 262 199 250 220 286 1.0
257 292 164 264 201 266 203 204 209 187 252 253 158 1.0
193 161 260 262 295 200 167 266 267 242 211 244 213 245 151 280 155 1.0
162 195 196 292 169 171 270 177 184 154 190 1.0
258 167 202 153 218 189 1.0
160 257 293 198 297 276 181 287 1.0
278 282 157 290 163 296 175 176 189 191 201 203 205 209 220 221 233 240 243 1.0
227 254 1.0
224 225 290 229 232 201 234 267 174 211 243 184 217 221 1.0
163 295 204 205 175 240 241 239 211 182 216 218 283 188 191 1.0
194 165 198 232 169 297 234 204 168 176 220 280 186 158 284 285 190 1.0
226 258 251 215 1.0
159 289 217 292 299 206 244 215 249 186 187 285 191 1.0
291 201 202 234 204 299 268 203 176 272 182 248 218 284 222 1.0
288 161 226 195 263 200 199 204 272 177 178 211 183 280 186 191 1.0
291 154 267 206 273 178 274 245 183 152 250 187 221 223 1.0
224 262 263 168 205 273 181 182 283 284 159 1.0
272 242 176 168 1.0
259 227 232 234 172 239 182 183 218 156 222 158 223 1.0
194 195 185 164 199 200 173 240 184 217 186 287 1.0
223 291 295 168 298 204 241 244 214 220 286 287 1.0
256 280 290 227 164 230 232 235 241 212 182 184 249 1.0
224 193 292 229 165 265 234 298 242 275 217 286 223 1.0
290 172 268 212 286 1.0
250 170 299 290 1.0
269 208 180 181 152 221 1.0
161 226 163 197 296 201 298 299 207 239 176 184 282 219 1.0
178 235 174 1.0
291 196 200 187 242 179 277 246 282 251 1.0
288 229 266 269 214 1.0
163 297 267 204 176 279 152 250 223 1.0
256 201 171 177 246 183 1.0
256 257 258 263 264 233 299 272 241 275 182 216 152 1.0
288 159 162 291 263 295 204 236 276 279 280 282 155 221 191 1.0
166 203 182 214 217 159 1.0
160 258 185 261 230 201 297 270 244 180 182 153 285 222 1.0
178 211 278 183 222 159 1.0
161 226 291 197 168 235 205 211 213 214 152 189 190 1.0
198 158 1.0
192 262 295 234 268 187 172 176 242 179 245 182 152 185 218 219 255 1.0
228 166 199 296 170 236 207 177 178 210 244 213 214 217 158 157 222 1.0
256 238 211 182 214 281 186 283 1.0
192 225 166 297 237 274 186 190 1.0
161 260 242 244 150 250 1.0
259 203 213 188 159 1.0
259 196 295 296 231 199 200 273 276 282 1.0
289 195 228 231 158 201 170 234 276 189 285 283 253 190 1.0
194 172 208 253 222 1.0
200 284 278 254 185 251 188 157 222 191 1.0
194 219 220 255 1.0
267 273 178 181 247 222 191 1.0
294 201 297 209 244 184 1.0
227 164 230 298 266 268 205 175 208 210 179 186 219 254 1.0
208 169 251 1.0
161 226 227 287 163 261 167 168 298 238 210 181 279 216 185 284 223 1.0
217 294 287 1.0
173 165 1.0
199 203 299 184 157 158 159 1.0
225 162 197 165 231 170 208 209 181 182 151 150 218 279 189 159 1.0
162 163 165 198 295 229 169 297 171 273 150 152 188 221 1.0
295 173 271 150 187 1.0
161 298 269 175 240 245 150 153 157 158 255 1.0
193 163 296 171 238 218 188 255 1.0
230 269 238 212 221 153 219 188 253 159 1.0
197 176 180 280 255 1.0
225 226 162 229 262 230 264 297 201 299 237 175 209 275 212 282 187 190 1.0
170 188 154 1.0
258 228 296 269 210 244 213 157 215 154 221 158 287 1.0
161 162 299 175 239 246 216 219 152 1.0
289 164 165 230 249 261 299 176 208 212 247 217 223 1.0
163 228 263 203 237 175 213 249 1.0
196 228 260 171 238 243 212 211 219 253 286 1.0
197 170 211 277 283 1.0
170 299 207 240 208 242 211 212 180 150 248 253 222 1.0
269 271 279 284 294 295 296 180 182 186 195 198 202 214 222 229 231 244 247 1.0
167 234 299 235 239 240 154 191 1.0
160 162 255 164 229 230 199 234 202 172 298 240 241 278 184 154 287 1.0
160 257 194 163 292 261 230 168 268 237 207 246 279 185 190 1.0
266 295 1.0
256 160 295 299 235 238 251 159 1.0
288 192 225 233 204 284 1.0
261 297 234 236 213 216 220 1.0
170 269 207 179 247 282 159 1.0
160 192 162 196 263 295 297 202 171 203 207 271 181 1.0
161 194 260 167 264 299 174 175 240 207 245 184 286 255 1.0
162 262 236 251 254 1.0
193 265 238 273 152 218 158 1.0
227 293 298 274 210 179 255 1.0
225 162 226 153 194 298 276 185 218 223 1.0
192 162 292 229 198 168 207 240 241 276 150 249 282 188 1.0
192 228 165 264 235 207 272 177 178 211 240 285 1.0
224 228 230 232 203 236 219 240 273 184 187 286 1.0
196 235 283 208 212 245 246 153 218 187 284 190 1.0
179 165 1.0
224 161 193 227 294 175 178 254 1.0
160 164 229 292 198 200 171 299 209 241 278 248 217 286 1.0
256 258 260 268 277 278 159 288 160 293 165 294 296 180 186 196 226 240 251 1.0
195 164 255 229 200 169 233 171 299 237 207 177 273 280 285 251 157 287 1.0
159 259 196 165 233 299 155 174 275 276 277 189 217 251 157 287 1.0
225 259 229 295 299 174 271 156 179 276 220 215 151 281 155 252 255 1.0
258 294 295 237 208 220 1.0
225 169 205 242 178 278 151 254 1.0
196 263 231 167 297 204 243 211 213 150 246 283 1.0
151 281 154 155 157 162 294 173 175 181 189 195 196 215 225 226 228 240 241 1.0
224 280 290 259 291 261 195 203 172 204 271 210 246 216 252 191 1.0
257 194 258 196 291 294 164 264 206 174 272 151 283 253 159 1.0
257 215 197 168 169 298 207 209 210 254 282 283 156 286 1.0
160 259 271 241 244 287 1.0
274 154 220 221 286 1.0
160 290 165 166 199 202 172 205 270 271 177 210 244 181 248 251 254 159 1.0
259 166 231 251 190 1.0
258 226 230 199 231 177 276 251 157 1.0
162 202 242 217 189 1.0
259 157 1.0
160 262 296 297 298 206 207 156 210 278 183 252 222 190 223 1.0
165 199 173 240 156 151 280 220 254 1.0
180 263 1.0
228 196 230 199 266 204 236 241 209 185 1.0
256 224 194 165 294 198 232 265 296 173 205 188 213 281 282 220 253 1.0
257 232 235 240 211 180 276 245 181 219 279 159 1.0
256 228 197 166 231 296 269 173 210 212 213 249 1.0
196 228 199 202 217 282 1.0
289 201 250 237 244 186 1.0
160 259 228 297 266 171 270 215 1.0
159 273 243 150 287 1.0
192 161 297 265 206 174 177 244 284 287 1.0
160 259 198 211 150 184 251 156 158 287 1.0
224 193 259 229 230 263 203 216 219 157 1.0
288 257 292 295 170 206 181 277 1.0
225 161 257 229 168 266 236 204 240 181 182 248 220 1.0
251 230 1.0
162 210 1.0
160 226 232 269 178 276 181 247 184 155 158 286 1.0
227 197 293 235 236 237 215 251 279 254 1.0
257 259 228 200 186 171 175 272 239 275 276 245 279 281 282 286 287 1.0
168 203 204 181 157 280 154 283 189 191 1.0
256 260 293 261 174 176 179 244 275 184 156 286 223 1.0
227 260 263 170 299 172 205 279 211 277 214 247 156 255 1.0
161 154 171 175 181 186 1.0
161 226 259 293 230 167 264 261 269 176 178 275 181 182 278 219 1.0
226 231 232 235 269 208 209 241 211 245 215 188 189 1.0
280 155 283 291 294 182 183 186 189 192 197 201 213 226 233 237 243 245 248 1.0
248 226 227 164 259 262 294 265 176 178 280 152 159 1.0
295 233 237 209 211 183 219 223 1.0
271 278 153 282 283 160 161 292 293 171 177 190 193 211 223 225 227 228 251 1.0
288 289 228 199 232 186 170 156 184 249 250 220 253 1.0
225 257 232 169 234 170 235 173 240 242 243 276 217 189 222 1.0
224 217 229 294 296 170 171 174 238 272 178 213 277 281 156 190 223 1.0
217 166 231 207 176 180 181 153 186 1.0
198 294 203 181 182 279 184 283 156 157 286 1.0
256 289 258 164 199 168 210 274 218 188 222 255 1.0
261 197 206 208 251 223 1.0
226 162 233 179 248 153 220 285 1.0
289 293 198 264 150 283 1.0
288 226 262 200 240 279 248 190 286 1.0
153 284 157 255 1.0
225 194 195 292 260 295 232 235 272 240 241 251 222 1.0
168 202 157 278 219 221 1.0
200 292 1.0
277 151 282 286 287 159 290 163 294 175 181 193 194 196 198 200 227 246 255 1.0
224 226 293 261 197 168 232 234 298 170 282 174 205 154 1.0
228 196 260 197 235 240 180 246 214 217 156 157 158 1.0
226 292 165 166 281 264 234 235 269 212 213 252 216 185 188 1.0
289 169 173 185 220 287 1.0
257 259 228 292 230 298 203 237 207 209 210 221 253 188 285 1.0
229 166 235 175 284 220 1.0
264 240 285 1.0
290 291 221 227 1.0
288 164 272 152 153 1.0
293 213 279 280 247 190 1.0
267 269 275 151 283 292 184 187 193 196 199 202 203 221 235 238 240 249 250 1.0
256 193 257 165 263 169 234 240 274 181 150 279 152 155 252 184 1.0
291 165 199 263 269 177 274 218 190 1.0
256 161 226 290 229 294 167 231 265 264 203 210 279 282 283 254 1.0
160 192 162 229 231 202 236 205 219 240 283 156 277 183 281 187 252 285 1.0
298 235 171 174 279 183 154 219 1.0
225 194 258 295 265 299 204 207 156 180 250 251 220 1.0
225 161 230 166 234 268 239 272 188 243 185 282 158 220 285 254 1.0
281 249 269 1.0
193 164 235 237 239 180 182 254 1.0
289 290 197 262 202 204 269 237 173 208 273 275 243 221 1.0
225 223 261 165 199 269 207 222 243 244 276 278 246 184 185 285 254 255 1.0
294 193 198 1.0
193 290 227 228 198 232 168 203 205 242 283 220 223 1.0
160 161 227 195 260 202 204 236 238 241 178 244 248 281 282 219 1.0
266 244 1.0
217 261 168 172 236 178 247 151 185 1.0
266 150 279 283 285 289 290 162 298 172 173 174 186 187 198 204 215 231 249 1.0
257 153 157 217 221 1.0
224 161 260 292 168 209 210 179 243 277 181 215 245 275 1.0
192 224 223 229 166 294 295 297 202 268 174 208 209 240 181 249 255 1.0
256 257 258 155 284 160 167 170 180 200 203 206 208 212 217 228 236 239 242 1.0
193 162 259 292 228 299 190 209 274 220 243 244 277 252 254 1.0
255 196 294 206 215 223 1.0
204 172 271 208 274 287 1.0
162 292 1.0
288 229 237 270 244 287 1.0
256 225 290 195 226 194 197 161 232 269 181 279 248 217 253 1.0
195 167 266 205 238 180 279 251 287 1.0
290 293 201 202 235 171 208 177 274 242 246 278 248 185 187 191 1.0
224 289 258 228 171 172 270 174 209 275 213 218 283 252 159 1.0
249 269 1.0
229 203 267 245 246 182 282 220 255 1.0
258 263 240 177 275 212 1.0
160 262 199 209 244 150 255 1.0
257 262 268 270 274 154 155 286 159 169 299 178 201 228 237 240 243 247 251 1.0
169 176 283 157 191 1.0
192 162 291 230 297 202 176 254 217 247 285 286 255 1.0
160 257 224 163 292 230 202 270 246 251 1.0
193 226 249 232 170 299 266 268 271 212 214 151 153 1.0
288 259 164 294 262 295 298 204 206 274 244 279 249 188 285 1.0
292 167 201 171 205 270 212 180 276 213 185 157 1.0
256 258 259 279 282 157 290 293 295 297 298 174 183 205 206 214 221 225 236 1.0
192 288 261 167 266 267 173 271 177 243 181 245 215 216 253 250 285 159 1.0
163 260 232 297 202 269 220 222 190 1.0
243 220 252 239 1.0
225 291 261 267 175 275 180 212 150 247 253 1.0
224 257 223 259 292 195 172 269 175 274 244 277 280 155 286 255 1.0
288 161 259 167 241 150 249 222 1.0
161 166 200 201 232 245 185 157 159 1.0
196 275 180 276 151 1.0
162 266 269 208 159 1.0
296 172 269 212 216 220 1.0
258 261 150 280 290 163 170 172 173 200 213 219 233 239 243 245 247 251 254 1.0
193 259 291 228 196 263 238 240 209 273 244 278 281 282 253 190 1.0
162 194 231 269 210 214 246 156 221 255 1.0
160 256 226 260 261 294 233 174 223 1.0
228 232 171 173 271 208 176 178 211 214 247 183 156 285 254 1.0
160 213 183 184 281 186 187 216 159 1.0
258 198 174 1.0
255 249 293 197 199 208 242 248 153 155 152 223 1.0
161 258 203 172 273 275 212 219 221 158 159 1.0
163 164 169 202 267 204 269 205 173 209 274 211 284 219 156 253 1.0
256 288 258 195 228 292 227 260 233 201 171 267 178 245 250 284 221 287 1.0
281 162 1.0
158 172 261 262 1.0
299 204 177 249 255 1.0
259 195 265 208 180 280 253 1.0
162 260 262 172 173 239 273 151 218 1.0
260 271 272 244 249 251 254 1.0
259 271 277 278 286 289 163 292 297 189 202 205 207 216 231 232 234 244 249 1.0
290 223 166 295 236 205 206 176 241 178 247 280 218 184 255 1.0
281 264 169 267 236 235 206 268 180 277 215 184 249 187 223 1.0
194 281 294 268 238 252 214 150 280 153 218 219 156 189 1.0
165 264 203 212 247 190 1.0
216 199 1.0
289 193 195 260 293 227 297 273 275 277 246 281 155 284 158 1.0
160 194 259 287 293 165 170 267 208 272 180 155 156 189 223 1.0
226 259 230 272 178 285 157 1.0
224 257 162 260 229 264 171 203 172 179 277 214 215 216 281 251 189 223 1.0
193 194 293 167 201 298 235 175 273 210 247 216 283 284 157 1.0
164 261 231 296 299 203 175 272 188 284 253 218 156 189 1.0
161 164 196 198 262 263 267 236 243 246 150 184 286 1.0
256 259 261 230 166 235 174 239 271 211 212 181 214 282 155 1.0
198 206 178 246 247 215 222 159 1.0
270 271 155 162 297 174 184 189 195 200 214 219 232 235 236 240 242 244 254 1.0
225 299 206 272 277 1.0
265 267 268 275 280 287 295 174 194 202 204 211 221 225 229 238 243 253 254 1.0
192 225 257 292 261 231 199 265 203 206 238 176 272 271 183 250 283 1.0
290 263 264 170 204 179 277 189 152 253 1.0
277 181 1.0
208 196 212 1.0
289 294 232 179 212 216 249 253 1.0
290 259 228 197 294 167 263 227 234 163 208 209 178 272 212 185 223 1.0
289 161 259 196 263 295 264 202 203 235 299 241 242 188 150 215 252 191 1.0
256 225 199 1.0
256 224 291 227 165 281 196 270 177 242 245 280 217 253 191 1.0
192 153 292 229 296 298 236 273 209 150 281 187 156 190 1.0
294 199 200 297 168 275 280 1.0
229 178 274 253 254 1.0
288 226 265 169 234 270 239 280 154 189 254 1.0
184 237 1.0
256 260 154 178 183 189 191 194 196 209 214 216 229 231 235 244 245 250 254 1.0
293 229 177 178 243 278 246 253 1.0
288 289 292 230 294 234 235 204 173 172 241 281 251 253 254 1.0
193 195 294 232 237 271 274 213 214 247 152 279 158 1.0
161 162 227 163 165 199 203 237 269 207 177 243 189 217 220 285 254 191 1.0
279 282 283 284 289 163 164 180 191 196 209 212 216 221 234 236 245 247 255 1.0
161 289 226 259 293 261 200 175 272 273 210 245 246 186 220 285 223 1.0
206 263 1.0
231 168 233 171 173 270 240 243 211 278 151 215 283 253 159 1.0
225 290 292 228 166 271 272 175 242 220 181 182 278 184 185 213 188 223 1.0
260 266 268 269 152 282 154 284 292 165 168 185 193 200 206 222 225 238 248 1.0
228 205 178 157 222 255 1.0
228 263 296 298 171 241 215 184 153 282 221 191 1.0
290 196 200 250 234 269 207 272 242 179 181 278 218 251 221 158 1.0
160 288 248 195 259 165 263 232 206 178 243 276 279 280 281 247 190 254 1.0
197 203 172 176 211 252 181 185 186 284 221 255 1.0
290 197 175 242 212 246 217 159 1.0
224 225 167 200 168 297 270 239 178 274 180 246 215 153 282 252 285 287 1.0
224 225 162 261 268 188 179 212 278 152 217 218 219 156 221 287 1.0
256 225 257 292 164 296 271 272 242 181 246 150 184 249 187 1.0
258 299 155 187 1.0
290 199 233 202 203 174 1.0
288 193 167 204 283 281 219 159 1.0
260 265 266 270 273 286 296 299 173 174 186 210 211 228 235 237 252 253 255 1.0
201 235 270 177 211 220 249 251 284 1.0
163 165 210 183 156 1.0
226 235 213 198 1.0
256 160 225 153 156 158 1.0
258 226 228 263 212 279 156 189 1.0
192 233 235 206 271 273 248 1.0
160 289 180 295 1.0
218 170 261 1.0
202 171 206 210 246 153 286 255 1.0
229 236 271 274 217 187 254 159 1.0
248 287 201 172 240 241 272 247 216 254 191 1.0
225 164 260 230 167 267 177 242 275 249 1.0
288 225 162 163 295 231 235 172 204 283 214 183 152 186 219 223 1.0
288 291 292 229 198 200 266 219 271 180 278 151 153 282 155 188 190 1.0
160 192 260 197 228 167 204 178 180 245 279 248 187 285 222 1.0
288 291 260 293 264 266 267 241 243 182 216 153 283 188 157 286 191 1.0
288 280 163 259 207 244 183 152 216 159 1.0
267 235 261 215 1.0
161 259 198 199 167 297 202 234 177 210 209 276 181 212 254 1.0
290 195 292 297 266 299 204 171 207 211 213 214 246 154 220 191 1.0
257 293 205 238 208 283 243 246 183 280 250 251 159 1.0
289 203 180 248 251 1.0
272 277 150 281 163 168 169 170 193 202 208 209 220 225 239 240 242 244 247 1.0
256 257 266 280 152 156 287 161 289 168 184 186 188 193 201 220 229 241 246 1.0
192 291 292 198 167 200 201 234 150 152 186 1.0
288 225 197 198 266 284 255 1.0
256 225 153 229 198 295 296 197 238 150 217 252 1.0
224 171 223 1.0
169 151 1.0
287 238 272 154 159 1.0
258 229 197 198 200 201 170 295 270 271 242 275 182 150 281 187 183 1.0
257 163 292 181 1.0
259 293 264 170 205 239 156 274 177 252 214 248 218 188 157 223 1.0
258 295 265 298 173 152 155 255 1.0
153 260 262 200 265 267 177 209 278 184 185 154 188 1.0
198 201 265 152 249 254 1.0
224 194 260 200 238 243 244 245 182 246 188 189 1.0
288 289 162 259 263 268 178 212 245 215 217 282 220 1.0
289 257 259 265 266 202 268 172 178 275 213 284 279 218 252 157 255 1.0
193 262 167 267 270 182 247 220 1.0
192 259 196 237 270 275 245 214 279 218 187 1.0
257 170 297 1.0
165 231 232 174 251 179 277 182 285 283 220 157 1.0
192 160 291 293 198 265 205 175 239 243 214 279 215 283 159 1.0
239 176 243 212 150 156 253 1.0
231 172 176 215 159 1.0
261 264 266 271 280 157 159 289 177 181 188 209 214 226 227 232 238 251 255 1.0
192 161 291 165 168 169 202 170 234 236 206 282 299 207 275 153 186 284 1.0
256 257 162 227 242 185 285 190 1.0
259 228 263 167 250 269 205 174 211 180 277 182 151 285 247 221 190 223 1.0
287 293 234 203 172 282 270 240 275 179 245 244 154 158 286 1.0
226 195 259 285 166 265 210 275 150 153 282 219 189 287 1.0
160 161 229 201 297 235 270 251 208 179 211 152 250 187 1.0
224 198 167 200 297 178 181 151 248 222 287 1.0
288 199 265 235 214 191 1.0
259 165 296 265 201 297 204 249 285 1.0
163 261 295 168 265 202 299 263 237 176 240 178 209 276 218 157 287 1.0
176 189 286 200 1.0
185 234 221 223 1.0
288 289 162 163 257 224 198 295 201 270 273 209 275 284 185 156 221 253 1.0
191 296 202 173 270 271 209 241 180 214 217 282 223 1.0
160 191 223 197 281 165 218 236 237 249 282 155 255 1.0
192 256 226 167 265 209 180 246 247 150 1.0
193 197 201 204 270 208 275 181 214 281 158 1.0
219 270 1.0
192 170 270 210 180 254 246 247 279 190 191 1.0
292 199 203 246 216 1.0
199 296 233 265 269 237 176 241 273 185 1.0
289 195 294 266 170 211 151 220 1.0
194 236 268 180 153 223 1.0
194 228 200 265 278 279 152 186 285 1.0
201 169 203 268 269 234 212 213 1.0
256 292 266 236 268 175 272 277 182 183 221 281 213 219 252 285 1.0
257 226 260 231 168 237 207 179 183 152 217 247 1.0
257 162 260 230 264 182 151 186 222 255 1.0
288 289 291 292 205 247 151 282 284 285 1.0
293 295 235 204 208 243 275 246 251 252 1.0
248 289 162 196 231 154 218 234 296 175 272 243 215 152 250 189 1.0
196 237 273 277 155 1.0
259 228 265 275 244 219 189 254 287 1.0
227 260 202 268 190 208 150 183 151 185 278 219 220 286 1.0
288 257 200 264 211 245 278 215 277 282 189 1.0
162 173 283 273 187 1.0
200 265 168 204 240 176 219 157 1.0
165 268 280 184 216 1.0
202 271 1.0
162 195 292 197 293 234 173 239 208 177 180 1.0
261 293 200 185 186 1.0
219 180 284 254 1.0
208 245 151 250 188 157 1.0
233 202 180 212 244 1.0
202 178 285 1.0
201 234 236 272 251 1.0
192 291 261 170 270 212 246 184 185 221 1.0
290 166 202 298 172 272 216 283 254 1.0
194 162 292 260 228 261 186 263 266 299 164 209 274 181 277 250 253 158 1.0
260 228 232 265 168 240 285 190 1.0
289 193 161 164 166 295 168 170 172 268 206 240 273 211 154 1.0
224 289 258 198 169 234 268 247 280 156 1.0
226 203 1.0
260 297 173 206 187 280 219 1.0
289 291 231 168 203 211 182 249 1.0
226 195 196 153 292 202 298 203 173 234 244 277 279 249 154 159 1.0
229 200 232 235 206 275 180 277 246 183 281 155 158 1.0
160 193 200 178 185 191 1.0
193 163 228 165 232 297 219 207 274 251 254 1.0
290 164 1.0
170 221 1.0
162 291 230 167 168 201 298 203 237 238 173 209 252 183 248 185 220 254 1.0
260 231 264 167 173 207 276 183 281 254 1.0
241 162 298 1.0
227 260 229 164 204 206 188 1.0
194 168 267 211 156 1.0
162 259 163 258 166 250 267 172 237 206 210 245 281 186 187 191 1.0
293 166 231 297 234 299 173 276 186 252 1.0
225 193 194 161 230 265 299 269 153 282 284 1.0
258 196 298 204 238 210 247 190 254 287 1.0
200 257 180 223 1.0
294 262 232 264 202 267 206 239 175 207 238 278 151 214 217 250 286 159 1.0
224 290 232 234 203 277 150 280 282 1.0
185 298 1.0
165 262 264 200 178 247 218 157 286 1.0
165 264 201 233 168 204 206 271 251 241 178 152 217 285 155 221 1.0
233 202 299 239 178 179 189 1.0
224 291 172 173 272 177 180 183 155 254 1.0
193 226 236 270 239 174 283 274 244 152 155 1.0
256 195 199 298 172 268 242 275 179 154 283 285 254 1.0
225 262 167 199 154 250 265 205 269 207 243 245 279 186 188 1.0
192 291 287 165 154 264 201 171 239 211 181 218 254 255 1.0
289 260 262 167 231 263 237 269 209 241 211 210 150 215 214 253 1.0
160 226 197 199 202 174 271 151 282 286 1.0
169 233 203 299 236 234 272 283 214 249 282 251 252 253 1.0
290 251 1.0
256 197 169 268 239 213 182 152 1.0
212 222 1.0
263 204 207 183 248 1.0
163 164 200 299 176 240 219 1.0
260 294 169 233 299 204 237 180 246 153 219 157 253 1.0
262 263 275 152 285 158 165 169 170 298 297 176 186 198 199 212 217 239 254 1.0
160 161 227 165 198 199 232 172 271 272 175 241 279 152 153 250 155 157 1.0
266 280 283 287 160 291 165 299 175 193 201 210 212 222 237 246 247 252 254 1.0
257 194 260 199 243 180 1.0
153 296 278 151 249 1.0
160 224 226 230 240 279 217 1.0
159 288 193 197 230 167 169 177 242 188 244 182 150 152 153 252 190 287 1.0
290 176 243 247 249 1.0
293 231 232 234 204 236 243 276 246 217 255 1.0
161 260 165 229 294 168 202 267 177 178 243 212 213 181 279 276 1.0
192 288 163 196 165 293 261 202 172 269 238 175 275 216 1.0
165 170 171 205 270 243 276 152 281 251 252 286 1.0
289 262 205 246 188 1.0
162 195 260 154 167 201 234 202 236 295 173 299 178 218 223 1.0
227 293 240 246 282 252 157 158 1.0
256 185 271 239 278 248 249 250 155 189 253 1.0
256 257 223 226 164 197 185 171 203 174 242 274 217 220 157 191 1.0
240 221 223 1.0
256 226 195 199 266 271 208 241 178 274 244 180 188 151 152 277 252 189 1.0
193 289 163 217 265 171 299 206 175 243 276 184 253 250 155 189 255 1.0
227 196 261 229 197 236 172 175 240 177 274 179 244 276 207 252 223 1.0
208 251 213 219 1.0
153 272 241 210 275 278 246 249 284 285 1.0
248 173 294 1.0
178 171 182 1.0
193 291 230 167 297 155 269 176 250 251 253 1.0
