107 67 147 108 1.0
25 169 149 111 1.0
0 165 174 175 17 179 22 94 1.0
70 168 45 177 89 155 62 1.0
104 175 116 22 119 88 157 1.0
128 1 65 71 168 7 42 8 172 16 177 179 89 155 29 158 127 1.0
34 68 4 70 7 27 41 17 117 150 86 123 156 1.0
3 132 8 155 157 159 174 176 54 56 57 60 79 80 81 82 90 100 115 126 1.0
34 35 131 37 7 10 43 76 47 48 61 85 22 88 25 157 57 1.0
98 39 168 41 140 144 113 18 152 153 93 95 1.0
1 133 72 112 16 115 87 57 1.0
71 39 73 111 112 18 148 24 28 159 1.0
1 163 5 137 75 48 145 177 17 20 54 60 62 1.0
65 162 99 100 69 101 40 76 175 143 83 52 86 25 122 61 1.0
0 98 69 6 40 172 141 111 145 117 150 118 22 1.0
98 164 69 134 10 107 43 142 14 177 19 53 87 60 1.0
64 36 69 70 142 17 115 117 88 156 157 1.0
38 7 71 104 16 144 146 52 27 30 95 1.0
163 100 35 41 10 44 12 45 140 112 80 77 51 87 25 29 1.0
98 5 102 59 170 107 44 81 53 118 55 27 126 1.0
33 163 14 147 58 1.0
1 36 167 136 169 135 75 172 78 85 56 91 92 1.0
89 35 68 133 3 8 72 75 77 79 124 19 86 150 25 154 92 30 1.0
1 66 10 13 80 178 56 89 93 1.0
160 1 72 105 42 141 14 82 54 56 121 154 92 29 158 1.0
98 168 9 142 17 115 179 85 154 1.0
96 99 122 7 136 71 167 139 154 168 143 115 19 120 56 124 1.0
130 67 135 8 138 12 60 145 50 81 85 23 59 124 61 1.0
0 162 131 67 130 6 167 106 48 17 147 116 55 88 91 125 158 31 1.0
153 11 149 103 1.0
128 134 78 53 153 27 60 1.0
2 130 6 12 144 148 23 151 29 35 166 46 55 57 68 71 94 108 110 1.0
64 26 90 39 103 169 105 173 13 77 80 152 122 125 1.0
2 163 1.0
165 9 87 26 29 1.0
6 168 74 77 15 175 178 154 30 95 1.0
128 1 7 138 150 155 30 159 34 163 169 46 48 54 62 75 98 112 118 123 1.0
160 161 130 100 4 134 39 136 41 174 115 149 89 1.0
129 4 143 15 154 157 31 161 164 37 42 43 173 49 56 86 109 119 125 1.0
66 117 54 7 1.0
4 137 74 108 15 51 52 84 30 1.0
36 137 79 84 119 151 1.0
0 64 67 36 37 105 74 169 78 111 176 51 84 153 1.0
96 161 162 2 107 14 81 118 24 1.0
97 99 67 7 154 137 104 42 175 151 24 26 94 1.0
32 4 36 45 17 146 121 62 1.0
112 62 111 1.0
161 130 134 14 178 147 1.0
32 2 72 43 16 92 93 94 1.0
131 42 171 81 114 117 54 121 158 1.0
53 95 151 1.0
40 28 77 167 1.0
69 38 138 173 78 19 148 30 123 62 1.0
89 169 155 1.0
2 68 41 106 79 123 1.0
37 108 110 178 179 1.0
130 67 133 70 136 139 76 178 148 54 124 93 63 1.0
67 131 132 7 74 75 173 46 174 112 16 18 144 85 90 127 159 1.0
162 3 93 119 1.0
37 75 110 147 23 56 125 94 1.0
32 163 5 134 136 11 141 142 113 20 53 117 119 151 121 28 1.0
70 179 86 90 123 1.0
100 107 81 121 59 1.0
164 70 39 106 46 18 1.0
35 104 73 14 59 28 1.0
70 166 10 13 143 144 1.0
97 35 5 106 108 12 140 16 115 51 53 83 19 24 121 116 93 1.0
96 100 173 116 85 1.0
160 97 99 12 45 179 83 85 119 1.0
128 2 4 36 70 168 9 14 18 56 154 93 1.0
65 177 35 4 1.0
36 42 143 30 91 126 1.0
1 33 100 70 46 179 22 126 1.0
5 141 144 146 152 27 38 169 59 62 66 67 69 72 73 95 99 103 119 126 1.0
0 164 69 7 72 40 138 106 167 9 79 15 178 56 24 123 30 95 1.0
33 162 163 100 36 166 104 116 21 86 63 1.0
97 3 103 9 74 15 148 149 158 1.0
98 167 40 39 46 79 16 148 118 25 91 61 1.0
1 37 135 140 77 142 111 47 174 18 19 147 53 22 54 56 26 158 1.0
132 37 136 139 144 178 149 54 152 122 155 93 126 1.0
131 134 10 171 139 43 14 78 108 176 77 147 85 56 121 59 95 1.0
162 67 68 99 166 11 172 141 78 76 18 178 91 1.0
163 110 15 152 89 1.0
153 163 37 38 39 108 78 146 179 51 85 56 57 29 30 1.0
98 68 73 45 142 118 90 1.0
68 39 106 78 142 112 117 21 92 1.0
140 141 12 148 151 153 28 158 160 35 166 167 168 51 73 78 84 87 93 126 1.0
72 136 41 12 141 76 16 49 51 117 54 151 149 57 86 95 31 1.0
162 131 168 173 55 121 1.0
165 38 134 70 110 47 176 112 55 23 88 157 1.0
56 67 179 28 1.0
33 161 163 35 69 39 173 25 1.0
0 131 165 38 169 12 47 175 81 82 18 152 92 1.0
97 130 2 133 102 167 136 39 139 172 47 16 22 154 127 1.0
64 128 66 131 168 8 144 177 58 91 1.0
64 131 163 9 105 170 47 114 30 1.0
96 163 132 101 73 170 17 82 83 84 20 25 63 159 1.0
32 74 14 168 1.0
4 9 12 147 19 33 43 46 49 53 54 61 63 82 85 99 108 112 115 126 1.0
129 131 133 8 11 15 17 18 25 162 170 178 54 68 82 93 108 110 119 1.0
133 146 22 154 33 162 43 175 70 71 72 79 82 90 93 94 102 107 108 119 1.0
42 123 77 80 20 117 84 27 62 1.0
0 3 136 137 77 15 145 178 179 118 151 153 154 92 61 159 1.0
90 51 166 7 1.0
128 66 67 38 39 11 108 76 175 81 18 150 87 88 118 155 28 62 1.0
97 129 165 6 136 9 41 13 19 87 153 123 1.0
72 132 110 1.0
133 38 101 10 171 15 17 82 115 50 152 122 125 1.0
166 7 111 47 146 1.0
162 164 40 109 49 53 91 1.0
109 87 1.0
128 163 70 167 40 140 77 175 80 17 18 147 115 22 24 28 158 1.0
32 96 100 165 6 8 106 11 76 109 78 146 22 58 1.0
137 161 38 173 49 51 56 57 60 83 86 92 94 98 103 105 106 114 126 1.0
102 7 137 42 74 140 111 175 50 150 89 1.0
0 1 66 35 104 138 107 14 176 49 150 152 24 59 120 25 159 1.0
4 102 167 136 138 11 18 84 149 88 58 28 1.0
8 9 137 145 22 23 25 160 33 36 44 173 45 57 63 67 73 83 84 122 1.0
64 3 99 154 40 170 11 110 15 51 53 122 1.0
176 169 126 23 1.0
64 33 32 131 35 7 74 106 45 14 83 20 147 1.0
131 154 168 14 112 116 118 153 122 155 126 31 1.0
122 141 62 87 1.0
7 16 149 22 25 161 38 40 178 179 60 71 88 90 92 94 116 120 121 122 1.0
35 6 135 74 139 28 14 47 17 50 179 87 24 25 124 1.0
72 41 179 76 1.0
69 9 113 29 85 23 156 125 1.0
34 163 102 135 76 13 95 1.0
38 136 106 17 149 85 124 29 1.0
130 81 149 24 93 1.0
152 50 111 1.0
129 36 42 76 13 113 114 20 85 54 116 63 1.0
160 96 130 99 58 0 175 17 83 117 150 23 90 123 29 1.0
3 68 104 73 141 111 79 177 114 18 93 126 1.0
128 64 35 164 166 135 104 6 74 140 44 174 175 179 53 121 59 95 1.0
0 97 98 160 68 105 173 178 116 117 87 151 26 1.0
89 33 65 132 68 167 143 112 17 111 47 175 55 153 93 94 31 1.0
0 161 168 137 172 44 114 83 150 94 151 25 56 157 125 126 1.0
160 103 106 43 77 46 147 149 118 151 56 89 127 1.0
96 129 1 164 6 38 81 18 49 148 85 24 120 62 1.0
128 3 136 9 11 15 24 160 161 163 35 39 170 48 176 54 67 69 71 118 1.0
101 37 71 168 81 85 53 154 59 124 63 1.0
64 98 20 150 86 1.0
64 75 163 1.0
131 136 13 145 157 158 159 33 163 36 167 43 44 53 65 97 112 116 117 124 1.0
32 162 99 139 177 51 147 20 23 121 91 1.0
129 167 137 170 140 14 47 110 15 142 19 51 21 24 59 94 159 1.0
0 129 25 33 165 166 170 175 53 62 67 68 73 75 80 82 119 121 125 1.0
166 71 104 42 107 75 142 175 51 53 86 87 25 59 93 95 1.0
90 62 63 1.0
2 104 9 111 92 29 1.0
128 169 108 111 145 113 85 30 126 1.0
160 38 134 7 169 12 13 14 46 144 111 23 24 27 120 93 62 1.0
129 4 138 142 15 143 18 146 20 148 29 46 177 54 59 63 72 105 107 109 1.0
24 117 5 127 1.0
65 2 161 139 12 50 1.0
32 65 73 170 16 145 81 83 26 93 1.0
4 135 39 105 18 61 20 93 119 56 59 152 1.0
130 100 39 168 137 106 75 43 174 15 175 52 53 87 152 60 157 1.0
66 35 133 38 12 140 46 175 110 51 116 117 53 120 92 29 95 1.0
99 167 7 106 107 173 77 111 14 156 82 60 93 30 159 1.0
2 163 122 74 107 142 149 151 26 1.0
131 6 8 10 155 159 165 39 46 56 69 70 71 90 92 96 101 102 124 125 1.0
34 132 101 100 7 136 42 11 74 108 140 177 20 119 93 1.0
1 134 136 42 11 23 151 58 91 1.0
0 2 35 133 6 92 28 1.0
96 129 47 89 27 1.0
6 135 8 146 19 151 159 163 35 169 171 47 60 85 90 105 106 108 122 1.0
68 8 13 143 16 157 121 26 27 93 30 1.0
72 138 42 13 45 19 1.0
70 76 110 49 150 88 124 29 1.0
64 128 66 36 132 7 10 45 46 14 47 77 173 115 84 86 123 1.0
0 129 2 128 10 13 145 18 25 32 170 171 59 60 65 71 91 94 101 121 1.0
0 162 176 17 21 1.0
38 39 13 143 119 1.0
1 130 3 6 106 15 80 48 112 83 114 148 111 57 124 29 1.0
1 67 172 49 82 88 26 59 94 1.0
96 65 103 71 9 107 13 111 84 149 22 55 156 157 1.0
0 67 68 131 41 170 15 16 146 89 123 29 1.0
58 165 102 164 105 109 174 47 80 55 151 90 156 1.0
97 35 1.0
100 165 5 135 88 9 74 12 77 110 175 144 142 82 84 56 27 126 1.0
0 2 152 175 1.0
129 98 161 36 37 4 9 169 77 110 144 50 51 147 152 60 29 1.0
32 129 66 37 102 40 104 108 13 143 48 81 82 147 56 24 26 126 1.0
66 36 134 110 81 145 148 30 126 1.0
128 160 131 68 167 105 78 142 79 17 146 147 110 19 57 90 94 1.0
130 70 174 52 63 127 1.0
35 106 14 79 115 179 83 54 88 153 123 93 1.0
129 130 65 164 107 76 79 47 48 114 148 117 85 116 90 59 95 1.0
146 37 69 173 1.0
129 132 134 138 140 12 20 26 158 164 167 41 170 43 50 67 108 110 126 1.0
2 68 74 13 46 51 179 150 155 127 1.0
8 98 30 95 1.0
37 74 109 142 143 79 46 178 148 25 156 62 1.0
2 67 164 175 112 154 123 127 1.0
0 129 2 99 165 166 39 10 43 12 77 92 175 145 83 118 60 1.0
130 163 70 168 72 171 76 12 110 116 87 120 58 1.0
114 3 1.0
164 7 168 12 15 176 150 120 154 1.0
0 130 70 40 12 45 19 60 159 1.0
4 5 136 9 138 141 142 14 149 30 159 36 174 79 87 89 98 102 105 121 1.0
67 4 36 103 112 145 20 84 55 56 1.0
0 99 168 14 175 179 55 89 26 157 1.0
130 165 41 76 13 47 114 58 93 1.0
128 3 11 16 145 27 28 29 35 42 175 50 60 75 77 78 84 99 106 119 1.0
66 4 132 102 39 169 177 19 88 153 62 1.0
11 77 118 1.0
0 100 68 167 8 171 43 15 80 88 1.0
130 3 132 135 10 139 26 156 38 167 46 59 76 98 102 104 110 115 121 124 1.0
129 66 7 1.0
112 34 123 1.0
69 102 70 41 10 106 45 175 48 145 52 117 53 56 26 125 30 1.0
34 2 104 139 140 44 46 15 20 54 55 151 86 27 28 93 127 1.0
3 35 135 105 170 175 143 47 50 115 117 118 23 152 59 1.0
66 4 167 10 107 76 111 175 17 82 113 118 123 61 158 1.0
129 98 36 9 75 121 91 94 63 1.0
96 32 65 69 166 135 8 105 138 171 14 118 25 26 29 1.0
122 2 60 71 1.0
132 11 12 115 22 88 24 56 124 29 1.0
3 104 138 11 13 111 81 18 52 149 116 84 21 25 58 91 29 159 1.0
132 137 46 49 118 27 94 1.0
97 99 16 85 121 127 1.0
33 66 163 88 105 73 171 141 142 110 113 149 23 120 123 1.0
0 97 35 132 5 17 117 86 54 87 126 28 94 63 1.0
3 90 137 43 107 51 88 26 159 1.0
128 96 98 70 134 106 18 61 20 125 51 179 120 121 59 157 94 1.0
40 172 15 178 53 55 154 94 63 1.0
34 66 134 6 9 172 173 46 47 83 54 86 22 91 158 1.0
162 38 7 71 11 76 43 108 15 80 25 1.0
35 72 106 139 143 179 53 150 89 90 62 1.0
161 3 166 10 44 110 111 49 147 52 117 119 55 88 150 151 1.0
3 88 169 175 48 61 84 152 89 27 157 127 1.0
34 35 67 69 166 102 72 108 14 16 83 52 61 120 157 1.0
133 102 134 106 76 47 176 114 20 149 63 1.0
130 101 7 137 108 47 115 55 1.0
128 97 72 171 76 13 75 113 82 49 83 21 91 1.0
58 134 167 104 175 17 81 53 62 154 94 1.0
96 32 162 35 135 9 170 81 21 54 118 88 126 156 94 127 1.0
143 71 1.0
140 13 16 151 25 27 157 158 164 37 44 175 61 84 94 101 109 113 115 119 1.0
162 155 38 1.0
2 109 78 141 148 149 118 92 94 1.0
128 66 68 165 38 105 172 176 83 116 149 119 153 159 1.0
161 131 77 127 124 50 21 54 117 27 60 31 1.0
161 7 169 81 52 149 21 148 127 1.0
33 34 162 100 70 136 77 80 121 122 156 158 1.0
96 163 4 168 106 120 46 80 52 152 153 59 92 126 1.0
128 130 163 43 140 13 77 16 19 84 154 60 157 1.0
161 33 46 174 110 1.0
1 3 6 73 10 12 13 77 47 44 19 53 22 89 28 1.0
32 36 12 48 53 22 57 61 1.0
72 26 12 84 1.0
32 37 8 73 72 15 18 54 22 88 1.0
69 6 71 8 37 11 49 50 51 58 62 1.0
7 11 44 13 55 25 1.0
64 65 4 37 9 73 74 76 82 61 51 22 23 86 27 29 1.0
50 76 69 1.0
88 73 1.0
41 56 26 28 61 1.0
0 71 76 52 63 1.0
4 11 13 15 24 27 39 43 44 50 60 62 66 67 69 73 75 76 86 1.0
33 34 2 13 52 31 63 1.0
0 34 66 70 71 40 43 13 47 81 51 20 87 88 62 59 30 1.0
64 3 68 72 75 15 51 52 85 84 57 25 1.0
73 81 50 25 58 1.0
52 44 1.0
24 41 1.0
32 3 67 43 16 55 54 87 88 31 1.0
64 73 42 45 15 18 53 22 89 1.0
4 6 13 14 16 17 24 25 26 34 36 57 59 63 67 73 75 76 82 1.0
2 6 8 13 16 17 18 19 23 31 36 52 57 59 64 66 73 76 77 1.0
0 65 2 68 40 27 12 45 83 20 59 30 1.0
3 36 7 75 14 80 17 54 24 57 29 31 1.0
1 67 68 58 8 9 44 79 16 81 18 86 23 56 26 60 29 1.0
0 68 73 9 75 78 15 80 48 84 58 30 1.0
42 76 12 14 45 16 78 54 58 1.0
0 4 22 27 33 41 46 47 52 55 58 67 73 74 76 78 81 82 87 1.0
3 14 16 49 80 51 84 53 87 27 61 1.0
73 79 49 17 22 88 57 28 62 31 1.0
0 36 69 74 43 76 42 14 17 84 85 23 61 1.0
33 35 3 70 7 41 11 89 28 1.0
65 34 2 69 38 71 6 9 10 43 16 53 22 27 60 1.0
65 4 69 37 88 10 74 12 46 24 57 27 31 1.0
66 39 71 83 84 54 89 27 62 1.0
32 2 67 42 10 46 57 59 63 1.0
0 34 3 5 6 40 10 11 42 47 17 51 83 22 56 28 62 1.0
66 4 5 6 77 82 51 21 54 30 62 1.0
66 68 12 13 46 1.0
4 71 72 40 41 79 83 87 88 25 58 59 57 1.0
24 74 37 46 1.0
64 65 6 72 42 44 78 15 16 55 89 29 1.0
67 36 3 70 7 8 44 13 17 82 22 87 56 1.0
4 9 48 83 59 29 1.0
28 78 1.0
64 88 44 13 14 48 16 82 19 24 25 27 28 29 1.0
2 71 9 79 17 87 56 58 1.0
0 2 36 71 72 47 51 20 27 1.0
64 1 34 65 37 73 75 76 45 14 13 50 18 84 19 1.0
10 13 47 17 18 57 27 29 62 1.0
67 71 40 82 19 84 50 86 59 1.0
64 1 35 36 3 39 10 48 17 18 29 53 24 60 61 62 63 1.0
64 33 2 46 48 84 21 54 87 27 1.0
69 8 41 80 19 22 55 57 1.0
1 66 65 39 45 13 17 18 83 54 87 25 58 1.0
32 33 4 71 41 12 46 53 85 21 89 61 1.0
28 53 78 30 1.0
1 39 79 53 56 27 1.0
1 38 71 9 10 78 81 51 20 53 27 60 61 1.0
34 43 14 31 1.0
8 78 26 70 1.0
66 13 1.0
0 1 2 67 39 8 9 74 12 76 78 47 45 81 52 26 27 61 1.0
66 8 43 46 15 80 84 1.0
89 1 70 74 77 80 17 82 84 23 57 62 31 1.0
66 35 7 39 9 72 10 76 41 40 16 81 52 21 22 24 29 62 1.0
0 12 47 84 21 24 59 63 1.0
33 42 75 41 1.0
33 35 37 72 47 79 1.0
36 70 72 16 17 18 21 23 25 1.0
32 39 8 41 9 75 16 81 18 85 87 57 26 29 1.0
65 70 71 9 43 17 29 1.0
1 66 70 39 7 40 78 47 56 29 1.0
33 8 12 49 23 56 25 29 30 1.0
32 54 1.0
70 82 35 30 1.0
3 6 50 24 28 1.0
64 32 39 73 12 79 17 30 21 53 23 27 62 1.0
66 5 69 41 73 75 81 82 85 55 59 28 62 1.0
7 41 78 49 20 53 85 59 30 1.0
48 82 20 21 25 1.0
64 19 55 1.0
0 37 8 13 79 87 62 1.0
73 76 47 49 50 85 55 31 1.0
0 64 32 1 3 38 70 49 52 55 89 58 30 1.0
64 34 8 9 41 45 16 19 21 86 55 89 58 29 30 63 1.0
5 6 11 13 15 17 25 27 32 40 47 58 66 67 70 72 75 86 88 1.0
67 69 71 72 73 52 86 30 1.0
0 68 70 71 72 7 41 75 12 38 46 79 83 23 59 63 1.0
73 34 7 1.0
88 1 72 86 1.0
9 21 23 24 25 36 44 50 52 53 54 55 56 68 72 74 79 87 88 1.0
8 33 1.0
33 4 7 9 76 44 47 79 19 26 29 63 1.0
64 4 5 38 8 40 42 12 13 47 85 22 87 58 27 28 61 63 1.0
67 35 39 42 75 79 18 55 26 1.0
1 34 35 2 69 37 39 36 73 68 75 43 45 79 80 82 89 57 1.0
3 71 42 76 13 81 83 30 1.0
4 12 77 1.0
64 65 8 40 42 16 17 81 83 1.0
66 36 4 7 72 73 41 44 12 46 81 49 83 88 25 1.0
2 67 36 5 37 69 68 9 72 76 44 82 61 52 21 87 29 1.0
64 32 0 40 10 44 80 50 24 58 27 1.0
67 4 70 39 40 42 76 13 44 12 49 82 81 86 23 89 1.0
64 44 12 46 14 80 81 82 19 85 55 87 58 60 1.0
32 69 70 72 17 18 84 1.0
66 47 1.0
2 35 69 5 9 84 86 89 1.0
72 43 45 1.0
33 2 34 68 5 70 9 43 13 48 82 83 18 53 61 1.0
2 68 27 41 12 76 45 13 48 52 85 55 23 24 21 26 88 30 1.0
2 36 5 39 7 43 13 46 77 50 85 55 61 1.0
33 9 16 81 30 1.0
65 68 37 4 42 45 46 17 20 85 29 30 1.0
69 72 74 13 46 47 18 61 55 29 1.0
64 2 5 6 70 69 10 43 74 76 14 81 21 30 1.0
1 9 12 18 22 27 31 33 36 39 45 46 62 63 65 80 82 84 89 1.0
33 65 34 4 10 13 45 16 83 54 23 56 63 1.0
36 5 37 69 75 80 82 52 55 1.0
1 70 38 78 46 48 85 57 61 1.0
89 52 15 1.0
32 1 34 67 37 74 11 13 46 48 51 87 23 56 86 31 1.0
69 6 72 11 14 15 48 29 20 85 23 57 60 61 30 1.0
37 69 39 14 52 58 61 1.0
0 32 14 16 19 87 29 63 1.0
66 3 71 43 44 76 79 48 54 89 58 59 1.0
64 3 11 79 48 82 61 85 87 29 1.0
4 69 39 54 30 1.0
33 34 67 69 38 72 41 42 46 16 81 82 51 24 60 1.0
65 66 6 38 43 13 46 47 49 18 62 28 30 31 1.0
1 69 6 38 8 42 44 14 48 16 18 82 53 22 85 55 27 60 1.0
32 38 8 45 15 18 23 89 59 1.0
39 72 43 45 78 15 50 19 51 86 62 63 1.0
0 3 70 39 41 45 14 79 16 19 20 21 24 30 1.0
65 1 5 12 83 84 30 55 57 29 62 1.0
62 25 22 1.0
33 66 70 40 41 74 14 1.0
35 40 8 75 12 13 43 21 55 87 88 85 29 1.0
64 1 67 35 5 8 40 46 14 48 58 30 1.0
38 70 10 75 12 79 16 81 80 21 54 23 55 59 28 29 1.0
32 34 4 70 9 10 42 12 45 47 21 86 25 58 27 60 31 1.0
11 76 31 80 17 49 51 52 20 54 88 57 60 30 63 1.0
5 6 38 73 42 80 49 82 83 21 53 56 89 58 31 57 1.0
32 36 70 11 46 15 20 84 63 1.0
64 65 56 9 75 13 79 48 84 53 54 52 24 22 26 60 1.0
33 68 8 15 17 53 59 1.0
33 11 12 16 19 60 1.0
6 7 53 22 27 28 1.0
36 5 7 73 75 18 82 54 23 1.0
25 4 31 1.0
32 1 36 72 42 47 16 19 1.0
64 0 2 1 74 44 14 47 16 17 18 52 21 55 1.0
67 7 8 39 44 78 50 53 85 31 1.0
66 35 9 47 48 18 61 30 1.0
37 8 11 61 88 57 58 29 1.0
48 5 70 14 1.0
66 2 72 76 44 78 47 48 79 85 61 1.0
65 72 73 42 75 12 44 14 15 82 51 52 53 19 55 23 60 61 1.0
0 34 69 38 7 75 11 46 80 50 29 20 23 24 56 88 61 63 1.0
0 4 37 18 54 22 28 1.0
64 66 67 37 79 51 20 1.0
32 2 3 74 45 79 52 54 55 60 1.0
37 69 72 46 79 80 81 83 52 21 1.0
3 40 75 80 49 82 53 60 1.0
64 1 65 67 69 5 39 8 37 44 16 19 21 53 23 60 30 1.0
32 64 36 37 71 8 75 48 54 23 86 1.0
2 36 68 39 77 15 51 52 85 53 87 25 27 1.0
65 46 78 56 88 1.0
0 6 7 12 24 26 32 41 50 53 56 58 60 66 67 68 72 76 80 1.0
64 69 77 48 89 28 25 1.0
68 37 41 75 87 27 28 1.0
35 71 74 15 49 84 55 23 1.0
0 4 5 6 8 25 29 34 37 38 40 55 61 71 76 77 79 83 85 1.0
35 40 73 43 80 21 63 1.0
32 0 2 36 8 59 42 57 26 27 60 1.0
1 67 9 76 13 14 52 31 1.0
64 1 32 3 69 70 7 72 41 42 50 85 1.0
6 72 77 45 80 17 48 89 61 30 1.0
0 6 8 9 19 20 24 30 32 33 36 38 44 53 57 68 71 80 83 1.0
67 68 69 46 78 80 50 53 28 29 1.0
2 36 69 72 8 81 20 53 86 24 1.0
67 39 77 79 82 29 1.0
65 34 70 15 49 19 83 54 29 62 1.0
64 33 1 68 37 5 40 8 73 21 54 55 87 26 1.0
4 69 7 71 84 23 1.0
65 5 37 13 46 15 28 83 52 60 61 63 1.0
64 41 12 15 18 19 52 23 86 22 84 26 1.0
36 7 74 16 80 19 29 31 1.0
2 5 9 11 17 27 28 47 49 50 57 59 60 64 65 72 80 82 83 1.0
32 1 66 3 38 72 41 74 43 45 80 50 18 52 57 58 63 1.0
67 46 1.0
66 5 41 42 75 47 20 23 56 57 27 60 31 1.0
33 66 68 8 73 76 48 52 53 54 23 24 25 29 31 1.0
3 35 67 42 10 76 14 23 87 57 61 1.0
2 35 74 46 78 61 62 1.0
65 36 9 42 77 48 49 50 19 53 30 26 62 63 1.0
67 7 40 41 11 44 16 81 82 19 29 62 63 1.0
67 35 70 39 74 10 79 48 83 53 54 63 1.0
2 6 14 15 17 19 21 26 29 39 52 56 57 62 69 70 82 85 87 1.0
68 36 38 77 22 23 27 60 1.0
1 39 42 11 74 52 87 1.0
65 33 67 39 47 83 21 24 60 1.0
32 2 69 7 42 12 76 46 48 18 22 26 28 1.0
36 78 39 1.0
35 69 5 39 72 71 78 53 54 87 89 1.0
2 37 46 1.0
64 38 73 22 87 24 57 1.0
65 35 73 47 80 15 21 55 88 25 28 63 1.0
2 68 4 70 40 27 12 48 17 80 87 24 57 59 61 1.0
35 4 5 6 72 9 78 47 80 17 85 59 61 62 1.0
2 75 12 1.0
39 49 18 83 52 85 27 28 29 1.0
65 2 3 4 7 73 12 77 13 76 80 49 17 19 85 88 58 30 1.0
0 68 36 40 10 46 86 63 1.0
36 69 12 14 47 80 62 1.0
34 67 38 73 42 18 19 21 87 60 29 62 1.0
70 24 26 59 30 1.0
65 35 4 6 73 9 16 87 1.0
67 39 43 12 77 45 50 84 87 1.0
0 67 35 69 37 6 5 38 74 3 70 80 82 19 88 27 28 31 1.0
0 36 8 11 44 80 22 63 1.0
3 4 7 8 9 11 13 15 34 36 45 48 59 61 62 65 78 85 86 1.0
33 66 35 36 4 40 8 74 21 54 26 1.0
68 77 63 1.0
1 3 6 9 13 15 24 25 38 39 46 50 54 65 66 72 75 77 87 1.0
80 69 1.0
32 68 5 6 36 10 46 81 17 20 52 54 23 89 58 28 61 62 1.0
65 33 35 11 44 49 86 57 58 1.0
9 15 16 20 21 28 33 34 35 37 49 57 63 64 67 73 77 88 89 1.0
35 5 39 83 53 24 88 25 60 30 1.0
0 42 76 14 80 19 22 86 58 59 1.0
65 33 37 71 40 72 10 11 16 54 61 62 1.0
33 35 37 39 71 80 16 51 20 85 25 30 1.0
64 4 8 75 82 86 1.0
65 66 33 70 8 75 49 82 83 22 23 58 28 1.0
33 34 36 5 38 40 72 19 20 88 25 27 1.0
67 5 46 14 17 28 1.0
33 71 39 72 9 44 14 81 21 22 53 54 55 58 28 1.0
33 36 7 10 11 47 15 17 19 83 21 86 24 27 1.0
0 65 66 1 69 40 11 12 77 15 48 18 51 85 54 22 24 53 1.0
64 65 32 6 70 72 73 12 13 49 85 24 25 26 28 1.0
82 35 86 1.0
6 71 47 16 86 59 1.0
3 79 1.0
1 2 37 38 7 74 46 16 17 63 85 62 89 58 29 25 57 1.0
66 4 69 68 36 77 18 20 21 56 25 31 1.0
8 75 45 79 17 83 52 85 28 1.0
1 67 70 38 72 42 43 44 14 18 26 63 1.0
2 34 6 72 59 45 56 25 27 61 31 1.0
56 24 48 54 1.0
64 35 36 39 40 73 14 19 84 51 22 24 25 59 28 1.0
66 69 38 41 11 44 78 30 62 1.0
34 14 80 22 58 1.0
66 35 67 3 70 39 41 42 12 79 57 27 60 29 62 63 1.0
32 3 70 44 78 16 81 82 17 53 87 89 61 63 1.0
41 80 81 87 28 61 30 1.0
0 8 80 63 1.0
67 36 69 72 75 44 82 55 26 59 1.0
88 21 5 39 1.0
68 5 40 72 51 54 87 89 31 1.0
32 35 5 6 40 41 74 11 76 78 49 52 87 88 28 61 1.0
32 33 0 67 3 5 68 39 70 66 43 12 78 15 14 86 30 1.0
1 45 1.0
38 76 22 55 59 1.0
6 38 70 73 40 75 76 77 78 43 81 53 23 56 58 61 1.0
68 10 75 44 23 86 87 56 58 1.0
32 49 21 1.0
32 33 68 71 7 14 79 46 18 83 84 24 57 1.0
34 39 41 50 84 1.0
1 34 69 16 50 26 1.0
54 63 1.0
67 70 43 79 87 55 56 22 1.0
41 47 23 1.0
0 2 68 36 70 44 45 78 80 89 61 30 63 1.0
66 69 71 8 42 74 10 77 21 23 88 57 30 1.0
0 32 49 55 63 1.0
3 36 70 72 43 18 87 25 29 31 1.0
74 42 86 1.0
37 46 15 48 81 62 1.0
17 84 79 1.0
67 5 6 71 11 75 15 80 16 56 89 1.0
26 19 86 1.0
0 67 72 11 44 80 83 19 23 89 60 31 1.0
0 1 6 43 76 13 83 21 23 56 25 30 63 1.0
40 73 11 28 45 48 49 17 22 88 25 26 60 1.0
64 34 2 67 35 71 39 73 77 45 49 63 51 22 26 29 31 1.0
64 34 42 76 50 84 85 24 26 29 1.0
32 1 66 37 12 46 16 17 49 82 84 19 87 60 29 63 1.0
59 44 23 1.0
65 33 73 9 10 77 13 78 47 51 19 86 56 59 1.0
70 41 24 25 59 31 1.0
0 1 67 68 37 71 39 12 44 15 81 83 52 30 1.0
89 77 1.0
37 15 49 50 18 52 84 55 88 25 1.0
33 3 69 8 41 14 79 50 83 84 55 51 23 56 25 54 19 63 1.0
32 35 73 41 15 16 50 19 28 1.0
33 2 3 37 69 6 10 11 44 79 81 51 20 19 89 29 31 1.0
0 65 71 74 79 18 52 85 27 60 1.0
3 38 70 72 6 74 75 42 39 78 16 82 51 83 85 54 55 61 1.0
28 61 60 55 1.0
3 7 40 42 10 44 45 15 81 55 57 59 62 1.0
32 65 66 4 6 70 42 78 87 58 59 1.0
64 68 5 6 71 70 41 14 79 48 17 81 83 49 21 28 61 63 1.0
1 38 40 10 78 21 54 88 63 1.0
77 18 19 20 51 85 23 88 87 28 29 1.0
73 26 20 1.0
34 4 68 40 14 22 1.0
65 5 78 83 28 1.0
33 35 3 7 8 77 15 82 83 20 52 29 1.0
2 68 36 70 7 76 13 85 30 1.0
33 38 7 40 9 74 49 88 30 1.0
2 36 54 31 1.0
33 66 71 44 49 19 52 21 58 61 30 1.0
0 35 4 41 74 14 15 81 19 84 85 25 1.0
16 32 58 88 1.0
39 31 1.0
34 44 47 79 18 51 54 23 87 60 1.0
71 42 10 77 46 14 78 17 81 83 79 57 1.0
64 3 5 7 8 44 50 51 52 88 27 1.0
34 67 40 73 47 27 1.0
0 1 4 69 39 12 46 47 48 49 20 84 26 60 61 1.0
34 5 38 6 71 44 48 83 20 53 54 24 1.0
9 45 14 49 82 1.0
1 34 2 4 70 73 18 82 84 88 57 27 29 1.0
56 36 5 41 42 76 79 17 52 21 53 88 26 61 1.0
32 1 0 5 10 13 78 48 80 16 20 86 22 87 26 28 1.0
4 11 78 53 30 1.0
3 4 8 74 10 44 46 14 85 86 55 59 62 31 1.0
3 10 15 16 25 29 31 32 39 40 46 50 64 65 67 79 80 87 89 1.0
0 3 43 12 82 87 25 27 29 1.0
2 36 39 12 82 87 25 29 30 31 1.0
76 15 47 49 82 83 84 20 52 89 63 1.0
82 54 1.0
65 34 27 68 1.0
88 49 44 1.0
0 65 36 69 39 27 41 74 11 12 44 78 79 54 86 59 29 1.0
67 36 71 40 41 42 43 11 13 10 47 39 51 22 1.0
64 1 34 36 69 72 75 77 46 47 49 18 87 55 25 28 30 1.0
16 29 1.0
0 2 68 36 70 44 15 18 50 24 28 61 1.0
21 77 1.0
32 69 40 74 50 83 51 21 86 59 62 1.0
0 30 63 1.0
35 9 75 76 77 15 54 1.0
34 67 43 76 19 84 53 85 87 88 25 63 57 1.0
3 72 11 13 47 48 18 52 24 27 28 1.0
68 38 71 9 10 75 76 44 78 80 16 50 21 24 58 1.0
67 68 6 88 8 75 12 78 79 16 50 51 21 24 57 58 27 31 1.0
2 4 5 70 68 72 75 12 78 53 86 87 1.0
64 65 4 69 71 40 75 11 77 78 47 45 81 83 22 56 61 62 1.0
179 103 1.0
96 162 163 100 133 166 167 137 140 172 174 142 109 115 154 159 1.0
160 161 126 166 134 102 154 106 105 108 111 176 177 114 148 118 122 94 1.0
96 128 97 164 166 105 172 141 143 124 177 146 176 111 148 91 156 127 1.0
128 96 165 102 107 143 147 179 149 119 153 158 1.0
171 116 117 90 158 1.0
98 163 111 144 178 118 1.0
97 162 164 103 138 107 173 145 178 149 118 119 1.0
102 139 147 116 93 152 92 125 126 1.0
130 166 104 106 171 149 120 1.0
129 135 168 137 106 107 152 115 116 147 118 150 120 151 125 1.0
128 161 104 170 139 143 113 124 126 1.0
120 139 134 1.0
128 101 103 141 174 112 145 179 147 1.0
161 101 168 105 106 171 173 142 114 151 122 155 1.0
130 93 133 119 1.0
96 160 165 169 170 139 141 142 177 115 156 1.0
164 138 173 143 145 149 150 122 155 157 1.0
96 159 162 128 130 133 102 103 134 169 137 98 111 146 115 148 150 95 1.0
160 130 165 103 139 148 119 1.0
163 122 140 90 124 1.0
129 131 132 134 136 143 148 156 158 161 162 178 90 93 95 105 110 113 116 1.0
139 144 149 151 155 157 169 172 174 175 177 91 96 99 101 106 108 117 127 1.0
128 160 153 163 133 168 141 120 175 156 146 116 149 117 152 121 92 95 1.0
136 170 179 140 1.0
129 130 99 134 136 178 1.0
128 96 161 132 133 102 136 106 127 142 125 118 119 90 156 157 159 1.0
161 166 169 109 145 121 154 93 94 1.0
96 164 134 168 170 109 175 143 116 150 124 1.0
116 119 157 175 1.0
98 162 170 112 116 148 118 1.0
128 162 99 102 105 109 111 144 145 177 148 119 120 123 157 126 127 1.0
148 116 167 127 1.0
130 132 134 138 152 157 168 171 178 92 98 103 104 110 111 115 117 118 122 1.0
177 172 1.0
162 167 170 107 175 178 148 149 150 119 120 153 154 95 1.0
160 131 134 104 169 138 176 1.0
128 130 168 113 119 1.0
129 130 136 169 106 168 111 176 115 91 156 1.0
121 122 94 1.0
128 131 100 132 137 169 107 140 105 175 112 147 90 91 93 158 1.0
129 169 91 105 108 174 116 90 155 158 1.0
162 130 98 134 105 138 170 174 175 149 117 151 121 124 157 1.0
128 98 126 100 122 106 170 91 118 151 120 121 90 123 158 1.0
161 100 101 166 135 136 168 109 173 124 146 179 152 92 1.0
97 132 165 133 104 140 109 172 112 116 120 122 1.0
128 179 1.0
96 162 102 104 107 142 175 144 174 146 117 119 121 126 155 92 157 94 1.0
96 161 98 99 130 101 122 170 110 125 154 123 124 93 159 1.0
102 171 107 146 115 148 178 151 90 124 126 1.0
130 164 167 136 169 170 103 137 173 171 112 113 151 156 125 158 127 1.0
129 166 135 108 143 146 149 151 94 122 156 126 1.0
160 130 141 123 157 1.0
160 140 109 142 175 178 125 1.0
164 138 173 110 147 118 91 157 95 1.0
128 98 131 132 102 122 104 139 174 145 117 150 120 90 94 95 1.0
96 151 118 103 1.0
160 153 162 101 165 135 107 172 173 124 178 121 92 1.0
161 130 100 103 109 111 155 156 157 1.0
129 162 161 105 170 107 172 109 140 144 112 147 121 122 156 126 127 1.0
96 129 130 128 164 171 140 109 115 120 121 154 156 126 1.0
134 168 105 138 174 112 179 116 148 95 1.0
143 113 178 122 124 1.0
97 162 102 103 168 105 137 170 106 136 110 169 178 120 122 156 157 1.0
129 99 100 104 169 170 171 140 144 115 116 150 152 154 127 1.0
99 166 169 173 111 116 91 157 1.0
97 101 165 103 137 139 172 171 143 147 150 121 122 155 125 126 1.0
160 130 133 134 154 158 1.0
130 134 143 145 150 154 155 157 165 171 172 176 177 97 115 117 121 124 127 1.0
130 99 172 118 153 1.0
100 164 104 170 123 143 176 175 146 147 121 91 92 126 159 1.0
162 163 167 169 106 121 154 92 93 1.0
96 130 100 165 134 167 168 101 138 106 140 141 102 177 150 154 1.0
134 102 168 105 136 107 174 110 112 113 146 117 150 120 154 123 124 94 1.0
148 92 1.0
177 156 103 1.0
128 99 168 138 171 139 107 110 174 112 109 148 150 120 122 155 157 1.0
129 162 99 100 164 131 167 154 174 175 112 114 151 122 155 158 95 1.0
99 133 139 108 110 175 176 146 179 148 94 119 121 90 156 158 1.0
115 131 164 159 1.0
131 170 106 125 158 1.0
161 131 102 104 137 106 139 110 177 145 147 115 146 119 120 122 126 127 1.0
166 169 106 108 140 110 127 1.0
137 106 1.0
129 91 106 108 109 143 113 114 177 116 146 118 119 154 155 1.0
100 165 134 166 168 155 173 172 175 176 113 178 149 119 122 91 157 127 1.0
130 101 166 107 111 176 145 143 118 120 125 1.0
158 117 94 149 1.0
161 99 165 137 175 146 179 90 92 157 1.0
99 94 111 1.0
133 134 104 136 170 107 175 112 113 115 149 124 93 1.0
96 137 116 168 1.0
97 163 131 136 169 173 142 113 146 121 155 125 127 1.0
137 139 141 146 147 151 155 159 161 164 166 171 172 105 113 118 120 121 126 1.0
135 138 106 109 90 95 1.0
128 129 166 134 105 169 140 141 109 178 119 91 124 1.0
167 104 168 138 140 141 144 178 152 90 158 1.0
98 99 136 106 117 150 1.0
97 162 102 154 168 103 138 171 140 107 178 147 119 153 126 158 95 1.0
159 161 99 101 102 136 140 108 113 146 177 148 178 152 91 93 158 95 1.0
97 130 102 137 139 178 148 117 119 154 157 1.0
160 128 98 100 132 167 104 140 1.0
162 163 132 134 166 172 141 174 110 112 154 95 1.0
130 107 139 116 155 1.0
129 169 142 177 148 90 92 1.0
96 153 98 100 164 104 108 173 141 112 145 177 176 152 121 91 158 1.0
120 157 1.0
128 104 137 106 172 173 178 154 127 1.0
132 170 138 108 106 142 176 156 178 145 115 116 119 122 123 92 159 1.0
97 161 101 172 173 155 159 1.0
145 179 165 151 1.0
162 136 146 120 123 1.0
102 136 168 151 158 1.0
136 105 98 145 1.0
96 99 101 166 104 137 138 168 158 176 178 179 150 151 120 94 123 126 1.0
115 133 1.0
131 100 109 174 144 146 178 151 122 92 1.0
131 132 101 167 168 170 139 140 95 1.0
96 162 100 133 109 145 146 119 151 93 159 1.0
97 163 90 106 172 146 122 1.0
96 161 98 135 104 105 108 109 110 147 116 149 118 152 121 94 1.0
128 129 133 136 148 149 153 170 175 178 90 93 94 100 102 106 117 124 126 1.0
138 143 1.0
101 103 136 168 171 176 120 122 92 94 1.0
131 135 105 108 142 174 121 1.0
96 97 160 135 136 105 107 109 111 176 122 91 92 158 159 1.0
161 97 140 142 113 155 92 1.0
164 137 171 140 111 144 149 119 155 1.0
98 100 103 170 150 121 154 91 92 95 1.0
131 132 139 149 155 157 160 164 167 172 175 97 98 105 109 114 123 125 127 1.0
128 161 98 131 133 166 103 104 171 144 149 155 1.0
96 130 99 166 102 136 138 110 174 111 149 156 157 1.0
145 127 95 1.0
100 90 106 172 141 143 118 120 121 122 93 1.0
129 130 164 167 136 105 138 172 144 122 158 127 1.0
128 97 130 134 167 136 154 109 144 93 149 119 121 90 123 125 158 159 1.0
160 129 97 163 101 169 148 123 125 1.0
115 179 102 1.0
121 130 132 110 147 153 123 1.0
138 139 172 173 142 91 157 1.0
146 98 1.0
129 130 163 98 102 169 139 171 109 174 176 177 144 150 1.0
128 103 168 108 144 112 146 114 116 177 149 120 121 127 93 95 1.0
130 136 139 142 94 1.0
128 131 122 169 141 142 178 119 150 151 154 124 95 1.0
163 164 138 139 141 175 111 113 114 177 151 1.0
164 101 169 171 108 172 144 177 117 153 154 92 95 1.0
134 103 167 106 174 175 143 113 178 147 1.0
97 130 131 133 165 104 106 123 108 141 143 146 152 155 1.0
163 136 109 144 119 124 127 1.0
161 100 137 173 112 146 147 152 153 122 123 126 1.0
130 131 166 134 104 109 174 156 117 149 123 92 1.0
105 122 111 1.0
97 100 106 139 173 143 147 157 154 125 127 1.0
161 164 132 103 168 136 106 108 120 112 177 114 179 118 152 156 1.0
168 130 107 1.0
128 96 159 162 132 169 171 108 177 121 122 91 95 1.0
129 130 99 132 131 167 104 103 135 107 143 115 153 157 1.0
160 165 135 105 144 113 148 151 120 121 1.0
134 170 172 142 147 121 1.0
130 163 162 103 136 167 104 140 109 141 113 120 122 1.0
96 161 98 139 144 115 159 1.0
135 168 139 178 121 155 124 127 1.0
120 178 135 1.0
160 129 134 167 104 105 176 147 149 1.0
129 99 100 102 103 104 120 92 156 145 116 119 152 124 158 1.0
170 166 1.0
105 175 116 149 148 158 1.0
163 132 173 143 114 116 126 1.0
131 101 103 169 178 116 125 119 124 157 126 95 1.0
96 129 97 160 130 123 172 110 179 150 121 91 1.0
162 158 172 109 175 146 178 149 153 123 157 94 1.0
99 100 101 133 103 168 158 91 107 140 141 142 111 135 178 152 155 126 1.0
166 140 145 149 118 157 1.0
121 114 155 1.0
123 143 1.0
128 134 140 146 151 152 161 166 168 174 92 100 103 107 114 118 119 121 126 1.0
133 107 173 178 114 147 93 152 121 122 155 125 94 1.0
163 166 105 170 112 113 93 1.0
160 163 171 92 93 1.0
136 173 147 93 119 151 125 1.0
114 99 1.0
129 136 147 149 169 170 172 179 91 104 107 109 111 112 114 122 123 124 125 1.0
96 102 135 104 108 176 145 179 116 123 1.0
129 158 1.0
131 100 101 102 106 171 141 173 109 178 148 125 117 158 157 94 1.0
163 133 104 105 137 169 172 123 175 144 178 118 152 122 155 124 1.0
160 162 132 100 134 103 137 107 109 141 115 118 119 152 124 95 1.0
99 164 131 141 145 116 127 95 1.0
160 97 166 136 172 173 175 146 148 153 154 156 94 1.0
131 139 149 151 153 154 160 170 171 172 173 179 95 98 104 108 109 110 122 1.0
168 138 113 152 157 1.0
163 100 135 110 176 116 117 95 152 91 158 127 1.0
176 165 1.0
161 129 164 137 138 171 148 117 122 124 93 159 1.0
136 140 154 123 126 1.0
161 162 164 132 165 107 172 142 116 149 157 151 155 156 93 126 1.0
163 90 103 106 108 173 110 111 145 178 118 152 153 154 92 157 158 1.0
96 132 134 135 111 146 147 155 95 1.0
163 138 171 143 145 178 150 1.0
132 166 135 136 105 106 134 109 141 176 146 148 150 153 91 124 159 1.0
132 107 155 145 150 152 123 127 1.0
175 130 148 92 1.0
99 139 110 143 177 117 119 90 92 126 1.0
162 131 134 105 169 107 140 143 113 146 92 1.0
130 131 133 135 137 148 150 152 153 163 172 175 98 99 101 104 107 125 127 1.0
161 130 102 135 136 172 140 112 114 151 152 155 159 1.0
96 129 164 101 135 104 169 106 141 173 92 143 113 179 151 120 124 93 1.0
96 161 129 163 98 101 137 138 139 140 169 111 177 146 179 148 119 157 1.0
161 98 100 122 167 169 107 155 143 176 113 178 177 149 118 154 123 127 1.0
100 169 116 1.0
97 131 164 165 104 108 127 176 115 116 155 156 93 95 1.0
128 133 101 135 137 173 111 113 145 120 127 1.0
132 165 133 169 171 108 140 144 145 124 147 119 120 122 92 152 1.0
155 116 1.0
155 140 157 119 1.0
106 171 170 175 143 90 1.0
132 134 141 144 148 157 165 169 92 94 95 96 98 101 104 105 110 113 124 1.0
161 162 100 167 170 106 111 113 178 146 156 126 1.0
135 138 147 153 158 161 163 177 178 90 93 102 108 109 110 111 122 123 125 1.0
135 136 105 106 139 178 117 121 122 124 1.0
128 129 1.0
130 135 107 173 175 112 177 115 149 150 117 120 153 126 123 158 1.0
169 170 109 142 1.0
112 128 125 160 1.0
128 130 165 137 105 108 173 144 178 147 148 149 150 151 90 91 1.0
160 161 99 132 103 168 106 171 145 114 152 153 120 157 1.0
101 168 137 111 143 157 1.0
97 162 168 105 107 108 174 148 157 1.0
129 130 99 162 90 167 138 123 173 142 111 110 179 152 122 155 92 94 1.0
159 102 106 116 117 151 121 127 1.0
137 143 148 149 154 159 163 167 169 170 93 97 103 105 118 121 123 124 126 1.0
165 168 105 138 139 171 174 143 111 145 146 113 154 155 156 93 1.0
96 160 126 101 107 145 177 116 118 121 154 155 158 1.0
133 135 1.0
160 98 163 132 166 168 106 107 110 145 178 118 152 156 93 1.0
139 145 117 153 91 1.0
138 123 134 167 1.0
125 157 1.0
129 131 137 139 140 143 144 175 114 148 150 121 155 127 1.0
96 160 132 137 141 1.0
161 106 176 144 179 157 1.0
155 150 122 123 125 94 1.0
160 98 100 104 170 139 172 108 176 115 150 118 153 122 155 124 93 94 1.0
170 141 142 177 178 1.0
120 91 172 1.0
160 104 136 171 123 108 174 155 107 119 153 154 91 124 157 94 1.0
99 136 106 107 173 110 146 123 92 1.0
128 99 171 139 173 178 95 1.0
154 139 157 141 1.0
128 106 142 110 175 114 179 148 154 93 1.0
97 162 135 143 144 123 124 158 127 1.0
130 166 142 145 179 156 125 94 1.0
152 95 1.0
163 105 143 146 147 153 93 1.0
164 171 142 174 112 145 115 91 1.0
162 131 164 108 173 174 121 122 91 1.0
159 129 96 135 168 144 147 122 158 127 1.0
131 165 135 137 113 1.0
96 164 170 107 140 109 174 112 179 149 156 157 94 1.0
97 166 167 106 138 173 174 142 177 149 118 153 1.0
96 128 167 173 110 146 147 120 90 92 157 1.0
96 129 100 132 134 103 104 107 143 114 115 178 150 120 92 1.0
96 128 129 97 163 98 102 166 168 105 137 173 122 91 157 158 95 1.0
160 129 98 131 172 112 145 114 147 93 149 118 94 157 158 1.0
161 97 131 102 171 155 107 147 90 91 156 94 1.0
96 169 138 145 115 122 91 124 1.0
91 163 93 167 1.0
164 108 174 146 116 120 121 154 123 124 1.0
98 130 132 134 137 170 145 178 114 152 154 123 156 93 1.0
129 161 99 122 109 114 117 118 154 156 126 1.0
130 154 141 176 147 153 90 127 1.0
96 99 139 111 157 93 1.0
98 130 133 168 173 142 144 113 116 149 124 94 159 1.0
169 117 1.0
123 164 126 1.0
129 138 145 146 147 151 157 159 160 169 172 174 179 93 103 117 119 121 124 1.0
99 166 107 175 144 145 177 116 150 119 121 91 158 1.0
130 163 132 133 90 101 137 140 173 113 177 122 123 1.0
128 130 103 136 109 141 143 112 113 117 151 120 153 91 125 1.0
176 129 1.0
128 129 153 102 103 105 106 111 120 121 157 1.0
146 124 102 119 1.0
160 130 99 162 167 105 106 140 172 110 144 176 178 148 149 123 125 159 1.0
96 129 99 131 101 100 103 164 105 176 113 178 124 92 1.0
162 100 101 133 136 110 120 90 156 159 1.0
161 98 165 138 171 108 111 178 114 121 91 1.0
162 168 108 173 143 175 116 151 93 1.0
129 131 132 135 153 156 160 178 93 96 98 103 105 107 112 113 114 117 126 1.0
96 129 161 166 107 139 174 120 122 125 1.0
97 129 168 138 171 109 110 145 117 119 154 155 1.0
134 135 168 107 172 174 92 124 113 144 177 147 151 152 91 120 157 1.0
130 108 110 175 144 177 111 122 155 1.0
128 132 134 167 168 105 138 110 112 178 115 119 121 1.0
163 164 99 168 137 141 174 111 176 142 173 179 147 120 154 93 94 1.0
128 162 98 130 101 133 134 163 139 107 142 177 119 148 151 121 158 1.0
103 169 112 115 147 149 118 116 152 156 1.0
96 160 100 166 107 141 176 114 146 1.0
128 132 165 166 103 92 156 177 179 151 121 91 124 1.0
166 104 170 108 109 92 95 1.0
96 130 163 98 167 139 107 173 155 171 113 115 121 123 124 93 127 1.0
101 169 170 177 151 154 1.0
96 130 163 166 167 169 90 1.0
159 161 162 132 102 167 109 114 91 95 1.0
96 134 135 143 115 116 155 1.0
96 97 98 165 109 110 175 148 150 155 124 157 127 1.0
98 100 143 145 153 155 94 1.0
99 164 100 167 136 137 173 152 122 156 93 159 1.0
161 130 173 174 144 125 126 1.0
128 132 101 133 169 107 139 112 147 121 123 124 93 1.0
166 170 172 141 173 1.0
161 165 102 172 109 140 175 113 178 179 124 1.0
160 103 104 172 92 156 1.0
131 133 136 140 141 152 160 161 175 90 91 95 104 112 114 116 117 118 119 1.0
130 139 143 145 154 156 160 167 177 94 98 100 102 107 119 121 122 126 127 1.0
129 133 103 174 113 1.0
128 164 138 108 109 174 177 146 113 127 1.0
99 166 167 170 116 120 127 1.0
128 96 1.0
160 161 98 163 100 131 168 137 174 147 149 121 90 157 1.0
121 132 166 168 108 176 145 148 117 153 123 1.0
161 97 133 165 102 167 168 138 139 145 116 124 93 1.0
112 177 92 1.0
129 98 101 168 172 175 176 111 179 116 149 119 120 157 126 1.0
140 92 1.0
128 97 130 135 103 169 104 174 111 177 146 157 156 125 1.0
164 137 169 139 173 141 116 157 151 154 93 159 1.0
115 165 1.0
160 164 114 118 124 1.0
166 173 147 93 94 1.0
166 103 168 136 143 177 146 151 155 93 126 95 1.0
132 135 136 105 171 109 110 175 176 112 117 149 119 123 1.0
96 161 131 164 165 138 106 142 178 115 179 147 150 121 122 94 1.0
161 163 132 168 174 179 150 154 92 93 1.0
160 164 105 107 121 95 1.0
129 97 99 132 165 166 105 137 106 143 144 145 114 178 148 151 158 1.0
128 161 101 134 167 135 168 103 104 172 109 174 146 150 153 91 1.0
128 97 99 103 106 172 141 112 179 148 147 150 151 115 94 1.0
102 169 137 110 119 120 151 126 155 158 1.0
130 164 102 105 172 153 92 125 1.0
134 137 139 141 148 150 156 159 161 163 164 172 177 98 100 105 106 110 123 1.0
128 162 165 101 137 172 141 175 144 112 177 150 91 158 1.0
140 176 113 90 125 1.0
160 99 133 103 105 138 107 106 137 117 121 1.0
160 98 132 168 171 172 144 112 114 145 90 93 95 1.0
100 165 134 170 173 143 119 158 1.0
169 115 109 1.0
130 136 141 144 158 159 163 167 168 172 173 176 93 99 101 102 103 112 113 1.0
128 138 142 146 149 155 167 173 174 178 94 101 106 108 109 111 113 115 116 1.0
