69 101 71 105 111 16 15 54 55 24 93 1.0
4 5 7 9 11 36 38 43 44 52 78 79 84 88 96 109 112 117 119 1.0
0 5 13 30 32 53 55 59 65 68 73 81 83 88 90 93 105 107 116 1.0
65 97 3 103 104 9 76 110 79 83 20 117 118 58 1.0
18 20 62 84 1.0
5 7 8 19 26 27 35 37 39 42 47 59 60 63 70 72 81 85 98 113 1.0
66 67 36 11 111 83 30 63 1.0
64 34 98 67 80 17 115 84 93 27 61 1.0
2 10 14 15 48 18 19 114 117 54 51 20 57 1.0
35 106 11 114 20 30 1.0
36 77 1.0
3 8 27 35 56 58 66 74 75 80 82 88 92 99 102 103 106 108 113 1.0
65 1 36 101 7 8 73 108 78 119 89 90 95 1.0
2 99 3 8 10 75 76 110 19 84 52 119 89 1.0
39 104 107 45 81 92 1.0
32 100 70 108 116 52 27 1.0
72 73 52 118 86 1.0
4 12 13 16 32 40 56 58 62 69 70 74 83 91 93 95 100 104 107 115 1.0
66 68 37 39 72 11 12 80 119 29 1.0
96 66 35 58 4 8 105 10 42 15 82 116 118 87 57 90 93 63 1.0
100 69 68 60 46 52 86 55 90 28 63 1.0
64 4 69 41 10 107 76 25 95 1.0
101 37 7 10 109 110 26 62 1.0
97 35 71 73 107 28 112 83 85 90 60 30 1.0
34 3 70 71 109 47 86 87 61 1.0
96 98 100 37 68 106 12 14 112 49 18 82 85 86 1.0
2 67 102 1.0
0 34 35 36 101 71 73 41 107 76 105 48 114 54 25 92 29 30 1.0
97 42 77 111 47 52 31 1.0
3 101 104 42 107 45 46 79 16 111 82 83 114 117 23 24 25 1.0
36 71 9 76 111 50 20 119 58 59 92 30 63 1.0
33 37 6 103 72 42 11 31 49 82 85 25 28 63 1.0
19 20 21 22 28 29 38 41 48 53 58 59 64 70 79 80 88 89 95 105 1.0
34 2 45 28 48 17 115 85 119 59 60 31 1.0
32 37 102 41 74 107 44 82 21 85 58 93 95 31 1.0
65 35 41 109 48 113 50 115 117 55 94 58 62 1.0
33 34 35 69 41 75 108 1.0
67 100 4 104 42 43 76 59 1.0
41 106 47 1.0
64 32 36 37 74 76 51 53 56 31 1.0
67 102 72 105 104 110 46 49 89 61 62 1.0
73 75 51 1.0
32 2 99 36 4 102 70 72 111 79 48 116 21 85 30 1.0
68 102 71 110 114 84 52 118 57 1.0
0 26 36 70 74 77 47 49 52 20 22 118 88 58 59 61 1.0
32 97 100 70 72 41 107 81 93 55 30 88 24 56 29 94 63 1.0
64 0 5 37 117 21 1.0
67 73 12 77 57 31 1.0
115 51 67 1.0
2 8 41 13 111 19 20 85 24 89 56 27 28 94 1.0
44 101 1.0
3 14 15 17 20 26 30 36 41 43 61 83 87 88 103 105 110 113 117 1.0
33 105 73 45 16 114 58 95 1.0
97 99 38 39 6 41 13 45 15 29 117 118 61 1.0
99 35 68 41 11 14 111 112 16 24 27 29 62 95 1.0
64 103 12 44 29 88 27 93 95 1.0
1 68 103 106 74 78 57 1.0
64 0 1 26 6 39 42 109 80 81 23 94 90 30 1.0
1 2 4 11 18 21 24 25 26 28 32 33 48 77 79 81 88 89 113 118 1.0
16 19 25 28 44 46 55 63 74 76 85 89 92 93 104 109 114 116 117 1.0
2 5 8 9 11 30 36 40 51 57 64 72 76 77 84 89 97 99 116 1.0
80 24 114 1.0
32 1 77 22 57 1.0
97 35 36 67 102 103 7 43 109 112 18 115 19 86 26 29 30 1.0
0 1 4 73 105 82 83 50 22 90 92 1.0
9 3 103 1.0
39 42 118 27 28 1.0
104 11 12 110 15 112 119 26 27 1.0
99 35 37 104 40 10 107 109 110 47 80 48 84 117 56 95 1.0
36 8 40 42 72 76 9 105 112 50 87 55 28 30 31 1.0
69 6 42 75 110 17 115 116 117 54 23 24 55 92 1.0
114 12 29 79 1.0
0 7 22 24 26 30 35 36 41 43 54 64 86 87 88 94 102 103 111 1.0
10 12 17 21 25 30 35 41 43 53 59 62 73 79 80 92 113 114 117 1.0
8 103 1.0
1 9 76 46 117 21 90 95 1.0
97 68 77 14 47 111 21 87 58 27 28 61 1.0
8 74 36 1.0
11 78 16 112 53 26 94 1.0
33 2 67 35 100 39 27 8 106 76 47 111 50 61 84 56 91 29 1.0
12 5 111 1.0
3 35 100 104 11 45 47 112 116 52 22 117 90 61 31 1.0
34 70 40 12 110 18 55 24 88 1.0
32 1 105 10 110 15 50 115 20 54 119 88 93 1.0
98 99 5 71 9 41 77 45 48 50 115 53 89 1.0
1 3 77 49 54 93 63 1.0
97 35 3 5 8 73 10 11 13 109 46 78 19 52 118 27 60 94 1.0
65 37 40 9 74 107 17 115 88 93 1.0
99 70 13 77 80 87 1.0
97 98 2 65 38 9 109 19 83 22 55 89 60 94 1.0
32 4 104 77 112 115 1.0
18 30 79 1.0
33 34 40 72 108 84 63 1.0
33 65 35 69 40 104 10 75 84 55 59 1.0
35 68 37 74 11 78 80 53 85 63 1.0
35 100 67 39 104 73 10 44 13 108 14 112 82 55 26 27 28 95 1.0
100 43 49 18 51 85 88 93 1.0
33 67 68 100 38 99 12 116 23 52 87 89 60 95 31 1.0
33 4 102 39 40 6 106 11 77 80 115 61 53 86 58 29 1.0
0 2 12 18 22 30 31 39 40 43 49 51 63 65 77 90 106 109 112 113 1.0
98 4 14 78 48 17 15 19 21 54 118 88 117 93 1.0
65 98 100 5 70 72 105 106 107 78 18 82 119 57 26 59 92 31 1.0
98 5 41 74 17 116 52 54 89 63 1.0
66 68 38 39 40 8 102 108 18 19 115 117 119 88 89 59 92 1.0
64 5 101 39 105 106 11 76 108 14 46 115 89 91 29 94 1.0
27 62 23 1.0
98 4 5 40 105 79 15 52 21 57 27 1.0
1 98 59 1.0
12 61 46 1.0
34 67 10 15 112 49 18 86 59 31 1.0
38 70 104 14 81 19 84 23 91 1.0
2 3 6 7 17 27 34 42 44 49 55 59 62 64 68 69 89 109 113 115 1.0
99 105 79 112 50 116 87 23 1.0
64 65 1 37 102 107 43 119 25 1.0
32 66 67 37 102 40 76 109 111 47 50 19 117 27 31 1.0
2 3 101 77 16 52 53 21 24 88 30 1.0
1 115 60 1.0
69 102 71 72 9 40 43 45 110 46 50 88 24 28 63 1.0
97 68 104 42 75 44 109 46 48 30 1.0
23 103 1.0
98 35 8 41 77 14 111 49 117 119 24 89 58 28 25 1.0
0 35 6 103 76 108 19 118 23 59 94 1.0
69 9 12 76 50 61 1.0
107 41 91 1.0
25 26 31 45 53 57 58 64 73 79 84 85 87 88 89 99 101 102 112 1.0
2 4 10 11 13 16 20 21 23 29 31 35 40 42 43 48 53 54 57 1.0
32 2 38 8 10 11 13 14 19 20 21 52 53 30 57 25 1.0
7 39 27 10 43 15 48 52 59 28 1.0
0 45 54 22 1.0
17 38 49 1.0
1 3 7 40 9 42 12 46 15 52 21 54 55 56 57 1.0
32 2 36 9 41 42 49 50 17 19 52 54 21 56 27 28 1.0
0 38 39 9 47 49 18 51 17 23 25 27 30 1.0
0 32 5 40 12 15 17 50 51 19 54 55 58 28 30 1.0
0 37 6 40 43 44 45 14 50 19 54 27 29 1.0
33 5 39 11 13 48 17 20 57 31 1.0
4 7 16 24 57 26 1.0
0 1 33 35 4 7 42 11 13 47 48 15 19 51 52 31 1.0
0 3 58 5 6 9 11 12 17 50 19 53 26 28 1.0
33 10 12 47 49 18 52 56 30 1.0
0 2 9 17 18 21 22 25 26 29 34 36 40 45 47 49 53 55 57 1.0
39 49 18 19 52 28 1.0
32 33 34 56 2 5 4 49 18 20 53 22 24 57 58 1.0
32 1 33 35 34 11 14 49 55 24 25 29 1.0
4 5 37 9 43 13 17 51 20 22 55 1.0
39 11 47 52 20 23 24 56 27 1.0
33 37 41 44 13 16 51 23 1.0
50 36 53 55 1.0
5 14 1.0
5 7 9 10 11 14 19 22 24 29 35 36 42 45 46 50 51 54 56 1.0
34 4 5 44 12 14 17 49 24 57 59 29 1.0
38 6 11 15 49 51 52 21 29 30 1.0
33 34 3 35 38 40 41 42 47 20 23 24 57 58 59 29 30 1.0
35 5 37 7 9 42 11 45 19 20 52 23 1.0
40 19 54 1.0
16 58 1.0
33 35 6 39 8 59 42 10 44 15 53 27 1.0
33 35 5 10 43 45 46 49 50 23 56 26 59 30 1.0
34 5 38 43 12 13 14 15 21 54 25 59 29 1.0
34 4 37 36 8 43 44 45 15 53 22 58 59 29 1.0
40 10 18 58 1.0
33 35 4 39 44 12 17 18 52 54 25 29 1.0
0 2 3 37 8 9 10 44 47 49 18 51 25 27 31 1.0
32 2 35 36 37 5 7 43 13 14 17 50 51 19 57 30 1.0
34 19 1.0
1 2 36 5 39 9 43 44 13 14 17 20 23 27 1.0
3 43 12 14 15 51 22 1.0
34 4 5 37 39 8 41 45 15 17 22 23 57 27 30 31 1.0
33 3 39 10 14 17 20 23 1.0
26 37 7 9 41 43 17 51 20 54 25 58 59 1.0
0 32 37 41 11 45 16 25 30 1.0
32 33 10 11 44 15 47 18 19 52 51 50 23 56 26 27 1.0
1 5 6 41 42 11 46 49 52 21 57 58 59 30 1.0
32 33 11 45 50 54 56 28 1.0
3 36 40 43 45 50 19 52 20 54 21 1.0
0 33 34 8 9 44 48 50 18 51 22 55 25 26 59 30 31 1.0
1 8 42 10 13 49 52 54 24 26 27 29 30 31 1.0
33 36 9 42 43 12 45 46 15 14 17 54 23 28 1.0
8 42 43 13 50 31 1.0
2 4 5 8 14 16 17 18 21 22 26 31 35 36 41 45 49 51 58 1.0
32 1 2 37 5 6 10 14 50 51 54 57 25 1.0
34 36 37 38 39 9 44 13 15 49 18 22 56 57 26 1.0
32 34 3 4 5 12 45 46 16 49 48 19 28 1.0
1 35 37 7 59 9 44 45 49 18 54 23 27 31 1.0
3 7 1.0
45 15 51 20 54 57 58 29 1.0
0 3 36 58 35 8 41 10 11 43 47 48 50 19 20 26 27 1.0
32 4 6 39 8 12 18 1.0
33 4 37 39 40 46 47 50 19 30 1.0
34 37 6 7 40 8 42 43 13 17 51 21 22 23 57 58 27 1.0
0 33 6 9 42 25 1.0
34 3 38 9 44 12 46 49 51 52 20 22 58 59 28 30 1.0
5 12 16 19 22 24 25 30 33 35 36 41 46 50 51 52 53 54 59 1.0
33 5 6 7 50 52 1.0
2 35 36 41 12 17 51 30 1.0
4 39 8 10 43 44 13 42 49 51 20 53 52 21 56 1.0
32 35 5 39 41 42 13 47 52 55 58 1.0
33 7 10 43 15 31 1.0
35 36 5 9 10 42 13 18 19 52 21 23 29 1.0
1 2 37 38 7 39 43 12 45 13 15 16 18 53 24 57 59 1.0
34 5 39 12 19 53 54 57 1.0
38 42 44 14 47 48 17 18 20 21 25 56 57 59 30 1.0
2 4 7 16 20 23 26 28 30 32 33 34 40 41 47 51 54 55 59 1.0
33 39 42 11 45 16 49 50 19 20 48 54 26 1.0
6 39 8 40 44 13 49 51 20 21 22 23 56 1.0
4 10 15 47 29 1.0
32 34 38 10 15 51 21 54 59 1.0
0 35 5 6 11 47 18 19 51 21 52 55 25 30 1.0
17 18 4 30 1.0
39 14 47 48 22 23 56 25 26 1.0
32 36 37 6 39 7 10 43 11 15 18 19 20 52 22 27 29 1.0
35 3 36 38 7 42 16 50 19 20 53 55 27 31 1.0
43 44 14 15 52 54 22 57 59 1.0
1 3 38 9 42 44 13 14 19 21 55 57 1.0
0 37 11 45 46 16 17 50 19 52 18 23 56 24 59 29 30 1.0
2 40 11 12 54 56 30 1.0
7 8 16 19 22 23 27 29 32 37 39 40 44 47 48 49 56 58 59 1.0
0 4 39 7 10 11 44 13 14 48 16 51 21 23 56 57 26 30 1.0
2 4 37 5 8 43 15 18 19 23 24 25 1.0
32 36 41 12 15 24 1.0
1 2 33 35 5 8 42 43 48 16 19 25 31 1.0
32 4 7 40 12 45 49 51 52 19 23 24 57 26 59 1.0
2 36 9 12 45 14 16 17 50 54 58 1.0
32 1 35 7 8 10 43 12 13 14 42 16 52 20 55 25 59 57 1.0
32 1 2 34 36 37 38 0 40 11 15 49 18 53 22 57 28 25 1.0
48 49 2 36 1.0
33 41 43 44 15 16 17 20 53 56 1.0
7 39 8 43 15 50 19 54 55 29 1.0
1 34 4 5 40 9 13 15 16 17 18 51 20 53 48 23 24 1.0
34 3 40 41 10 43 44 45 46 15 48 49 51 52 58 27 1.0
32 1 5 6 43 16 49 1.0
56 50 1.0
8 44 45 46 56 26 1.0
26 40 42 11 12 45 46 50 51 52 53 55 58 30 1.0
0 36 37 8 40 42 13 48 17 18 25 26 1.0
26 11 29 1.0
32 35 40 10 45 14 17 18 50 20 58 1.0
34 38 8 9 43 13 48 16 19 20 22 23 58 30 1.0
2 38 53 22 28 1.0
3 39 14 47 48 15 19 20 54 58 28 1.0
41 10 21 1.0
2 36 38 11 15 1.0
0 2 3 4 16 56 58 27 1.0
4 37 40 9 8 11 12 13 42 17 50 18 20 53 49 27 28 31 1.0
34 11 18 20 31 1.0
49 27 44 14 1.0
33 2 3 4 8 9 20 53 52 24 25 28 30 1.0
35 4 40 41 13 17 20 23 24 57 28 31 1.0
33 34 4 7 42 43 45 13 16 20 53 56 28 29 1.0
24 18 19 20 1.0
2 8 11 47 16 25 1.0
2 8 10 16 18 19 20 25 26 28 30 44 45 48 51 52 53 55 59 1.0
36 38 40 43 14 46 49 18 20 55 56 26 1.0
2 37 7 39 43 13 48 57 27 29 31 1.0
5 13 1.0
35 5 40 12 14 18 20 24 29 30 1.0
5 9 44 13 46 14 16 53 1.0
32 1 6 38 14 26 59 31 1.0
1 2 35 33 5 7 42 10 44 18 19 23 25 30 31 1.0
33 2 3 41 44 46 51 54 24 57 56 29 1.0
57 34 1.0
32 4 5 38 9 44 21 55 57 29 1.0
32 1 2 33 3 6 9 42 43 45 47 16 51 52 24 25 58 1.0
41 44 14 48 56 28 1.0
33 34 6 41 43 44 11 46 49 18 19 55 26 27 30 31 1.0
58 3 37 39 1.0
2 5 40 45 58 28 1.0
0 33 5 40 10 11 42 46 14 49 24 57 28 1.0
32 37 40 9 42 43 8 50 21 22 54 24 28 1.0
32 36 44 46 47 50 19 52 23 54 22 29 1.0
1 9 15 16 17 21 27 33 35 37 38 40 41 44 49 55 56 57 59 1.0
57 2 1.0
0 34 6 7 40 10 42 13 14 15 47 46 21 53 54 56 26 1.0
1 33 26 37 7 9 10 11 44 47 48 16 50 52 24 58 27 30 1.0
0 3 4 5 6 11 13 22 25 26 27 34 38 41 48 50 52 55 56 1.0
33 3 7 9 44 46 51 54 24 25 1.0
0 2 7 10 11 12 18 20 22 23 25 26 33 35 43 46 50 52 57 1.0
2 34 8 43 12 15 25 1.0
33 35 8 43 13 46 49 19 54 23 25 30 1.0
29 13 31 1.0
0 1 36 5 9 10 47 15 16 19 52 21 24 57 26 59 1.0
36 6 15 50 19 53 24 57 26 31 1.0
11 21 46 31 1.0
32 38 8 9 13 24 1.0
33 3 4 39 40 42 43 12 20 53 22 59 29 1.0
1 34 2 5 6 8 40 43 12 46 21 54 22 24 57 53 27 1.0
4 6 10 43 46 47 18 22 1.0
50 28 44 1.0
66 100 70 71 104 60 111 81 87 88 89 91 92 63 95 1.0
68 101 104 76 79 113 81 115 116 83 118 88 60 1.0
96 67 69 72 105 104 108 78 79 80 114 85 91 63 1.0
64 65 68 101 103 72 104 77 79 84 85 86 88 89 61 94 95 1.0
97 65 69 73 105 109 78 111 60 115 61 85 89 90 92 93 95 1.0
98 67 107 111 118 119 93 95 1.0
99 69 70 73 107 76 77 85 60 62 95 1.0
72 102 86 111 1.0
103 104 105 107 109 110 78 112 60 114 118 91 92 61 62 63 1.0
65 103 108 76 77 79 114 119 94 60 61 62 1.0
64 97 66 99 71 104 72 74 110 79 81 114 88 89 61 94 1.0
96 67 69 109 110 111 113 81 85 89 92 94 1.0
64 65 99 91 92 93 1.0
96 97 100 68 70 71 102 77 92 112 83 89 91 60 61 1.0
91 69 1.0
68 101 103 104 73 109 77 78 84 85 91 1.0
66 100 106 79 112 81 85 118 93 95 1.0
98 67 101 70 105 75 108 82 84 92 61 1.0
97 98 101 102 106 74 80 115 89 61 62 1.0
66 106 74 109 77 115 84 92 94 1.0
96 97 101 105 107 76 78 110 111 113 81 118 92 94 63 1.0
61 64 67 76 77 79 80 81 85 93 100 101 103 104 106 108 113 117 118 1.0
64 97 66 106 74 75 77 78 111 80 110 114 116 118 91 95 63 1.0
62 64 69 71 73 76 77 83 89 91 97 103 105 106 107 109 111 115 116 1.0
64 100 68 70 74 107 75 77 114 86 119 87 93 1.0
113 106 68 1.0
98 67 71 73 76 112 85 62 90 94 63 1.0
96 67 79 83 84 85 88 61 1.0
97 99 71 73 75 109 110 111 61 1.0
96 69 102 104 106 77 109 79 113 116 89 95 63 1.0
98 67 100 102 73 106 107 108 77 79 81 82 116 87 90 1.0
66 115 85 1.0
66 104 105 76 77 112 118 90 95 1.0
104 96 1.0
96 69 108 77 80 86 63 1.0
96 66 76 109 115 88 62 1.0
65 98 67 99 66 102 74 111 79 114 82 93 88 89 60 61 63 1.0
97 65 101 70 111 80 81 113 84 88 91 1.0
96 65 70 74 75 76 116 85 92 94 63 1.0
60 62 69 82 85 87 89 94 96 102 105 106 107 108 109 110 112 113 115 1.0
60 61 63 64 66 73 75 77 81 84 90 91 92 93 100 106 107 111 115 1.0
96 65 99 71 112 84 94 61 62 95 1.0
60 70 1.0
69 70 71 102 73 74 105 76 107 110 111 113 82 81 88 89 92 61 1.0
68 101 107 113 115 84 86 93 1.0
64 67 101 102 103 71 105 108 111 113 85 118 117 91 60 94 95 1.0
61 64 67 71 72 74 75 80 85 89 97 99 102 103 106 110 115 116 119 1.0
102 103 70 73 75 78 60 80 81 84 117 85 118 62 89 90 92 94 1.0
102 109 111 79 81 82 115 119 1.0
100 105 74 109 114 85 86 1.0
101 82 83 118 119 88 93 94 1.0
67 100 101 68 71 75 76 109 78 79 77 80 114 83 117 90 91 63 1.0
99 68 101 106 108 113 116 84 117 90 60 61 94 63 1.0
117 74 69 61 1.0
111 79 1.0
65 66 69 103 76 91 62 1.0
106 76 79 81 114 115 83 85 86 119 113 62 1.0
114 99 110 1.0
97 67 99 100 72 106 107 112 81 114 115 82 86 119 118 60 1.0
102 71 73 105 75 77 78 86 94 1.0
64 67 70 71 72 106 116 86 1.0
65 66 70 74 77 80 82 84 85 87 88 91 92 100 101 103 109 112 116 1.0
64 67 68 99 70 73 109 78 115 83 94 1.0
64 69 74 75 76 78 81 82 84 85 93 94 107 109 111 112 115 116 119 1.0
68 107 77 110 81 62 1.0
64 101 104 74 77 78 79 80 83 89 91 93 1.0
82 68 84 1.0
96 100 102 74 76 109 110 79 81 82 87 119 88 89 86 63 95 1.0
99 70 103 105 73 77 78 112 85 89 90 91 62 95 1.0
97 98 99 101 75 84 86 119 1.0
64 73 107 76 78 79 81 85 118 1.0
64 98 99 102 74 112 86 91 93 94 1.0
67 70 107 84 116 88 91 60 93 1.0
96 64 99 70 112 84 117 118 85 88 89 90 1.0
99 101 70 110 79 89 92 93 1.0
96 65 73 75 107 111 112 117 61 62 1.0
96 64 99 107 109 80 81 82 84 85 118 119 86 89 92 93 62 63 1.0
65 98 99 97 69 70 101 105 74 107 77 113 81 83 86 119 94 95 1.0
76 85 71 1.0
64 70 107 77 78 80 113 84 85 86 118 117 92 62 1.0
65 69 70 71 105 74 73 83 84 117 91 61 95 1.0
75 117 86 91 92 1.0
66 101 102 69 104 105 75 108 79 112 114 86 119 89 90 1.0
65 90 109 1.0
90 68 111 1.0
98 66 69 71 107 108 77 109 111 112 113 115 88 95 1.0
96 102 71 106 108 80 83 84 85 86 119 87 89 61 88 93 62 95 1.0
65 100 101 102 68 76 111 83 84 117 85 88 89 91 92 93 94 1.0
66 67 101 103 104 74 75 76 81 116 118 88 93 95 1.0
64 72 107 79 116 84 94 1.0
96 99 71 75 77 78 82 85 118 91 61 1.0
68 72 78 113 83 62 63 1.0
108 76 1.0
83 92 70 1.0
64 70 102 106 74 111 112 80 79 115 117 118 89 62 1.0
98 102 105 73 106 79 117 119 90 91 61 94 1.0
64 99 68 69 110 79 112 86 90 91 61 94 95 1.0
67 71 104 73 74 75 72 108 112 81 116 86 118 62 90 60 95 63 1.0
113 117 88 89 62 63 1.0
65 66 99 69 102 73 74 107 79 114 115 117 91 63 1.0
64 89 67 72 74 75 80 85 117 94 91 61 62 1.0
60 66 69 70 71 73 74 75 77 81 82 83 85 91 108 113 116 118 119 1.0
96 102 70 113 88 1.0
97 98 99 69 103 71 82 84 86 88 89 90 94 95 1.0
65 69 70 103 76 80 114 83 84 91 1.0
113 74 67 1.0
67 101 104 105 113 82 83 85 87 1.0
115 85 77 1.0
101 71 104 74 76 112 82 93 85 119 88 61 94 95 1.0
74 87 1.0
102 107 109 110 79 112 81 82 115 116 87 119 88 118 60 1.0
64 98 69 101 104 107 108 112 113 115 116 83 94 62 1.0
69 73 79 83 115 95 1.0
65 91 60 63 1.0
82 77 117 119 1.0
65 68 69 70 102 110 79 112 113 82 115 84 78 94 62 63 1.0
72 66 75 84 1.0
65 98 67 99 101 68 72 106 110 78 112 81 82 115 86 88 63 1.0
61 63 64 66 69 71 72 73 78 80 81 84 89 99 104 105 115 116 119 1.0
67 70 78 85 87 95 1.0
65 99 69 70 74 77 81 114 118 88 90 93 1.0
104 108 1.0
68 76 61 71 1.0
64 66 67 99 105 84 119 1.0
93 77 118 1.0
96 64 67 101 73 74 114 117 88 92 62 95 1.0
68 103 104 89 60 1.0
99 69 80 61 95 1.0
65 101 71 104 106 108 80 119 92 1.0
96 97 65 67 71 104 73 107 77 80 82 88 89 60 93 63 1.0
64 96 101 102 71 105 108 109 81 117 86 87 118 85 1.0
107 108 110 78 112 1.0
104 72 79 80 81 84 94 61 62 1.0
60 61 63 67 71 74 76 81 83 84 87 95 97 102 104 109 111 112 115 1.0
96 98 67 100 68 70 103 71 73 106 75 110 79 111 112 83 88 95 1.0
102 71 111 80 81 82 83 89 94 1.0
112 89 110 103 1.0
96 98 71 75 79 117 89 61 1.0
66 68 102 74 82 83 84 117 91 61 63 1.0
96 103 114 91 93 62 1.0
96 97 98 68 71 104 107 108 112 113 80 114 115 85 88 89 61 62 1.0
96 99 70 71 75 112 115 116 117 119 90 91 93 94 1.0
96 102 74 84 119 90 94 95 1.0
99 100 101 70 72 110 114 85 90 1.0
83 84 117 87 89 93 95 1.0
63 65 66 69 71 77 79 80 82 85 87 94 95 96 101 104 110 116 119 1.0
68 70 71 73 106 75 76 109 107 108 79 113 112 117 85 92 95 1.0
64 65 99 101 70 103 71 73 106 107 111 80 82 117 92 62 1.0
100 74 76 110 86 1.0
96 71 105 113 93 94 1.0
61 84 109 78 1.0
72 60 1.0
68 69 75 77 85 98 99 101 102 103 104 105 107 110 111 112 117 118 119 1.0
64 98 102 103 106 74 109 77 80 81 82 89 91 93 95 1.0
61 66 67 68 71 73 85 86 89 98 99 100 104 106 111 112 117 118 119 1.0
67 68 74 106 76 107 112 82 84 85 93 1.0
64 67 101 104 75 108 78 111 82 115 116 86 89 90 91 92 95 1.0
103 107 75 78 111 117 1.0
64 65 99 100 69 101 103 76 83 86 89 95 1.0
100 77 1.0
67 68 70 104 106 108 111 82 115 1.0
62 76 79 82 84 87 90 92 94 95 96 97 110 111 114 115 116 117 118 1.0
92 71 111 1.0
96 65 98 71 104 74 76 110 78 115 116 87 90 60 1.0
96 66 102 76 92 112 81 82 117 118 119 60 95 1.0
65 66 99 69 70 103 104 74 110 111 82 83 115 86 89 91 1.0
60 62 63 69 72 73 78 80 85 86 87 89 93 99 107 109 110 111 118 1.0
65 68 71 107 79 115 88 89 92 62 1.0
