69 38 39 5 59 77 46 81 17 20 86 55 25 91 92 1.0
32 98 67 7 40 9 44 77 52 22 87 24 89 60 94 1.0
4 7 40 43 16 18 23 21 54 55 88 22 28 29 24 1.0
33 6 7 74 75 81 18 83 84 20 86 25 26 93 62 1.0
0 33 32 1 10 15 48 16 22 55 86 57 91 92 61 1.0
34 3 68 67 9 74 43 29 83 82 53 51 55 27 93 1.0
89 67 5 38 8 9 77 47 81 50 84 86 57 93 94 1.0
64 34 39 74 75 44 77 48 18 51 52 84 50 56 94 1.0
2 39 72 42 77 15 47 29 51 83 18 62 58 93 30 1.0
32 1 33 4 7 44 45 15 18 61 29 89 26 93 30 1.0
96 2 67 72 41 10 77 80 84 53 54 86 27 28 62 1.0
97 98 5 71 72 73 74 76 46 16 85 55 25 95 63 1.0
33 36 37 38 39 71 11 50 19 53 86 55 27 61 30 1.0
0 37 10 12 92 29 61 52 55 56 88 28 93 62 95 1.0
98 3 58 40 91 13 77 79 51 86 89 26 59 60 25 1.0
32 34 4 69 70 7 17 82 19 93 23 24 89 61 30 1.0
34 98 68 5 4 39 76 46 80 54 55 56 27 28 61 1.0
97 68 7 72 9 75 79 48 51 85 21 91 28 30 63 1.0
65 99 5 70 39 11 12 13 47 81 82 51 52 28 29 1.0
69 5 7 71 37 74 12 28 20 54 86 22 60 61 62 1.0
65 97 1 34 35 72 10 74 15 19 84 53 86 56 63 1.0
64 33 32 37 6 43 13 47 15 81 54 88 91 93 62 1.0
72 12 44 78 80 81 18 17 84 83 50 49 89 59 57 1.0
0 2 70 42 11 14 46 80 81 79 85 87 27 60 95 1.0
64 35 68 5 4 37 99 41 11 12 21 22 23 88 24 1.0
65 69 39 8 44 45 77 49 19 51 24 90 27 60 29 1.0
2 3 68 41 74 76 14 48 80 24 25 92 29 62 57 1.0
0 33 6 71 7 39 10 9 77 48 17 83 55 25 58 1.0
4 69 9 44 15 48 82 50 56 25 26 27 60 61 94 1.0
96 0 98 39 8 7 42 41 43 77 78 83 55 94 63 1.0
32 1 36 37 6 70 39 74 44 12 46 50 52 24 93 1.0
39 40 42 12 13 78 46 50 20 21 24 57 88 31 95 1.0
66 37 6 72 44 77 14 49 18 84 54 25 26 28 30 1.0
99 4 35 38 59 10 43 76 45 80 19 87 57 58 27 1.0
64 2 3 99 37 71 40 43 76 14 86 27 93 94 31 1.0
32 34 98 8 42 78 80 48 50 84 52 53 55 56 94 1.0
69 38 43 76 13 14 77 12 80 18 85 86 89 58 62 1.0
98 68 90 70 39 36 11 77 16 82 51 26 91 93 94 1.0
97 66 35 65 69 70 74 77 92 16 51 25 91 60 31 1.0
69 38 74 11 76 16 80 82 51 81 21 23 57 59 95 1.0
68 70 39 38 12 14 47 51 20 22 55 56 60 61 94 1.0
96 34 3 69 6 38 7 74 43 13 47 86 56 26 28 1.0
65 35 69 37 39 72 41 70 76 77 83 22 24 88 31 1.0
0 3 68 72 73 44 13 17 83 52 87 56 59 60 31 1.0
64 2 69 8 41 42 27 73 9 82 83 84 19 24 91 1.0
32 65 34 3 36 5 96 39 72 40 11 60 17 89 28 1.0
33 65 67 2 69 38 71 10 76 48 49 53 23 89 94 1.0
66 5 9 11 46 78 49 50 83 20 52 85 21 60 62 1.0
97 66 36 68 6 40 11 13 92 49 19 55 22 54 28 1.0
0 66 2 40 44 13 48 49 20 53 88 56 92 30 95 1.0
33 34 3 4 38 6 40 43 13 46 47 18 20 25 30 1.0
96 65 99 72 77 79 80 82 55 54 86 88 89 58 59 1.0
34 35 36 3 37 8 9 43 13 15 16 17 18 20 24 1.0
96 67 71 88 73 81 50 52 85 87 56 59 60 93 95 1.0
32 1 34 35 37 7 8 9 10 46 15 48 14 18 31 1.0
65 98 68 73 76 81 82 52 85 86 87 59 93 62 95 1.0
33 34 3 36 35 2 39 10 12 14 47 17 24 27 30 1.0
64 65 66 99 68 98 74 81 83 85 55 87 91 60 95 1.0
2 3 5 6 39 40 9 42 11 13 45 15 18 22 30 1.0
97 67 73 75 80 81 51 52 86 54 62 89 87 93 94 1.0
33 3 4 5 39 8 43 45 15 18 20 21 22 23 26 1.0
99 58 70 77 79 81 82 85 86 87 53 56 91 92 95 1.0
33 2 34 5 6 40 45 16 17 49 19 24 28 30 31 1.0
97 98 65 80 81 82 61 84 55 86 54 90 59 92 93 1.0
32 2 34 36 35 39 9 46 49 18 24 25 27 29 31 1.0
89 96 98 99 72 73 77 78 79 85 55 87 57 90 62 1.0
0 1 32 36 5 38 7 8 43 11 45 46 20 24 28 1.0
65 99 68 72 75 79 81 50 93 54 89 59 92 61 63 1.0
1 34 33 2 35 6 7 11 44 46 18 19 23 29 30 1.0
96 97 66 73 78 79 51 84 52 87 58 59 60 93 62 1.0
0 33 35 4 3 6 39 40 10 11 15 48 20 28 29 1.0
65 98 68 71 74 76 81 82 51 50 54 87 57 91 62 1.0
0 33 34 3 1 41 10 43 44 14 49 19 20 22 27 1.0
97 66 67 58 70 76 79 51 84 85 55 88 89 90 92 1.0
32 1 2 3 36 37 34 17 19 20 21 25 26 30 31 1.0
65 97 68 71 75 81 51 85 87 56 89 90 91 94 95 1.0
36 39 40 41 42 9 14 47 49 18 19 20 21 27 28 1.0
96 68 59 75 76 51 84 52 83 55 56 89 90 91 61 1.0
0 1 2 34 36 3 7 9 42 11 12 47 20 25 31 1.0
64 65 70 72 91 75 77 81 54 86 56 89 58 59 62 1.0
0 33 2 36 5 37 6 41 11 44 13 18 26 29 30 1.0
64 96 70 71 79 80 83 61 51 55 88 92 93 94 95 1.0
0 33 34 3 36 2 6 4 10 44 13 14 18 22 25 1.0
96 68 70 73 79 82 84 53 54 89 90 91 93 62 95 1.0
32 33 36 38 40 8 11 12 43 14 15 18 20 23 31 1.0
97 99 67 72 73 75 77 79 80 82 54 55 87 57 59 1.0
33 2 34 3 36 38 42 44 45 47 19 25 27 28 29 1.0
64 98 67 99 73 74 92 50 82 52 54 58 60 62 63 1.0
0 3 36 39 40 41 10 11 13 14 47 48 26 28 29 1.0
98 68 69 72 74 77 81 51 52 86 87 89 58 61 95 1.0
33 4 5 7 41 42 11 12 45 14 47 9 49 19 22 1.0
69 74 77 78 80 82 85 87 89 90 91 92 61 94 57 1.0
32 34 7 9 10 11 45 15 16 17 18 47 27 28 30 1.0
96 65 71 72 74 78 79 82 83 51 86 87 56 60 63 1.0
2 35 3 37 38 41 10 12 14 18 21 23 25 30 31 1.0
96 64 98 97 69 72 75 80 61 53 54 88 56 93 62 1.0
32 1 33 34 4 5 9 10 11 15 49 19 20 23 28 1.0
96 65 98 97 90 71 72 78 83 86 54 88 58 91 95 1.0
1 34 35 36 38 12 13 14 47 15 22 23 28 30 31 1.0
64 97 68 71 72 74 75 79 50 84 85 54 58 92 94 1.0
2 3 4 37 8 9 42 10 44 47 49 18 20 25 30 1.0
64 98 68 70 75 83 84 53 55 88 57 56 59 60 94 1.0
1 33 4 37 7 8 9 42 43 12 40 24 25 27 29 1.0
96 66 69 70 73 74 76 77 82 83 85 55 58 59 94 1.0
0 6 39 8 41 11 45 47 17 18 49 20 21 27 28 1.0
96 97 66 99 69 74 51 84 87 88 89 90 59 95 63 1.0
4 37 7 10 11 42 45 17 20 23 25 26 27 29 31 1.0
96 67 68 70 71 77 92 80 83 51 52 87 60 93 63 1.0
2 35 3 36 38 39 8 37 34 14 16 25 28 29 31 1.0
97 66 98 70 74 50 83 82 85 54 86 57 90 93 63 1.0
0 1 32 35 3 5 7 40 9 42 13 16 18 23 26 1.0
66 75 78 79 50 52 55 86 94 89 90 59 92 93 62 1.0
33 3 4 5 37 39 8 38 44 45 12 49 22 29 31 1.0
99 71 74 75 79 81 82 95 53 54 55 56 93 62 63 1.0
32 2 3 4 36 38 35 9 12 45 46 13 48 23 27 1.0
97 56 71 74 76 78 82 51 84 85 86 54 87 90 92 1.0
2 35 38 8 42 47 15 17 18 49 20 25 26 29 30 1.0
64 65 72 73 74 76 80 81 83 52 86 87 58 93 95 1.0
0 1 33 5 38 6 40 46 47 48 18 21 23 28 31 1.0
66 67 69 72 73 74 92 82 52 53 86 88 62 60 94 1.0
33 2 39 40 41 10 11 13 47 48 17 21 24 26 28 1.0
96 65 66 71 72 75 78 60 83 86 87 88 59 92 94 1.0
33 2 3 4 35 7 8 45 47 48 49 17 22 25 30 1.0
97 66 67 70 72 74 75 77 79 80 61 52 84 86 93 1.0
33 34 37 39 40 43 44 45 46 48 18 19 23 24 29 1.0
65 67 70 72 50 83 52 87 55 88 57 56 86 60 61 1.0
0 35 4 37 5 13 14 15 47 49 20 22 23 26 29 1.0
64 97 66 99 76 82 51 84 50 55 87 88 90 94 95 1.0
2 35 3 36 38 11 43 13 14 48 18 20 21 25 27 1.0
65 98 90 74 75 77 80 50 55 56 62 58 88 93 94 1.0
32 34 2 39 40 9 7 11 12 10 46 49 17 21 31 1.0
65 98 67 68 69 76 77 82 84 54 55 58 59 93 95 1.0
1 33 3 38 39 8 10 12 45 14 15 17 18 23 30 1.0
65 66 71 73 74 50 93 52 86 88 58 91 92 61 63 1.0
33 2 34 35 3 7 40 43 11 44 14 16 49 24 28 1.0
97 98 69 91 75 77 79 82 84 54 87 89 59 62 57 1.0
0 32 3 36 38 8 43 11 45 15 49 20 25 29 31 1.0
64 65 66 97 98 76 77 82 83 50 88 89 90 61 57 1.0
33 34 35 37 8 41 11 44 43 47 48 17 18 29 31 1.0
97 67 68 73 75 80 83 93 85 84 87 88 57 91 61 1.0
0 5 39 41 44 45 14 46 48 49 17 20 22 29 30 1.0
64 98 99 71 76 77 82 61 52 50 86 56 57 91 93 1.0
4 5 40 42 11 44 13 46 45 16 19 21 23 25 31 1.0
66 98 67 71 74 75 52 85 86 88 57 59 60 61 95 1.0
35 4 5 38 7 42 43 44 47 18 20 21 23 27 30 1.0
97 65 69 73 60 80 50 51 52 93 57 59 92 63 95 1.0
32 3 37 38 8 11 12 43 16 23 24 25 27 28 30 1.0
96 97 65 99 67 70 73 77 60 83 56 59 92 62 95 1.0
32 0 37 6 7 40 39 8 43 44 46 14 24 26 31 1.0
64 99 68 69 72 76 79 80 50 53 87 57 58 61 63 1.0
32 34 3 35 7 43 13 16 17 18 19 25 26 27 31 1.0
64 97 72 74 75 60 79 50 85 54 87 86 90 92 95 1.0
2 34 5 6 8 42 11 44 13 47 18 19 23 28 29 1.0
96 97 98 66 71 72 75 50 51 82 53 95 89 94 57 1.0
36 5 6 41 10 43 14 47 48 15 46 19 23 29 31 1.0
56 71 74 75 76 77 81 83 52 85 84 88 90 61 95 1.0
32 0 35 5 6 7 39 37 42 8 12 49 18 23 27 1.0
97 66 67 70 72 73 92 80 50 53 87 55 88 60 62 1.0
0 1 35 36 41 43 44 11 14 47 18 19 26 28 31 1.0
96 67 68 78 50 63 52 53 54 57 90 91 93 62 95 1.0
32 0 2 5 39 40 8 42 15 17 19 22 25 26 28 1.0
64 65 66 72 76 78 80 83 52 53 54 87 90 91 61 1.0
0 33 32 34 37 5 9 44 47 15 16 24 25 26 30 1.0
65 67 58 73 77 52 85 86 53 88 89 56 91 93 63 1.0
36 4 37 39 8 9 13 45 48 17 23 24 28 29 30 1.0
96 65 64 76 78 79 83 84 52 54 88 58 59 93 63 1.0
0 3 38 7 9 42 43 44 45 13 10 49 24 25 30 1.0
97 66 69 72 79 82 83 93 85 51 55 88 58 61 63 1.0
2 3 36 37 38 4 8 10 42 12 15 18 19 22 31 1.0
97 99 69 73 76 77 78 50 84 85 87 55 57 58 61 1.0
32 3 35 5 6 38 9 10 43 45 47 18 19 20 29 1.0
96 98 67 74 77 78 80 50 61 52 53 86 90 92 93 1.0
3 6 39 7 9 42 41 44 13 38 11 16 49 20 22 1.0
65 97 99 67 70 74 78 82 51 83 50 56 93 95 63 1.0
35 37 40 8 10 43 44 13 46 47 12 14 26 27 28 1.0
96 98 99 73 75 77 78 80 50 85 54 55 88 57 90 1.0
34 5 6 40 41 43 13 14 15 49 19 20 23 26 28 1.0
66 69 72 73 75 80 82 50 54 55 56 57 58 92 62 1.0
33 34 3 4 6 38 44 46 15 16 49 26 28 30 31 1.0
66 99 67 71 88 73 77 92 79 50 51 56 91 60 93 1.0
0 33 32 9 10 42 12 11 46 15 17 19 26 27 31 1.0
97 71 72 74 75 76 60 52 85 53 87 55 90 92 93 1.0
4 37 6 39 40 5 42 48 17 19 20 21 26 27 28 1.0
96 64 99 68 67 70 91 75 50 86 55 56 57 59 94 1.0
32 35 4 37 40 42 43 44 45 13 47 18 20 23 27 1.0
96 65 71 81 82 83 53 56 89 90 59 92 93 94 63 1.0
0 33 1 5 38 7 9 10 43 12 45 46 49 22 25 1.0
96 65 67 56 71 72 73 75 79 81 88 89 58 60 93 1.0
32 33 3 4 5 6 7 11 44 12 46 17 20 22 23 1.0
64 96 98 69 70 72 74 76 78 79 81 82 91 94 63 1.0
33 3 36 40 9 42 44 46 14 18 22 23 24 27 30 1.0
99 67 70 71 75 78 50 53 86 56 90 91 61 94 63 1.0
32 1 2 3 4 5 6 38 40 39 11 12 46 25 30 1.0
96 97 71 72 59 74 79 80 82 50 87 57 91 92 62 1.0
33 35 36 5 6 7 42 48 17 16 19 21 23 24 27 1.0
64 99 69 72 75 76 77 78 82 83 52 85 62 59 94 1.0
35 36 6 41 10 43 12 11 49 21 22 23 27 28 29 1.0
96 99 69 73 75 76 86 55 88 57 58 59 92 93 63 1.0
32 3 5 41 42 9 44 14 15 18 25 26 27 28 29 1.0
65 66 68 58 70 76 78 80 53 62 56 89 90 94 63 1.0
32 1 35 6 38 41 10 43 9 13 46 15 12 25 27 1.0
96 66 68 69 77 79 80 50 51 52 85 54 59 60 93 1.0
0 34 3 35 9 41 11 10 13 48 16 19 21 22 24 1.0
99 58 68 67 82 50 52 55 53 87 93 90 59 61 95 1.0
35 5 6 10 43 12 46 14 48 17 16 20 21 28 29 1.0
64 66 68 70 73 91 78 79 93 53 56 88 61 95 63 1.0
5 6 7 40 37 43 12 11 44 47 17 21 24 25 27 1.0
66 70 71 76 77 82 95 85 54 86 88 90 60 94 63 1.0
36 37 5 8 40 10 43 44 13 45 47 14 49 22 28 1.0
64 65 66 98 68 69 74 76 77 50 51 87 89 58 63 1.0
1 35 36 6 39 40 41 9 13 16 49 18 19 25 26 1.0
64 67 68 71 72 91 74 75 79 82 50 54 57 59 61 1.0
32 0 3 7 39 9 10 11 12 45 14 42 17 25 28 1.0
96 65 66 99 67 78 79 50 82 85 53 55 56 59 61 1.0
32 2 39 41 42 11 43 45 12 13 18 21 23 26 31 1.0
64 98 67 70 71 74 80 50 83 82 85 55 88 89 59 1.0
33 2 3 35 5 37 8 9 42 10 43 45 15 17 31 1.0
65 66 69 74 75 80 81 50 52 54 56 89 58 91 94 1.0
1 2 4 6 14 46 48 19 21 22 24 25 28 29 31 1.0
64 96 67 69 70 73 75 78 79 82 84 52 56 89 61 1.0
33 4 39 8 44 13 46 47 16 48 19 22 23 25 29 1.0
96 72 74 81 83 52 84 51 87 56 57 90 86 60 95 1.0
37 7 8 41 11 13 15 47 17 18 22 23 24 25 26 1.0
96 70 72 91 78 82 50 84 55 56 89 90 59 57 95 1.0
0 34 2 40 9 11 13 45 18 20 21 23 24 26 31 1.0
97 71 75 80 82 51 84 83 86 62 57 59 60 94 63 1.0
0 34 3 36 8 43 12 11 17 49 18 23 25 28 31 1.0
65 66 73 75 92 80 81 51 52 53 87 89 90 60 57 1.0
1 5 7 39 41 43 11 12 14 13 46 20 24 26 30 1.0
66 67 68 69 74 83 85 54 86 88 57 90 92 62 63 1.0
34 36 5 38 7 10 11 43 46 16 49 22 23 25 30 1.0
64 67 99 68 72 59 77 92 79 51 55 86 54 91 60 1.0
32 33 35 4 11 12 45 46 13 48 17 14 19 24 29 1.0
56 68 69 74 60 63 86 55 54 57 90 92 93 94 95 1.0
33 34 2 4 6 7 8 40 42 47 48 19 20 23 29 1.0
96 97 67 69 75 76 77 50 84 85 86 54 57 58 92 1.0
0 2 3 36 39 41 45 13 47 46 17 21 22 24 28 1.0
96 99 68 75 79 50 51 84 53 55 90 91 92 93 63 1.0
0 38 7 43 11 12 15 17 49 18 25 27 28 29 30 1.0
67 69 70 72 73 76 79 81 82 83 84 85 89 61 94 1.0
0 4 37 5 39 40 41 42 9 45 46 48 21 26 31 1.0
96 66 98 68 69 70 73 77 92 50 84 53 58 60 61 1.0
1 34 4 36 6 38 10 11 12 18 22 25 27 29 31 1.0
97 66 65 68 70 73 74 75 81 54 87 56 86 88 62 1.0
34 3 5 7 41 42 43 12 14 47 49 18 22 26 30 1.0
96 65 66 70 73 78 82 51 83 85 95 88 59 62 63 1.0
35 4 38 6 8 39 10 42 44 45 14 47 12 17 20 1.0
97 99 68 69 77 83 52 85 84 54 55 89 93 61 94 1.0
0 1 2 3 4 35 38 39 10 43 44 47 18 20 29 1.0
64 67 72 73 76 77 78 79 81 50 53 85 56 61 95 1.0
0 35 7 8 41 42 45 46 14 48 15 18 20 27 31 1.0
65 98 66 58 72 76 80 84 85 55 56 90 91 94 63 1.0
0 1 37 38 39 40 42 14 16 17 19 20 26 28 30 1.0
96 65 67 68 69 70 71 74 76 82 88 57 58 60 63 1.0
2 3 36 4 5 34 8 40 38 11 45 20 22 26 28 1.0
96 99 77 92 80 50 83 85 87 88 89 60 93 95 63 1.0
32 2 4 37 38 41 10 44 47 19 23 25 26 30 31 1.0
96 98 56 66 70 71 74 76 79 84 55 88 58 61 94 1.0
0 33 35 6 40 41 44 15 16 49 18 22 23 25 27 1.0
96 67 99 69 70 91 76 77 50 53 87 88 56 59 63 1.0
1 3 36 6 7 41 42 14 46 20 22 23 24 27 30 1.0
64 98 73 75 79 81 82 51 53 88 56 59 93 94 63 1.0
33 2 35 3 38 7 42 11 13 47 18 20 26 29 31 1.0
67 58 70 71 75 50 83 52 82 87 55 88 89 90 92 1.0
32 1 34 35 3 4 6 10 46 15 18 22 23 25 31 1.0
96 97 65 99 70 72 59 92 80 53 54 90 91 60 61 1.0
32 34 38 43 12 13 15 17 18 19 20 22 25 27 29 1.0
96 77 78 81 50 54 55 88 89 86 59 60 61 62 63 1.0
0 33 2 35 3 6 38 11 16 49 48 21 23 24 28 1.0
97 67 68 70 72 91 74 82 51 56 89 90 59 93 62 1.0
32 0 2 3 34 35 39 8 7 46 15 49 19 21 31 1.0
64 97 66 96 98 74 91 83 52 85 54 56 59 62 95 1.0
34 2 5 6 7 9 41 43 14 18 19 21 23 26 31 1.0
96 65 98 89 68 64 74 79 80 50 51 53 57 58 60 1.0
2 6 38 11 44 43 14 13 16 49 23 24 25 28 29 1.0
65 98 97 71 74 77 79 83 55 86 54 57 90 91 60 1.0
32 33 3 8 40 43 44 13 46 15 14 17 47 22 24 1.0
64 66 99 67 98 78 79 81 50 83 55 89 91 60 57 1.0
1 33 3 37 6 9 41 13 14 49 20 22 26 30 31 1.0
64 65 67 74 77 78 80 81 82 50 84 53 90 91 60 1.0
0 2 3 6 7 38 9 10 43 15 19 20 23 29 30 1.0
96 65 73 59 80 61 52 85 86 88 58 91 92 93 62 1.0
1 34 5 40 8 11 44 47 15 18 21 23 28 29 31 1.0
96 98 69 70 72 73 74 78 79 81 83 52 87 91 92 1.0
0 4 37 38 36 9 42 41 44 45 48 49 18 21 30 1.0
96 97 98 67 78 80 81 51 52 85 87 56 90 91 95 1.0
2 35 4 34 39 10 42 14 15 48 49 18 19 25 29 1.0
97 98 67 70 72 81 51 84 54 55 56 91 92 61 95 1.0
32 33 4 39 7 41 42 10 14 15 17 21 24 25 27 1.0
65 98 99 68 74 75 76 81 82 51 50 85 86 88 58 1.0
33 36 6 39 41 11 14 49 18 19 22 23 24 26 31 1.0
99 71 72 75 76 81 50 51 84 85 87 56 57 91 93 1.0
6 7 8 41 10 43 12 38 46 14 48 18 25 26 31 1.0
97 99 68 67 74 75 76 78 79 80 50 51 57 92 94 1.0
2 3 6 10 44 13 15 16 17 49 20 22 24 26 31 1.0
64 96 74 76 79 50 53 54 87 89 58 59 60 93 57 1.0
32 34 3 36 5 7 9 11 45 46 48 21 22 24 30 1.0
64 96 72 75 77 79 80 50 52 85 54 87 88 56 61 1.0
32 2 4 37 38 8 43 11 14 18 21 26 28 29 30 1.0
68 72 75 60 78 50 93 86 55 58 91 92 61 94 63 1.0
0 33 34 35 36 3 37 39 42 10 47 18 22 28 29 1.0
64 65 98 74 79 81 50 84 54 88 89 90 93 62 63 1.0
0 33 1 35 4 5 7 40 8 10 14 19 21 26 31 1.0
97 66 99 67 71 72 77 50 53 54 56 57 58 88 93 1.0
0 33 38 7 9 11 43 12 49 19 21 22 26 27 30 1.0
65 66 98 70 71 79 50 51 56 89 58 59 60 95 63 1.0
33 35 5 41 9 44 14 15 16 47 19 20 21 27 28 1.0
65 97 67 68 71 73 75 77 81 50 83 85 53 89 93 1.0
32 1 3 37 5 41 10 12 44 46 17 18 20 21 29 1.0
96 65 70 73 75 76 80 83 84 88 90 91 60 62 63 1.0
34 2 35 5 8 40 9 43 42 14 15 17 18 22 29 1.0
96 97 98 68 69 70 73 80 81 84 85 54 91 94 63 1.0
0 32 3 36 38 6 40 10 43 45 49 17 23 26 27 1.0
97 99 69 72 73 91 78 79 61 54 87 89 59 92 93 1.0
5 6 39 38 44 45 46 14 47 18 20 22 27 29 30 1.0
97 67 68 59 79 80 51 52 86 57 90 91 60 93 62 1.0
0 32 4 5 39 41 10 11 42 47 20 23 25 26 29 1.0
96 65 67 71 91 76 83 53 85 57 58 59 61 62 63 1.0
0 32 5 37 7 39 10 11 15 48 17 49 22 27 28 1.0
65 97 70 71 73 75 60 81 84 54 86 89 90 92 93 1.0
1 2 35 4 34 12 45 46 14 16 44 20 21 24 30 1.0
98 99 72 73 75 57 81 84 86 54 89 60 93 62 95 1.0
32 0 33 35 37 40 42 10 16 49 17 23 25 26 31 1.0
97 70 75 76 78 80 51 52 86 94 88 57 90 62 95 1.0
0 34 2 5 41 43 11 45 16 18 19 23 25 29 31 1.0
64 65 66 68 70 71 76 80 81 51 85 86 90 60 94 1.0
34 5 37 38 9 10 43 44 13 16 49 20 28 29 31 1.0
96 99 70 72 73 77 81 82 52 53 86 88 57 90 91 1.0
1 33 37 38 5 42 10 44 45 12 20 22 23 27 31 1.0
96 65 64 70 71 74 75 80 81 82 87 88 89 62 63 1.0
3 37 39 43 13 47 48 17 20 22 23 24 27 28 29 1.0
64 98 69 77 78 79 80 81 52 55 57 91 93 94 95 1.0
33 2 3 4 39 44 15 16 17 18 19 22 23 24 31 1.0
64 66 67 73 74 63 84 53 54 56 57 60 61 62 95 1.0
33 36 37 6 39 38 41 10 46 15 16 18 23 30 31 1.0
64 97 70 76 77 79 80 82 83 53 86 54 85 90 62 1.0
1 34 37 38 7 40 5 42 44 45 46 47 19 29 31 1.0
64 97 66 96 78 80 82 51 52 85 54 55 53 90 93 1.0
1 2 35 4 37 6 9 10 44 14 47 17 22 23 25 1.0
64 65 66 67 75 78 92 83 52 53 85 56 57 88 60 1.0
32 1 34 36 5 38 7 41 42 10 44 13 48 17 26 1.0
65 97 68 58 70 73 80 85 53 87 62 57 56 54 94 1.0
32 1 35 36 3 38 48 49 17 16 18 22 27 29 30 1.0
64 97 67 70 71 73 77 80 81 51 85 87 89 94 95 1.0
0 33 3 5 37 39 41 44 47 15 49 18 48 23 29 1.0
98 70 76 78 81 50 51 82 85 53 88 58 91 93 95 1.0
32 1 2 3 39 41 10 42 12 43 9 16 20 21 27 1.0
98 99 69 90 71 75 76 78 79 82 54 87 88 57 58 1.0
1 2 4 36 38 6 9 42 45 16 17 21 23 25 29 1.0
96 65 69 77 78 80 51 86 55 87 58 60 93 62 95 1.0
0 1 34 2 32 8 42 43 44 14 49 20 23 25 30 1.0
89 98 70 73 76 80 82 50 84 93 54 85 57 61 62 1.0
1 3 36 5 42 12 44 14 49 21 22 24 27 28 31 1.0
64 97 71 74 75 91 82 52 84 87 89 90 59 61 95 1.0
33 6 7 8 40 11 44 15 48 49 22 25 26 28 31 1.0
64 65 98 96 66 68 70 71 59 76 80 53 54 88 91 1.0
4 5 39 8 7 10 42 45 14 13 48 18 20 21 24 1.0
65 98 99 68 69 70 74 76 80 50 83 63 61 62 95 1.0
35 4 3 7 41 42 11 12 44 43 15 48 49 29 30 1.0
65 69 70 76 85 86 54 88 89 58 91 92 87 53 63 1.0
32 33 2 35 4 5 36 3 40 9 43 44 13 16 17 1.0
65 66 67 68 69 99 76 77 54 56 91 92 63 94 95 1.0
32 35 3 38 39 41 10 44 45 48 18 20 24 26 30 1.0
98 66 68 69 71 72 74 80 84 85 86 87 55 62 63 1.0
0 2 34 38 6 10 43 44 45 46 14 16 17 26 31 1.0
96 97 98 99 64 69 72 73 75 76 53 86 85 93 62 1.0
2 5 7 39 43 44 12 45 11 48 49 19 20 21 25 1.0
98 67 66 72 73 74 76 79 80 52 84 54 59 61 62 1.0
32 33 34 6 7 39 41 42 43 14 15 49 26 30 31 1.0
96 65 97 70 72 77 79 80 82 55 56 58 59 60 94 1.0
38 7 8 9 10 6 12 46 15 19 20 24 25 26 27 1.0
97 99 67 59 78 50 51 52 83 55 88 91 63 62 95 1.0
32 34 3 36 4 6 7 39 12 47 17 20 22 23 29 1.0
96 65 69 78 50 83 52 53 86 54 89 57 93 95 63 1.0
35 4 40 9 43 11 12 46 47 13 45 18 20 21 22 1.0
98 67 69 70 73 74 51 52 85 86 87 58 91 60 62 1.0
0 5 43 44 45 46 48 49 18 19 21 22 26 28 31 1.0
96 89 98 68 69 71 77 79 80 84 54 86 88 94 62 1.0
0 33 4 6 7 38 40 11 46 47 16 18 22 24 27 1.0
68 69 70 74 75 76 78 79 55 54 87 86 89 59 63 1.0
33 2 36 6 7 40 9 42 45 14 15 47 18 21 27 1.0
96 68 69 70 71 73 78 63 51 83 61 57 59 93 95 1.0
3 4 40 42 12 13 45 49 19 20 21 23 26 28 30 1.0
70 75 78 80 81 51 83 54 87 89 58 59 92 61 94 1.0
32 1 34 3 41 43 44 12 46 48 20 23 26 27 28 1.0
96 66 68 74 80 82 84 85 53 93 56 88 92 61 62 1.0
1 35 3 37 40 9 42 45 15 47 17 18 20 24 26 1.0
97 67 68 75 77 78 51 83 55 87 88 89 93 62 63 1.0
32 3 36 38 7 11 13 14 15 47 19 22 25 26 31 1.0
97 98 70 77 82 83 53 86 87 89 90 59 93 94 57 1.0
2 35 34 37 6 9 42 11 44 49 19 20 25 29 30 1.0
65 98 99 71 72 75 77 79 81 52 53 84 88 56 63 1.0
1 34 35 4 39 40 11 44 46 48 17 22 25 26 27 1.0
64 97 98 67 70 78 81 82 50 83 54 59 60 61 94 1.0
0 33 3 37 5 41 42 43 14 17 18 23 24 26 30 1.0
65 99 69 71 72 75 76 77 84 55 88 57 56 61 62 1.0
33 2 41 42 11 10 13 14 46 16 48 18 24 26 29 1.0
98 66 71 72 88 76 78 82 84 85 54 86 55 57 91 1.0
0 32 36 4 6 39 7 5 9 43 42 13 46 47 15 1.0
65 68 70 72 59 76 77 60 80 82 51 89 91 92 95 1.0
0 33 35 36 37 39 41 10 12 45 13 15 17 49 18 1.0
96 65 98 67 73 77 78 79 86 55 62 54 60 93 94 1.0
0 33 2 35 38 7 9 11 12 45 46 13 47 21 23 1.0
97 98 69 72 74 75 78 50 52 54 55 89 91 94 95 1.0
0 34 35 3 43 13 14 48 49 18 19 23 25 29 30 1.0
65 97 70 74 75 78 54 55 56 57 58 59 60 93 94 1.0
34 35 36 5 39 8 40 10 44 14 46 20 21 23 26 1.0
64 65 66 97 58 72 73 75 50 85 86 88 90 63 95 1.0
1 34 8 40 41 42 12 46 14 16 17 20 21 22 27 1.0
97 67 99 69 71 73 76 60 78 81 89 58 92 61 95 1.0
32 1 4 37 8 9 42 12 13 47 16 15 20 26 28 1.0
98 69 71 73 75 77 80 81 50 82 84 56 57 95 63 1.0
0 1 3 7 40 10 46 47 16 48 17 24 26 27 31 1.0
96 65 66 70 91 74 50 51 52 53 86 89 59 62 63 1.0
32 35 4 5 6 44 47 17 18 19 23 25 26 29 30 1.0
96 65 73 76 79 80 92 82 51 93 53 56 60 63 95 1.0
0 3 4 7 8 41 10 43 13 45 16 48 18 25 28 1.0
64 67 58 69 74 78 83 52 84 61 87 90 59 93 95 1.0
1 2 36 37 6 7 40 9 11 12 45 14 16 26 27 1.0
98 67 71 73 76 79 82 83 51 86 88 57 56 62 63 1.0
34 4 38 39 8 40 43 13 48 17 21 23 24 25 30 1.0
96 64 66 67 68 72 73 75 82 93 87 88 56 61 63 1.0
33 34 36 5 8 9 43 44 12 14 46 17 21 26 29 1.0
65 97 71 72 73 88 82 51 84 61 56 90 91 93 95 1.0
32 2 3 36 6 8 10 43 13 48 19 20 21 28 29 1.0
64 99 72 79 50 61 84 53 54 52 89 91 92 93 63 1.0
33 35 8 40 9 43 10 15 16 18 20 23 24 26 31 1.0
96 67 69 73 74 77 78 81 51 87 94 91 92 61 62 1.0
32 33 36 37 11 14 48 17 19 20 23 25 28 29 30 1.0
98 66 68 69 88 77 79 85 54 87 55 90 59 61 63 1.0
33 2 34 4 36 41 10 11 44 13 14 49 18 20 25 1.0
97 67 75 76 78 82 51 50 85 86 54 84 92 61 95 1.0
0 33 2 35 5 38 39 12 47 16 48 49 20 29 30 1.0
96 65 97 99 73 91 50 53 95 57 58 59 92 62 63 1.0
1 4 38 39 10 42 45 13 16 17 18 20 26 30 31 1.0
64 96 98 69 77 79 80 51 54 86 87 57 58 59 60 1.0
0 34 38 7 41 43 44 45 46 20 21 23 27 28 31 1.0
97 67 99 69 72 74 78 81 50 52 53 55 88 92 94 1.0
35 4 36 39 9 10 41 42 15 49 20 22 25 27 28 1.0
64 66 69 76 78 81 50 52 53 86 89 60 93 94 95 1.0
33 2 37 9 42 13 47 48 49 18 20 21 22 28 29 1.0
98 99 68 71 76 78 85 53 87 56 59 92 93 94 95 1.0
33 34 35 4 3 9 45 47 16 49 15 20 23 24 31 1.0
64 97 69 70 76 92 82 50 84 53 87 57 59 60 63 1.0
34 35 36 38 39 40 10 43 12 13 45 17 18 19 29 1.0
96 67 68 69 70 76 77 53 54 55 87 89 85 60 63 1.0
35 36 7 40 8 12 14 47 17 18 19 20 21 25 31 1.0
65 66 99 68 70 71 80 82 52 85 86 87 56 55 59 1.0
0 1 35 36 39 7 42 15 17 18 21 22 24 27 28 1.0
64 97 69 73 79 51 52 53 83 88 57 58 91 60 63 1.0
4 36 6 40 41 10 11 45 47 20 22 26 27 30 31 1.0
64 68 71 74 77 78 80 82 84 93 54 55 56 59 61 1.0
34 3 36 4 39 9 45 14 46 48 22 23 24 26 30 1.0
64 98 90 74 51 52 93 55 56 62 58 60 61 94 95 1.0
0 33 2 3 36 35 7 41 42 43 13 45 48 23 29 1.0
89 66 67 70 71 73 75 78 79 82 52 84 54 94 62 1.0
32 33 40 9 42 12 14 47 48 17 49 23 25 27 31 1.0
96 72 73 74 75 79 80 82 84 85 54 87 90 91 60 1.0
32 39 41 42 13 46 47 49 18 19 21 22 25 26 27 1.0
69 70 74 78 81 51 84 53 54 87 88 85 56 60 63 1.0
32 34 3 36 8 9 14 15 18 20 23 24 25 30 31 1.0
64 97 73 76 77 78 79 82 84 53 88 57 58 59 63 1.0
32 1 36 5 4 6 9 11 44 16 17 49 19 23 25 1.0
96 66 98 69 59 91 75 77 78 82 56 58 88 93 62 1.0
1 2 36 38 7 40 6 9 43 12 14 17 18 29 30 1.0
96 98 99 74 76 81 52 85 87 55 90 92 93 94 95 1.0
0 2 35 4 6 7 8 42 12 49 20 22 24 26 31 1.0
97 66 99 79 80 82 83 52 53 54 87 56 57 85 94 1.0
33 36 5 38 7 42 11 44 14 49 17 20 22 23 24 1.0
98 68 69 72 75 77 80 81 50 51 84 86 88 57 61 1.0
0 34 3 37 38 40 10 45 15 48 49 18 23 27 31 1.0
64 89 68 69 71 76 78 50 82 85 53 57 91 60 62 1.0
32 1 37 8 42 43 11 45 46 47 16 49 18 25 26 1.0
97 66 70 71 73 74 75 79 83 86 56 58 59 93 94 1.0
2 36 4 38 39 37 9 10 43 40 15 23 24 25 29 1.0
89 64 97 71 72 80 81 50 51 54 55 57 58 92 93 1.0
0 33 2 34 35 39 42 46 15 47 49 21 22 25 29 1.0
96 97 67 73 75 77 78 79 83 51 84 86 88 90 59 1.0
0 1 33 36 5 38 8 12 15 16 19 20 21 23 25 1.0
64 96 68 69 71 77 81 50 82 52 85 87 88 57 60 1.0
0 32 35 4 37 39 40 42 12 13 17 49 20 22 24 1.0
97 99 68 71 74 76 79 81 83 52 87 88 90 61 95 1.0
0 38 39 40 41 10 43 44 13 7 16 20 24 29 30 1.0
96 65 97 99 70 75 77 80 50 51 84 85 62 61 94 1.0
0 34 36 7 40 9 8 46 15 47 49 16 23 28 30 1.0
97 98 66 67 71 72 77 78 60 81 82 83 86 92 95 1.0
0 3 9 44 14 46 48 47 20 21 22 24 29 30 31 1.0
64 97 67 76 77 79 81 82 54 87 88 89 58 93 94 1.0
1 4 37 5 8 10 11 44 45 42 48 16 17 22 26 1.0
66 67 98 74 76 80 50 82 84 86 88 57 59 92 93 1.0
32 5 38 39 37 9 41 11 7 13 22 28 29 30 31 1.0
96 65 66 99 69 71 80 82 53 86 54 88 85 59 92 1.0
32 34 3 36 2 6 7 40 43 45 47 16 49 19 29 1.0
64 67 69 76 79 80 83 51 53 54 84 87 90 91 60 1.0
33 2 3 36 37 6 46 14 48 18 24 25 26 28 30 1.0
66 67 99 68 70 77 78 63 54 87 88 90 60 93 95 1.0
32 0 2 37 38 39 40 10 11 43 42 15 48 20 31 1.0
67 77 78 79 51 52 85 86 55 88 53 60 63 94 95 1.0
32 1 5 37 7 9 42 44 45 47 49 22 28 29 31 1.0
65 72 74 75 79 82 51 87 55 88 56 91 93 94 95 1.0
32 34 36 5 38 39 41 10 9 45 14 20 22 27 30 1.0
96 89 98 99 67 68 76 82 51 50 53 85 57 90 92 1.0
32 34 35 4 37 10 43 42 15 49 19 21 24 29 31 1.0
99 68 90 74 76 77 83 54 62 56 89 86 57 95 63 1.0
1 2 35 36 5 39 40 9 10 41 15 23 24 27 31 1.0
64 97 68 69 74 78 80 81 50 82 83 54 55 56 88 1.0
0 36 37 38 40 41 44 45 47 18 21 25 26 28 29 1.0
64 97 58 71 72 59 74 77 79 83 55 57 90 91 95 1.0
0 1 34 5 6 37 41 10 11 45 46 23 28 29 30 1.0
66 71 72 77 79 80 81 52 85 54 55 86 89 88 93 1.0
0 36 7 41 42 43 11 45 16 49 18 24 26 29 30 1.0
96 67 68 70 79 50 85 54 55 87 86 90 60 61 95 1.0
0 3 36 4 38 42 43 44 13 11 47 45 18 22 23 1.0
64 98 68 69 71 73 76 83 51 56 90 59 92 62 95 1.0
1 5 38 39 6 11 13 14 16 17 48 19 24 25 26 1.0
96 97 98 68 69 59 74 78 53 55 56 89 91 94 57 1.0
2 4 38 40 8 11 12 44 46 49 17 20 21 22 30 1.0
69 70 75 77 81 50 51 82 83 53 58 59 93 95 63 1.0
34 37 41 42 44 13 12 15 47 17 20 22 24 27 31 1.0
97 65 67 71 72 77 79 80 52 53 85 88 58 94 95 1.0
3 35 37 38 40 8 42 43 44 10 47 16 18 21 25 1.0
64 98 99 70 72 73 77 79 80 82 54 88 89 59 60 1.0
32 34 3 36 37 2 7 40 41 44 15 17 49 24 26 1.0
97 65 67 68 69 75 80 82 53 89 58 91 57 93 95 1.0
32 1 0 3 5 11 46 47 19 20 21 23 25 27 30 1.0
64 98 99 68 69 71 72 59 51 61 85 86 56 91 93 1.0
32 3 37 5 7 11 43 48 17 49 20 22 26 29 31 1.0
98 99 69 90 71 74 76 77 60 83 54 88 56 59 92 1.0
32 0 4 6 39 7 9 11 13 14 46 19 20 23 29 1.0
64 98 67 68 69 99 76 79 84 53 86 87 88 91 95 1.0
0 37 5 7 8 41 9 45 15 48 18 20 21 24 31 1.0
64 66 99 71 74 91 76 77 52 85 56 58 59 60 95 1.0
32 34 3 4 7 10 42 12 14 15 48 21 23 25 31 1.0
98 99 68 70 71 72 80 52 84 86 88 58 91 60 93 1.0
1 4 36 37 8 42 12 14 47 48 20 22 26 28 29 1.0
68 77 80 50 51 52 85 87 56 89 90 91 61 62 63 1.0
2 3 37 39 40 7 10 14 46 16 47 18 25 29 30 1.0
98 99 74 75 79 80 81 50 88 89 58 91 92 93 63 1.0
0 5 38 41 10 42 45 46 15 19 23 24 26 27 30 1.0
66 56 69 73 74 61 52 53 54 87 88 57 58 93 62 1.0
0 2 35 6 39 41 42 43 14 15 48 49 21 26 29 1.0
65 67 68 71 91 74 80 50 53 86 55 90 59 61 62 1.0
32 1 0 35 40 41 9 11 15 18 21 22 27 28 30 1.0
64 97 98 99 68 96 69 76 80 50 83 54 56 91 60 1.0
0 1 34 35 2 8 11 43 46 17 18 19 22 25 29 1.0
65 56 69 70 71 75 77 51 83 85 88 57 90 61 62 1.0
35 36 5 7 40 10 12 13 46 48 20 21 24 30 31 1.0
97 66 98 70 73 74 76 82 50 52 84 89 59 92 57 1.0
0 34 3 2 5 8 9 10 42 45 15 48 27 28 29 1.0
97 58 74 76 79 81 82 51 85 53 55 90 91 62 95 1.0
32 33 3 4 37 5 9 45 46 16 48 25 26 27 28 1.0
97 66 68 70 71 75 77 78 81 82 50 52 51 93 62 1.0
32 2 36 5 38 7 8 10 43 13 47 48 24 25 31 1.0
69 70 72 59 74 50 51 83 85 61 53 55 89 91 93 1.0
0 4 36 5 8 42 43 12 14 17 21 23 24 26 27 1.0
98 99 70 80 81 51 84 55 87 89 58 91 92 61 57 1.0
0 1 2 3 35 37 42 43 16 17 18 19 28 29 31 1.0
97 66 99 67 91 76 78 80 81 50 83 84 56 59 93 1.0
1 34 3 35 8 11 12 44 13 47 48 17 27 29 31 1.0
96 98 71 73 75 77 80 81 52 85 84 92 61 94 95 1.0
32 33 34 3 1 40 43 44 47 16 20 24 26 27 28 1.0
99 67 74 75 50 85 54 86 88 89 90 59 92 93 95 1.0
2 35 38 6 40 41 44 45 47 49 20 25 26 28 30 1.0
65 97 67 90 72 75 81 83 53 54 85 86 58 61 63 1.0
32 1 34 3 2 38 39 8 46 14 24 26 27 30 31 1.0
96 65 64 99 68 91 75 80 85 87 56 89 59 60 57 1.0
1 3 38 6 40 41 43 12 45 13 48 18 21 23 29 1.0
96 65 98 70 71 72 76 50 51 82 85 60 61 94 63 1.0
4 37 6 39 5 43 12 44 46 14 48 15 18 11 47 1.0
64 73 74 77 79 80 50 52 85 86 54 90 59 92 95 1.0
0 1 33 2 36 6 40 9 42 10 13 15 17 23 25 1.0
65 66 99 71 74 91 76 77 80 52 54 87 56 59 95 1.0
32 33 34 3 39 8 11 45 14 48 16 18 23 27 30 1.0
71 75 77 79 81 82 84 85 53 87 88 86 58 91 60 1.0
0 32 35 4 37 38 7 40 10 44 45 46 16 19 30 1.0
97 66 98 99 65 72 74 50 84 86 54 56 57 59 94 1.0
32 3 40 10 42 11 46 14 49 19 20 22 23 26 27 1.0
65 98 99 73 79 82 51 52 55 87 89 60 93 62 95 1.0
32 3 36 35 38 40 9 44 13 16 19 22 23 25 30 1.0
66 99 68 69 70 88 75 84 85 54 55 86 57 59 93 1.0
34 35 37 5 8 9 40 41 44 46 47 48 49 24 26 1.0
98 69 70 72 77 78 80 51 95 89 58 91 60 94 63 1.0
32 35 4 5 8 43 11 13 15 49 20 26 27 29 30 1.0
64 98 99 67 68 72 74 80 50 51 53 85 56 63 95 1.0
32 35 36 8 42 43 13 45 14 15 49 20 21 26 27 1.0
99 69 70 71 73 75 79 83 84 53 56 60 93 94 95 1.0
2 7 39 11 44 12 15 47 49 18 17 20 24 27 31 1.0
65 98 67 72 77 80 83 51 53 54 87 88 57 91 95 1.0
2 35 4 5 3 34 37 41 12 16 17 19 22 26 31 1.0
67 99 69 70 73 76 78 80 81 84 52 85 56 59 94 1.0
1 35 3 4 8 10 11 15 49 18 19 20 23 26 28 1.0
96 64 67 68 99 58 69 84 85 54 55 88 90 59 60 1.0
3 36 39 8 41 9 40 13 46 47 17 23 24 27 29 1.0
97 65 67 69 71 74 77 78 80 81 51 84 87 57 61 1.0
32 2 4 6 39 9 11 13 46 16 20 24 27 28 31 1.0
98 69 72 73 74 75 80 50 82 52 85 56 59 92 63 1.0
0 6 39 40 9 12 13 46 45 16 17 49 18 20 21 1.0
96 98 69 73 80 50 83 53 86 54 85 92 61 94 63 1.0
34 4 5 6 7 40 41 42 10 44 9 16 20 23 24 1.0
64 66 99 98 71 59 74 77 80 81 53 86 90 91 92 1.0
33 34 4 5 36 41 10 11 42 13 16 20 23 28 31 1.0
64 97 98 59 82 51 83 53 84 87 93 91 92 61 95 1.0
0 1 32 36 4 39 40 9 11 18 20 22 23 28 29 1.0
97 66 99 72 75 79 80 82 84 52 86 95 59 62 63 1.0
32 1 4 37 6 7 43 45 47 17 18 49 24 25 29 1.0
64 70 71 72 74 76 78 82 50 53 85 89 91 60 61 1.0
35 38 7 41 9 43 13 14 47 16 48 15 19 23 31 1.0
64 66 99 68 77 78 79 92 83 86 54 89 60 93 62 1.0
1 34 35 36 6 41 43 11 45 46 21 24 26 28 31 1.0
96 66 69 70 71 72 75 50 82 87 56 57 88 94 95 1.0
33 3 4 39 7 42 43 46 18 22 23 24 28 29 30 1.0
65 68 70 73 79 80 81 50 53 87 88 89 59 94 95 1.0
33 35 37 40 41 42 11 44 12 13 17 18 49 20 27 1.0
65 66 67 69 73 81 82 83 84 85 55 88 56 91 63 1.0
32 1 34 2 6 7 39 9 10 11 43 46 16 49 28 1.0
65 98 66 69 71 72 73 92 79 85 86 88 89 60 93 1.0
1 4 37 41 11 13 46 15 16 49 18 20 21 24 30 1.0
66 67 69 72 75 81 82 83 50 56 89 58 59 60 95 1.0
0 34 38 41 10 12 45 13 44 16 19 21 26 30 31 1.0
66 99 68 72 81 52 53 94 55 85 57 88 61 62 63 1.0
0 5 38 6 9 41 12 45 14 49 18 19 21 22 30 1.0
96 65 69 70 73 77 50 83 84 89 91 57 93 95 63 1.0
33 2 3 36 8 41 11 44 12 49 18 22 23 28 31 1.0
65 68 58 70 71 76 77 92 80 50 52 54 90 60 95 1.0
32 3 38 7 8 43 47 48 17 18 15 20 22 23 25 1.0
65 67 80 82 83 52 61 86 55 88 51 90 87 93 95 1.0
0 34 37 5 38 8 42 43 10 45 16 49 17 25 28 1.0
98 68 70 77 81 51 84 53 87 62 90 91 92 94 95 1.0
1 33 5 6 37 10 12 13 14 17 49 20 21 22 25 1.0
96 97 71 75 80 50 51 84 85 86 82 57 90 60 93 1.0
33 34 1 4 5 3 7 40 47 49 23 24 25 30 31 1.0
65 98 66 69 71 73 81 50 51 52 84 55 56 89 60 1.0
1 5 38 39 40 41 10 11 44 13 9 17 19 25 27 1.0
65 66 97 72 74 76 60 81 51 84 86 56 91 92 61 1.0
1 35 36 6 7 40 41 9 13 17 19 21 23 24 26 1.0
64 68 70 71 72 74 75 50 53 54 90 92 93 94 63 1.0
33 1 39 8 41 12 13 14 15 23 25 26 27 30 31 1.0
96 65 68 72 76 77 80 82 83 84 52 60 93 94 63 1.0
32 2 3 36 6 39 10 11 44 45 17 18 25 28 29 1.0
65 66 98 69 72 75 77 51 84 53 86 55 88 62 95 1.0
1 2 36 6 39 8 9 45 46 47 16 18 21 23 27 1.0
96 65 97 68 69 88 74 77 78 50 52 86 56 58 59 1.0
0 32 35 40 9 41 11 44 43 46 17 22 27 29 31 1.0
96 67 69 71 74 75 77 78 50 51 85 59 60 61 62 1.0
1 35 4 36 7 8 42 12 13 46 47 18 24 26 30 1.0
96 64 98 99 65 70 71 77 78 79 53 56 94 59 62 1.0
34 35 38 6 40 10 43 44 13 12 49 27 29 30 31 1.0
97 99 68 69 72 75 76 77 80 81 83 52 86 56 93 1.0
32 33 2 3 4 38 7 39 8 15 20 24 25 28 29 1.0
97 67 99 90 75 76 77 51 85 53 55 88 57 56 63 1.0
0 2 35 3 5 6 38 41 11 45 15 23 24 28 30 1.0
97 56 99 72 75 76 77 78 82 51 84 50 88 58 94 1.0
32 33 37 6 39 40 42 10 12 13 43 17 20 22 27 1.0
96 98 69 70 71 75 77 80 83 52 85 84 56 57 90 1.0
0 33 34 5 38 7 12 44 14 45 48 23 26 28 29 1.0
96 97 99 73 75 76 81 82 50 53 54 85 62 60 94 1.0
33 4 37 7 40 9 10 44 45 14 47 22 27 28 30 1.0
96 66 98 58 71 76 77 81 51 83 53 89 90 91 60 1.0
33 2 3 35 4 38 41 42 11 43 46 15 18 22 30 1.0
64 65 97 68 77 80 53 86 54 57 58 92 61 95 63 1.0
1 34 35 4 5 3 39 41 9 11 43 15 19 22 29 1.0
98 69 70 73 78 82 83 84 85 87 56 58 91 61 62 1.0
1 4 9 11 44 45 15 16 17 19 24 25 27 29 31 1.0
65 98 69 72 80 52 85 54 88 57 59 92 61 95 63 1.0
3 36 35 5 40 12 14 46 48 18 19 24 27 28 30 1.0
96 97 78 81 82 83 84 53 85 87 89 59 63 62 95 1.0
