0 12 60 1.0
8 20 52 1.0
33 82 23 1.0
99 29 87 1.0
40 38 71 1.0
88 65 27 1.0
65 2 37 1.0
0 4 54 1.0
89 25 43 1.0
58 38 23 1.0
96 89 47 1.0
68 45 55 1.0
38 82 22 1.0
80 82 10 1.0
40 73 59 1.0
48 12 62 1.0
92 44 55 1.0
3 68 79 1.0
81 3 53 1.0
48 17 96 1.0
10 83 7 1.0
8 43 79 1.0
1 19 53 1.0
89 82 29 1.0
54 75 6 1.0
80 72 11 1.0
97 34 84 1.0
16 66 22 1.0
16 74 68 1.0
59 3 46 1.0
82 67 44 1.0
33 37 95 1.0
3 53 78 1.0
2 84 66 1.0
36 47 55 1.0
24 17 63 1.0
42 84 54 1.0
41 82 98 1.0
49 39 79 1.0
16 93 7 1.0
89 50 5 1.0
85 21 60 1.0
80 21 30 1.0
18 53 5 1.0
65 36 6 1.0
16 99 45 1.0
77 68 21 1.0
89 3 55 1.0
83 92 6 1.0
49 35 70 1.0
24 2 42 1.0
90 52 66 1.0
40 25 43 1.0
90 58 71 1.0
37 6 30 1.0
64 68 61 1.0
18 7 47 1.0
80 50 93 1.0
41 36 21 1.0
50 53 74 1.0
12 21 14 1.0
72 63 87 1.0
18 45 14 1.0
72 67 70 1.0
49 34 14 1.0
50 91 54 1.0
0 1 2 1.0
88 56 51 1.0
33 18 39 1.0
59 70 55 1.0
16 12 7 1.0
56 84 71 1.0
1 19 5 1.0
64 90 69 1.0
18 36 30 1.0
58 83 71 1.0
26 35 21 1.0
58 77 86 1.0
42 11 13 1.0
51 95 71 1.0
26 14 47 1.0
99 97 59 1.0
41 9 7 1.0
56 81 54 1.0
17 33 15 1.0
72 96 92 1.0
1 29 7 1.0
66 77 86 1.0
48 32 38 1.0
72 65 67 1.0
45 4 37 1.0
83 59 71 1.0
36 37 46 1.0
82 99 87 1.0
41 29 13 1.0
57 59 76 1.0
9 28 20 1.0
81 91 87 1.0
0 11 14 1.0
72 99 93 1.0
24 49 33 1.0
97 74 85 1.0
25 21 6 1.0
64 83 95 1.0
12 20 21 1.0
64 57 82 1.0
33 22 23 1.0
97 75 59 1.0
34 30 6 1.0
58 93 87 1.0
35 19 6 1.0
81 83 68 1.0
40 48 30 1.0
59 77 54 1.0
3 5 14 1.0
72 66 75 1.0
32 10 14 1.0
97 99 59 1.0
40 44 29 1.0
76 61 79 1.0
1 37 46 1.0
66 61 63 1.0
27 5 15 1.0
61 79 95 1.0
36 39 15 1.0
89 81 75 1.0
24 41 7 1.0
66 61 77 1.0
11 44 5 1.0
98 51 55 1.0
44 21 14 1.0
81 62 87 1.0
49 14 31 1.0
72 58 71 1.0
26 36 31 1.0
73 76 60 1.0
18 46 23 1.0
73 50 62 1.0
49 18 21 1.0
50 75 76 1.0
44 13 36 1.0
96 50 52 1.0
48 42 30 1.0
72 99 60 1.0
2 12 37 1.0
75 98 83 1.0
25 18 44 1.0
50 59 60 1.0
27 35 28 1.0
56 72 67 1.0
25 18 20 1.0
82 90 85 1.0
27 36 7 1.0
58 59 52 1.0
34 18 46 1.0
96 70 86 1.0
48 25 19 1.0
90 68 52 1.0
24 11 36 1.0
51 84 94 1.0
27 5 47 1.0
90 91 93 1.0
43 11 6 1.0
92 94 87 1.0
41 12 1 1.0
73 53 78 1.0
20 29 38 1.0
53 85 54 1.0
9 42 21 1.0
89 59 86 1.0
48 9 45 1.0
78 68 86 1.0
24 43 28 1.0
83 61 95 1.0
1 29 39 1.0
74 91 98 1.0
16 21 45 1.0
93 85 63 1.0
32 40 38 1.0
74 91 60 1.0
42 13 15 1.0
87 62 95 1.0
49 22 1 1.0
68 69 79 1.0
17 44 21 1.0
91 75 78 1.0
19 28 13 1.0
96 85 94 1.0
42 21 47 1.0
73 51 87 1.0
12 46 7 1.0
91 53 55 1.0
44 13 30 1.0
75 92 86 1.0
16 18 44 1.0
65 58 55 1.0
25 4 31 1.0
64 76 70 1.0
48 45 6 1.0
88 80 53 1.0
25 6 31 1.0
84 86 79 1.0
36 20 38 1.0
90 76 95 1.0
11 12 20 1.0
64 68 60 1.0
2 11 28 1.0
81 67 60 1.0
41 5 39 1.0
89 98 71 1.0
10 29 7 1.0
58 83 74 1.0
48 2 3 1.0
76 60 87 1.0
34 2 14 1.0
99 68 79 1.0
0 21 37 1.0
56 66 93 1.0
28 5 23 1.0
56 90 85 1.0
0 15 47 1.0
72 81 90 1.0
0 2 28 1.0
88 69 61 1.0
2 11 6 1.0
81 59 85 1.0
0 42 2 1.0
88 98 76 1.0
49 29 47 1.0
78 66 86 1.0
35 36 31 1.0
96 81 64 1.0
10 43 37 1.0
89 52 57 1.0
9 27 13 1.0
59 93 94 1.0
40 10 38 1.0
97 58 86 1.0
0 9 11 1.0
96 81 99 1.0
0 24 25 1.0
56 82 83 1.0
0 42 22 1.0
80 88 72 1.0
43 6 23 1.0
72 60 94 1.0
9 37 39 1.0
88 77 54 1.0
2 44 31 1.0
75 76 63 1.0
24 2 40 1.0
98 94 79 1.0
19 11 44 1.0
58 99 79 1.0
42 36 37 1.0
57 76 69 1.0
9 30 23 1.0
72 98 87 1.0
40 4 29 1.0
88 80 71 1.0
33 21 15 1.0
58 77 87 1.0
32 27 44 1.0
56 68 78 1.0
10 36 15 1.0
67 92 53 1.0
40 1 43 1.0
82 50 87 1.0
44 45 38 1.0
91 51 53 1.0
8 13 46 1.0
80 51 95 1.0
8 22 39 1.0
83 84 86 1.0
41 29 33 1.0
57 75 59 1.0
33 20 23 1.0
69 85 71 1.0
12 45 47 1.0
90 76 70 1.0
8 1 27 1.0
84 70 87 1.0
40 24 22 1.0
97 92 94 1.0
9 29 30 1.0
80 74 94 1.0
43 36 6 1.0
72 66 91 1.0
48 33 29 1.0
80 81 91 1.0
48 42 36 1.0
80 89 74 1.0
44 46 15 1.0
72 76 71 1.0
24 21 31 1.0
76 79 95 1.0
12 20 23 1.0
90 66 93 1.0
7 38 31 1.0
82 50 90 1.0
0 22 7 1.0
70 54 87 1.0
11 36 29 1.0
57 82 86 1.0
36 37 23 1.0
57 91 62 1.0
20 21 39 1.0
80 50 53 1.0
16 5 30 1.0
75 54 71 1.0
10 11 29 1.0
96 57 82 1.0
8 27 12 1.0
68 52 76 1.0
29 30 14 1.0
89 73 50 1.0
33 19 4 1.0
51 52 55 1.0
37 14 47 1.0
73 60 77 1.0
48 0 30 1.0
56 74 99 1.0
3 38 7 1.0
65 67 53 1.0
42 27 39 1.0
64 57 95 1.0
9 29 38 1.0
72 80 94 1.0
24 19 22 1.0
73 83 69 1.0
24 10 36 1.0
70 50 54 1.0
10 19 22 1.0
81 60 86 1.0
29 20 28 1.0
67 59 54 1.0
28 5 23 1.0
65 68 57 1.0
34 35 21 1.0
66 75 87 1.0
2 37 46 1.0
69 54 87 1.0
43 5 47 1.0
91 51 63 1.0
4 38 31 1.0
92 60 79 1.0
40 29 22 1.0
89 74 55 1.0
16 42 37 1.0
50 91 61 1.0
43 21 23 1.0
56 78 63 1.0
32 25 3 1.0
89 57 66 1.0
3 19 12 1.0
65 91 76 1.0
25 29 39 1.0
96 59 79 1.0
17 12 21 1.0
99 93 95 1.0
2 19 7 1.0
97 66 84 1.0
37 30 31 1.0
80 83 86 1.0
33 42 43 1.0
81 57 53 1.0
42 28 39 1.0
64 90 69 1.0
4 44 39 1.0
88 82 69 1.0
48 25 42 1.0
65 75 61 1.0
27 18 11 1.0
72 97 53 1.0
43 5 23 1.0
59 92 71 1.0
18 44 37 1.0
56 97 72 1.0
3 29 46 1.0
56 50 76 1.0
8 35 21 1.0
83 60 86 1.0
28 37 46 1.0
71 70 79 1.0
28 38 15 1.0
96 99 60 1.0
36 12 46 1.0
69 61 71 1.0
10 3 38 1.0
97 82 87 1.0
37 38 31 1.0
68 86 92 1.0
9 28 39 1.0
65 74 86 1.0
19 13 46 1.0
64 92 62 1.0
11 4 6 1.0
89 98 61 1.0
3 13 38 1.0
89 81 54 1.0
25 22 14 1.0
67 75 53 1.0
43 5 6 1.0
97 82 67 1.0
8 4 23 1.0
98 90 82 1.0
9 29 6 1.0
88 98 54 1.0
4 5 30 1.0
89 63 95 1.0
34 36 39 1.0
57 76 86 1.0
42 3 37 1.0
81 66 69 1.0
40 10 31 1.0
73 58 94 1.0
4 6 15 1.0
72 67 52 1.0
18 42 20 1.0
67 91 75 1.0
29 14 39 1.0
72 50 61 1.0
14 38 23 1.0
78 58 86 1.0
33 21 47 1.0
88 50 80 1.0
8 16 35 1.0
66 52 82 1.0
25 45 39 1.0
56 89 96 1.0
21 45 29 1.0
65 74 55 1.0
40 25 19 1.0
50 69 62 1.0
41 42 22 1.0
58 83 77 1.0
11 22 7 1.0
67 94 87 1.0
48 43 14 1.0
72 84 78 1.0
40 31 23 1.0
89 98 63 1.0
8 13 15 1.0
57 50 85 1.0
32 25 35 1.0
99 85 69 1.0
42 4 21 1.0
81 52 77 1.0
0 32 28 1.0
80 99 52 1.0
36 21 46 1.0
65 58 78 1.0
25 34 19 1.0
54 74 86 1.0
8 35 13 1.0
80 83 54 1.0
26 42 44 1.0
80 50 54 1.0
10 46 23 1.0
74 78 87 1.0
10 5 7 1.0
88 89 61 1.0
17 43 6 1.0
72 83 75 1.0
1 36 22 1.0
97 99 62 1.0
3 27 35 1.0
72 58 93 1.0
49 47 31 1.0
62 85 78 1.0
25 42 46 1.0
80 86 79 1.0
49 2 13 1.0
74 98 55 1.0
40 11 37 1.0
88 82 95 1.0
36 12 39 1.0
65 57 50 1.0
40 0 18 1.0
56 90 58 1.0
33 42 43 1.0
57 98 84 1.0
48 25 28 1.0
97 99 78 1.0
9 2 29 1.0
66 83 92 1.0
9 20 31 1.0
64 90 98 1.0
0 17 21 1.0
72 89 77 1.0
13 36 29 1.0
98 92 53 1.0
48 20 38 1.0
97 98 63 1.0
43 3 38 1.0
81 66 83 1.0
16 21 6 1.0
80 52 79 1.0
0 18 35 1.0
61 86 71 1.0
34 6 31 1.0
65 68 76 1.0
24 32 29 1.0
65 90 97 1.0
32 37 14 1.0
59 91 57 1.0
24 17 30 1.0
72 59 61 1.0
32 26 43 1.0
67 51 71 1.0
15 22 47 1.0
64 51 92 1.0
43 45 39 1.0
57 67 86 1.0
48 41 46 1.0
75 53 71 1.0
9 42 12 1.0
88 98 52 1.0
19 14 31 1.0
97 77 54 1.0
24 37 22 1.0
72 92 84 1.0
24 30 47 1.0
56 70 63 1.0
17 30 33 1.0
80 52 77 1.0
16 2 46 1.0
88 74 66 1.0
48 33 25 1.0
89 81 94 1.0
45 37 13 1.0
97 70 63 1.0
0 33 4 1.0
59 92 71 1.0
49 22 15 1.0
75 74 59 1.0
48 6 22 1.0
90 68 79 1.0
43 22 30 1.0
72 57 78 1.0
32 40 10 1.0
98 59 78 1.0
14 46 6 1.0
88 73 54 1.0
23 14 47 1.0
50 84 95 1.0
16 10 44 1.0
64 73 93 1.0
16 42 7 1.0
80 65 79 1.0
11 21 47 1.0
96 98 77 1.0
10 20 47 1.0
80 86 63 1.0
1 3 31 1.0
80 60 94 1.0
16 27 22 1.0
73 66 93 1.0
18 36 15 1.0
67 83 62 1.0
32 11 23 1.0
59 68 85 1.0
43 28 31 1.0
73 52 86 1.0
16 26 6 1.0
73 81 88 1.0
37 46 39 1.0
73 83 84 1.0
2 18 35 1.0
83 67 78 1.0
32 12 22 1.0
57 54 63 1.0
19 20 23 1.0
56 92 78 1.0
8 35 27 1.0
81 66 60 1.0
24 9 8 1.0
64 59 76 1.0
1 3 20 1.0
72 50 61 1.0
12 37 31 1.0
56 60 84 1.0
40 18 23 1.0
67 59 68 1.0
40 4 44 1.0
98 67 53 1.0
44 29 47 1.0
51 59 55 1.0
43 35 13 1.0
98 59 85 1.0
17 34 33 1.0
74 76 95 1.0
34 36 4 1.0
97 67 57 1.0
32 17 38 1.0
90 52 86 1.0
35 30 14 1.0
89 76 71 1.0
11 35 23 1.0
64 88 93 1.0
40 34 19 1.0
72 92 69 1.0
27 37 6 1.0
56 65 98 1.0
17 34 42 1.0
57 98 60 1.0
2 31 47 1.0
82 53 86 1.0
16 46 15 1.0
57 51 84 1.0
49 12 7 1.0
97 94 79 1.0
8 18 21 1.0
65 91 62 1.0
12 47 39 1.0
66 50 93 1.0
8 18 29 1.0
74 99 52 1.0
24 1 25 1.0
53 69 54 1.0
41 35 33 1.0
69 86 87 1.0
8 4 15 1.0
73 98 68 1.0
15 14 31 1.0
98 51 79 1.0
19 12 29 1.0
89 74 87 1.0
20 13 47 1.0
97 68 69 1.0
19 28 45 1.0
66 91 61 1.0
10 19 14 1.0
53 92 61 1.0
41 15 23 1.0
65 51 54 1.0
3 37 47 1.0
73 65 75 1.0
8 35 47 1.0
96 88 86 1.0
19 4 12 1.0
65 91 84 1.0
25 43 5 1.0
64 97 76 1.0
38 6 14 1.0
66 50 90 1.0
19 12 30 1.0
67 77 95 1.0
10 38 47 1.0
77 61 79 1.0
33 20 31 1.0
65 75 69 1.0
24 28 29 1.0
88 57 81 1.0
8 1 6 1.0
97 66 52 1.0
5 21 29 1.0
60 86 95 1.0
32 36 39 1.0
88 77 78 1.0
40 20 21 1.0
75 54 87 1.0
24 28 4 1.0
98 76 68 1.0
16 10 26 1.0
91 84 53 1.0
34 5 22 1.0
55 54 63 1.0
49 34 46 1.0
80 88 92 1.0
34 29 30 1.0
80 93 78 1.0
17 19 20 1.0
68 95 92 1.0
41 3 12 1.0
56 53 69 1.0
26 43 23 1.0
72 59 55 1.0
0 8 19 1.0
70 85 78 1.0
40 43 44 1.0
81 77 71 1.0
40 26 44 1.0
75 83 54 1.0
42 19 47 1.0
74 61 87 1.0
24 49 43 1.0
57 58 86 1.0
41 3 1 1.0
98 60 77 1.0
24 19 46 1.0
76 77 54 1.0
16 9 46 1.0
96 82 62 1.0
27 3 37 1.0
80 55 63 1.0
44 22 23 1.0
86 78 79 1.0
33 35 13 1.0
81 61 77 1.0
1 4 39 1.0
57 50 68 1.0
23 4 47 1.0
80 67 63 1.0
33 5 22 1.0
65 59 76 1.0
16 25 34 1.0
91 85 54 1.0
16 19 47 1.0
97 68 54 1.0
16 10 18 1.0
98 62 55 1.0
33 20 1 1.0
97 76 62 1.0
0 42 36 1.0
68 71 79 1.0
40 11 4 1.0
73 53 54 1.0
28 29 38 1.0
82 69 79 1.0
11 13 23 1.0
76 86 63 1.0
8 2 27 1.0
50 99 94 1.0
8 17 29 1.0
73 82 93 1.0
26 37 38 1.0
59 84 69 1.0
5 22 7 1.0
65 51 94 1.0
0 24 18 1.0
80 75 95 1.0
17 12 46 1.0
56 73 98 1.0
24 33 43 1.0
82 76 87 1.0
32 13 22 1.0
96 83 71 1.0
34 37 38 1.0
75 77 69 1.0
40 34 27 1.0
96 66 70 1.0
25 1 15 1.0
56 81 66 1.0
1 10 13 1.0
96 56 92 1.0
27 15 7 1.0
64 92 84 1.0
24 1 32 1.0
81 85 79 1.0
33 34 3 1.0
64 66 87 1.0
33 46 41 1.0
51 74 91 1.0
16 44 23 1.0
72 69 70 1.0
16 1 26 1.0
65 91 99 1.0
29 34 5 1.0
89 99 78 1.0
6 38 31 1.0
68 69 70 1.0
8 6 31 1.0
57 82 85 1.0
8 24 10 1.0
90 99 95 1.0
19 20 7 1.0
54 99 62 1.0
0 38 46 1.0
57 61 78 1.0
25 9 47 1.0
76 93 70 1.0
8 24 47 1.0
51 83 86 1.0
33 44 29 1.0
70 51 86 1.0
8 2 44 1.0
54 81 94 1.0
48 8 23 1.0
58 90 98 1.0
0 10 20 1.0
97 51 95 1.0
45 30 39 1.0
92 62 79 1.0
42 4 21 1.0
66 58 93 1.0
41 37 33 1.0
92 85 70 1.0
8 5 23 1.0
96 99 87 1.0
19 3 45 1.0
97 74 78 1.0
24 19 7 1.0
64 98 69 1.0
9 44 28 1.0
89 65 92 1.0
43 20 45 1.0
70 91 62 1.0
10 27 22 1.0
67 53 86 1.0
34 3 5 1.0
72 58 63 1.0
18 23 39 1.0
60 62 95 1.0
1 3 4 1.0
96 73 67 1.0
39 38 7 1.0
88 53 69 1.0
1 19 38 1.0
81 74 51 1.0
10 28 22 1.0
56 51 87 1.0
24 35 3 1.0
98 52 54 1.0
34 20 29 1.0
75 82 99 1.0
8 1 42 1.0
65 74 84 1.0
8 43 38 1.0
89 62 87 1.0
17 27 41 1.0
68 69 54 1.0
18 14 39 1.0
64 97 82 1.0
0 12 37 1.0
72 78 95 1.0
49 4 30 1.0
51 69 62 1.0
49 12 44 1.0
96 56 93 1.0
8 28 39 1.0
80 65 57 1.0
24 49 1 1.0
72 89 68 1.0
41 10 44 1.0
62 85 94 1.0
34 10 29 1.0
76 92 71 1.0
32 41 43 1.0
66 71 95 1.0
40 2 37 1.0
74 69 77 1.0
46 33 38 1.0
51 71 79 1.0
27 37 31 1.0
58 99 60 1.0
24 39 23 1.0
82 92 66 1.0
10 43 47 1.0
96 73 57 1.0
17 28 39 1.0
57 59 95 1.0
40 17 13 1.0
96 90 52 1.0
12 5 14 1.0
81 59 55 1.0
19 37 39 1.0
65 90 79 1.0
24 9 14 1.0
50 99 61 1.0
8 11 12 1.0
82 84 52 1.0
32 2 43 1.0
65 68 69 1.0
48 12 7 1.0
67 68 62 1.0
41 34 49 1.0
83 61 87 1.0
8 49 43 1.0
51 55 79 1.0
48 26 34 1.0
73 66 59 1.0
41 17 47 1.0
98 74 79 1.0
26 20 36 1.0
97 58 98 1.0
48 10 37 1.0
65 52 55 1.0
3 19 30 1.0
82 91 92 1.0
34 11 7 1.0
80 57 85 1.0
40 26 3 1.0
91 83 71 1.0
24 28 4 1.0
96 71 79 1.0
33 35 21 1.0
97 98 93 1.0
16 35 5 1.0
80 53 71 1.0
41 34 10 1.0
50 93 63 1.0
26 7 47 1.0
81 86 79 1.0
24 2 6 1.0
96 65 81 1.0
16 12 6 1.0
75 93 61 1.0
43 36 28 1.0
82 70 55 1.0
10 4 21 1.0
98 53 85 1.0
49 29 38 1.0
97 70 71 1.0
41 27 5 1.0
64 61 55 1.0
41 35 28 1.0
88 67 79 1.0
32 41 43 1.0
64 81 59 1.0
19 20 45 1.0
81 75 95 1.0
33 42 27 1.0
89 77 71 1.0
33 2 22 1.0
89 84 69 1.0
40 25 45 1.0
64 56 67 1.0
17 11 44 1.0
67 92 95 1.0
16 3 22 1.0
66 75 79 1.0
0 19 12 1.0
96 82 92 1.0
9 12 31 1.0
65 51 67 1.0
17 29 1 1.0
59 61 63 1.0
40 35 13 1.0
59 87 95 1.0
1 27 15 1.0
74 76 93 1.0
9 35 28 1.0
96 58 71 1.0
20 30 7 1.0
76 94 68 1.0
41 34 1 1.0
64 76 60 1.0
41 37 25 1.0
56 84 55 1.0
2 46 22 1.0
57 58 95 1.0
0 5 6 1.0
64 66 87 1.0
0 13 7 1.0
89 59 75 1.0
32 3 45 1.0
51 84 93 1.0
8 14 15 1.0
96 98 83 1.0
40 17 28 1.0
52 63 92 1.0
48 1 43 1.0
50 61 79 1.0
40 10 7 1.0
85 52 77 1.0
38 44 14 1.0
82 83 79 1.0
10 28 30 1.0
96 83 75 1.0
17 13 21 1.0
89 79 55 1.0
48 33 38 1.0
98 67 82 1.0
0 19 43 1.0
73 79 55 1.0
0 49 48 1.0
98 91 92 1.0
10 19 39 1.0
72 51 63 1.0
24 20 44 1.0
81 61 86 1.0
8 10 37 1.0
80 97 63 1.0
32 33 10 1.0
56 89 53 1.0
19 5 39 1.0
50 59 95 1.0
12 22 7 1.0
80 93 78 1.0
28 21 39 1.0
59 76 70 1.0
0 35 28 1.0
51 68 92 1.0
32 33 7 1.0
64 80 51 1.0
17 11 4 1.0
74 83 85 1.0
16 33 20 1.0
50 85 63 1.0
40 19 31 1.0
98 85 95 1.0
8 10 6 1.0
58 51 78 1.0
21 27 29 1.0
92 77 70 1.0
40 8 44 1.0
70 83 94 1.0
8 17 43 1.0
75 85 94 1.0
16 27 47 1.0
56 80 86 1.0
41 27 13 1.0
80 83 75 1.0
17 20 29 1.0
71 94 79 1.0
18 4 14 1.0
55 61 71 1.0
33 13 47 1.0
73 83 67 1.0
8 20 28 1.0
71 87 55 1.0
42 18 44 1.0
72 92 69 1.0
43 12 31 1.0
81 75 79 1.0
8 33 23 1.0
58 67 87 1.0
40 42 22 1.0
89 98 67 1.0
49 36 39 1.0
59 90 75 1.0
42 19 5 1.0
89 53 86 1.0
34 12 13 1.0
73 70 71 1.0
35 5 31 1.0
72 83 79 1.0
41 27 28 1.0
74 87 63 1.0
8 34 4 1.0
96 50 78 1.0
43 21 15 1.0
66 82 85 1.0
16 9 43 1.0
84 52 95 1.0
32 6 39 1.0
75 67 90 1.0
19 13 14 1.0
64 85 79 1.0
24 18 14 1.0
65 67 77 1.0
1 18 37 1.0
64 89 53 1.0
14 30 31 1.0
56 86 63 1.0
18 30 7 1.0
72 74 88 1.0
48 5 38 1.0
73 74 69 1.0
24 9 7 1.0
98 67 82 1.0
32 12 47 1.0
96 78 79 1.0
9 10 18 1.0
88 65 70 1.0
24 49 15 1.0
51 69 54 1.0
9 43 22 1.0
96 86 79 1.0
33 30 14 1.0
73 60 63 1.0
4 6 23 1.0
74 77 85 1.0
48 17 7 1.0
96 67 69 1.0
42 22 47 1.0
50 60 77 1.0
26 39 31 1.0
58 91 62 1.0
40 10 37 1.0
99 52 61 1.0
9 2 20 1.0
69 68 77 1.0
35 19 37 1.0
80 65 74 1.0
9 18 29 1.0
58 83 50 1.0
8 33 38 1.0
64 98 87 1.0
9 27 45 1.0
91 76 87 1.0
28 38 39 1.0
65 54 95 1.0
9 31 47 1.0
97 51 60 1.0
40 1 22 1.0
66 59 85 1.0
42 29 14 1.0
58 59 84 1.0
35 12 28 1.0
81 52 86 1.0
46 38 15 1.0
61 78 55 1.0
40 19 13 1.0
56 61 86 1.0
40 16 38 1.0
88 61 62 1.0
4 21 6 1.0
72 76 62 1.0
0 28 30 1.0
52 94 79 1.0
18 11 21 1.0
80 99 85 1.0
10 5 7 1.0
64 79 71 1.0
40 48 37 1.0
89 55 87 1.0
0 23 31 1.0
88 89 86 1.0
9 28 33 1.0
65 67 85 1.0
49 34 37 1.0
80 57 92 1.0
24 19 20 1.0
65 90 63 1.0
48 25 14 1.0
93 61 79 1.0
41 34 14 1.0
80 66 54 1.0
18 3 28 1.0
98 69 70 1.0
26 47 39 1.0
73 69 55 1.0
16 35 6 1.0
75 69 62 1.0
1 44 37 1.0
82 68 71 1.0
19 20 5 1.0
51 84 87 1.0
16 41 31 1.0
59 61 94 1.0
34 44 30 1.0
89 82 55 1.0
2 36 15 1.0
66 63 71 1.0
0 30 7 1.0
59 51 87 1.0
3 45 39 1.0
92 53 86 1.0
8 25 15 1.0
73 93 63 1.0
3 37 46 1.0
65 74 85 1.0
24 28 21 1.0
63 86 87 1.0
32 28 7 1.0
96 73 59 1.0
48 12 6 1.0
56 77 63 1.0
34 26 20 1.0
72 74 93 1.0
41 26 27 1.0
89 92 79 1.0
41 43 23 1.0
57 74 91 1.0
40 49 29 1.0
83 54 63 1.0
0 9 14 1.0
81 89 68 1.0
21 38 47 1.0
90 62 87 1.0
41 12 20 1.0
73 65 86 1.0
16 17 12 1.0
56 57 78 1.0
25 43 39 1.0
65 87 55 1.0
48 34 31 1.0
57 91 86 1.0
16 1 37 1.0
73 91 92 1.0
20 28 14 1.0
64 97 83 1.0
2 46 31 1.0
89 83 53 1.0
49 43 20 1.0
62 59 86 1.0
32 17 15 1.0
89 91 62 1.0
1 4 5 1.0
59 67 68 1.0
8 0 40 1.0
58 82 77 1.0
37 47 7 1.0
89 94 63 1.0
26 38 39 1.0
57 92 94 1.0
41 37 47 1.0
50 59 82 1.0
42 2 31 1.0
81 84 54 1.0
11 4 7 1.0
56 99 96 1.0
1 10 43 1.0
64 97 62 1.0
33 14 9 1.0
80 88 85 1.0
37 38 30 1.0
56 99 61 1.0
0 1 46 1.0
73 99 69 1.0
17 20 5 1.0
65 66 99 1.0
2 30 22 1.0
81 51 79 1.0
43 45 23 1.0
88 92 95 1.0
0 18 6 1.0
51 91 60 1.0
8 27 12 1.0
56 88 70 1.0
40 25 42 1.0
73 90 69 1.0
2 6 7 1.0
56 84 70 1.0
3 36 22 1.0
77 94 87 1.0
32 19 4 1.0
50 61 94 1.0
2 4 13 1.0
65 54 79 1.0
41 22 23 1.0
88 99 85 1.0
48 3 23 1.0
94 86 95 1.0
32 3 45 1.0
64 90 95 1.0
40 41 14 1.0
66 52 87 1.0
18 29 15 1.0
60 63 95 1.0
8 9 4 1.0
66 50 90 1.0
32 45 22 1.0
60 93 84 1.0
44 45 38 1.0
57 52 87 1.0
42 45 14 1.0
52 95 92 1.0
34 42 31 1.0
94 54 63 1.0
32 16 27 1.0
80 76 78 1.0
10 45 7 1.0
65 50 85 1.0
49 13 31 1.0
62 86 87 1.0
27 15 23 1.0
81 60 85 1.0
41 20 30 1.0
85 52 77 1.0
25 43 36 1.0
72 51 78 1.0
17 20 15 1.0
56 96 52 1.0
43 15 39 1.0
90 91 78 1.0
40 44 12 1.0
81 73 80 1.0
48 35 44 1.0
62 57 94 1.0
41 29 5 1.0
97 58 60 1.0
49 29 25 1.0
98 68 74 1.0
11 5 14 1.0
60 69 71 1.0
40 48 18 1.0
53 85 86 1.0
0 33 8 1.0
56 73 76 1.0
40 17 12 1.0
66 67 63 1.0
25 9 47 1.0
81 91 60 1.0
48 33 47 1.0
51 77 87 1.0
8 34 39 1.0
89 98 76 1.0
33 11 21 1.0
56 90 68 1.0
10 35 30 1.0
75 51 76 1.0
48 11 31 1.0
99 51 96 1.0
36 29 14 1.0
73 89 90 1.0
20 22 31 1.0
90 53 62 1.0
9 11 12 1.0
58 52 63 1.0
34 20 45 1.0
66 91 71 1.0
20 21 22 1.0
76 69 95 1.0
24 3 23 1.0
58 83 70 1.0
48 34 19 1.0
56 91 77 1.0
40 8 3 1.0
81 59 63 1.0
2 35 4 1.0
88 98 77 1.0
12 21 22 1.0
83 76 62 1.0
2 43 30 1.0
89 98 83 1.0
34 43 6 1.0
88 91 76 1.0
40 25 15 1.0
96 65 98 1.0
48 16 47 1.0
89 61 87 1.0
35 15 39 1.0
83 60 93 1.0
32 29 15 1.0
88 59 96 1.0
17 26 23 1.0
56 74 80 1.0
2 18 45 1.0
88 57 82 1.0
41 10 39 1.0
64 75 77 1.0
44 37 7 1.0
66 99 95 1.0
10 22 7 1.0
65 91 53 1.0
33 26 25 1.0
82 85 79 1.0
1 21 46 1.0
56 67 85 1.0
32 25 36 1.0
64 50 68 1.0
40 25 1 1.0
97 70 78 1.0
49 27 15 1.0
65 95 57 1.0
33 28 46 1.0
74 68 82 1.0
17 25 31 1.0
89 70 54 1.0
48 43 3 1.0
96 50 62 1.0
32 42 13 1.0
50 85 95 1.0
9 12 25 1.0
74 99 69 1.0
49 30 31 1.0
96 57 70 1.0
17 34 29 1.0
56 86 87 1.0
8 18 28 1.0
88 90 96 1.0
0 9 46 1.0
80 75 93 1.0
32 2 6 1.0
56 50 59 1.0
40 3 14 1.0
64 53 54 1.0
16 25 38 1.0
81 53 77 1.0
27 46 30 1.0
99 53 95 1.0
34 35 28 1.0
73 69 95 1.0
24 9 47 1.0
97 92 79 1.0
40 9 1 1.0
80 60 53 1.0
49 2 44 1.0
73 75 77 1.0
18 3 44 1.0
89 53 77 1.0
9 31 41 1.0
97 84 95 1.0
1 28 33 1.0
83 76 78 1.0
16 25 40 1.0
77 87 71 1.0
0 33 49 1.0
80 72 91 1.0
3 36 7 1.0
88 75 99 1.0
19 14 15 1.0
81 86 70 1.0
40 27 45 1.0
98 84 70 1.0
24 0 19 1.0
65 59 86 1.0
4 21 15 1.0
88 85 79 1.0
24 21 37 1.0
58 67 84 1.0
18 39 47 1.0
59 61 94 1.0
1 42 29 1.0
81 83 54 1.0
10 4 21 1.0
75 91 53 1.0
40 9 22 1.0
88 57 86 1.0
13 26 37 1.0
83 53 94 1.0
35 28 30 1.0
72 51 60 1.0
40 42 31 1.0
74 71 63 1.0
20 5 15 1.0
64 93 78 1.0
34 43 5 1.0
96 66 60 1.0
48 9 18 1.0
72 64 86 1.0
41 4 29 1.0
81 89 63 1.0
25 44 31 1.0
89 67 69 1.0
24 42 23 1.0
67 83 99 1.0
25 37 31 1.0
56 77 94 1.0
1 3 47 1.0
66 75 93 1.0
40 33 1 1.0
97 90 52 1.0
41 2 38 1.0
89 51 85 1.0
49 35 9 1.0
98 61 86 1.0
24 45 15 1.0
50 66 94 1.0
33 10 6 1.0
83 84 79 1.0
9 27 39 1.0
80 98 91 1.0
32 43 27 1.0
99 76 71 1.0
49 12 47 1.0
81 98 51 1.0
11 3 31 1.0
98 91 87 1.0
8 18 47 1.0
58 68 78 1.0
20 37 22 1.0
57 52 93 1.0
17 26 15 1.0
74 90 78 1.0
18 42 38 1.0
98 59 87 1.0
32 46 30 1.0
50 53 86 1.0
40 10 29 1.0
58 52 86 1.0
42 37 38 1.0
55 77 79 1.0
33 14 41 1.0
65 51 86 1.0
33 17 31 1.0
72 75 61 1.0
1 27 7 1.0
73 74 68 1.0
24 1 44 1.0
90 70 71 1.0
32 10 14 1.0
82 90 85 1.0
9 20 46 1.0
89 99 92 1.0
18 29 21 1.0
57 98 58 1.0
49 4 46 1.0
72 66 93 1.0
16 30 47 1.0
84 79 87 1.0
33 35 49 1.0
64 73 52 1.0
25 3 6 1.0
82 61 87 1.0
2 26 31 1.0
59 51 78 1.0
48 44 31 1.0
82 76 95 1.0
0 30 6 1.0
80 79 55 1.0
17 28 41 1.0
73 84 54 1.0
27 44 21 1.0
51 86 87 1.0
48 3 22 1.0
72 50 54 1.0
17 30 31 1.0
50 92 95 1.0
40 20 45 1.0
80 68 85 1.0
49 18 28 1.0
68 95 63 1.0
18 42 38 1.0
88 50 95 1.0
18 14 47 1.0
94 66 70 1.0
8 3 38 1.0
73 75 95 1.0
12 21 14 1.0
73 91 87 1.0
40 25 21 1.0
50 76 62 1.0
1 10 43 1.0
68 79 95 1.0
18 37 46 1.0
97 76 79 1.0
25 44 13 1.0
72 69 54 1.0
33 35 5 1.0
74 78 63 1.0
16 44 21 1.0
65 60 94 1.0
48 31 23 1.0
78 84 70 1.0
24 9 18 1.0
64 66 93 1.0
16 19 36 1.0
84 77 86 1.0
2 7 47 1.0
72 85 95 1.0
8 27 7 1.0
76 78 60 1.0
42 43 47 1.0
88 58 87 1.0
49 26 39 1.0
76 78 52 1.0
18 11 34 1.0
64 65 56 1.0
49 45 47 1.0
98 52 50 1.0
8 20 45 1.0
98 75 86 1.0
8 34 20 1.0
88 98 63 1.0
9 42 29 1.0
90 62 79 1.0
26 35 7 1.0
56 66 51 1.0
0 35 14 1.0
72 66 80 1.0
9 37 17 1.0
80 83 68 1.0
26 12 30 1.0
50 52 79 1.0
29 18 5 1.0
80 94 62 1.0
44 21 22 1.0
64 59 53 1.0
1 5 22 1.0
83 76 70 1.0
25 19 12 1.0
52 61 78 1.0
33 22 15 1.0
85 94 71 1.0
2 21 38 1.0
57 52 54 1.0
20 46 22 1.0
59 76 86 1.0
2 27 15 1.0
76 54 71 1.0
16 43 3 1.0
72 97 78 1.0
24 26 29 1.0
75 59 66 1.0
17 46 23 1.0
88 94 71 1.0
2 3 47 1.0
64 84 76 1.0
29 46 23 1.0
60 62 76 1.0
45 38 47 1.0
83 53 69 1.0
29 14 22 1.0
72 65 55 1.0
40 0 44 1.0
57 98 51 1.0
32 34 7 1.0
56 81 70 1.0
10 43 6 1.0
72 97 75 1.0
24 14 7 1.0
66 51 55 1.0
25 35 29 1.0
65 51 60 1.0
0 1 39 1.0
97 67 69 1.0
33 26 23 1.0
89 92 61 1.0
16 42 29 1.0
89 57 93 1.0
1 12 7 1.0
57 99 79 1.0
18 43 22 1.0
64 82 55 1.0
32 49 38 1.0
65 73 59 1.0
32 41 22 1.0
97 90 62 1.0
46 45 38 1.0
56 66 61 1.0
25 2 39 1.0
56 98 63 1.0
1 9 7 1.0
65 81 90 1.0
0 26 47 1.0
79 94 71 1.0
33 43 15 1.0
88 95 55 1.0
27 21 38 1.0
75 77 78 1.0
17 12 5 1.0
86 99 78 1.0
48 27 12 1.0
62 54 78 1.0
33 13 30 1.0
88 73 52 1.0
32 5 39 1.0
89 73 87 1.0
1 2 14 1.0
98 51 87 1.0
49 43 17 1.0
51 60 62 1.0
40 10 22 1.0
56 51 69 1.0
48 27 5 1.0
74 52 95 1.0
8 24 4 1.0
96 98 88 1.0
21 14 15 1.0
99 74 83 1.0
19 30 6 1.0
64 59 51 1.0
34 11 38 1.0
84 53 95 1.0
42 11 13 1.0
89 81 97 1.0
17 3 44 1.0
66 61 79 1.0
33 14 47 1.0
74 69 98 1.0
18 35 13 1.0
85 78 79 1.0
48 46 7 1.0
91 67 82 1.0
4 44 15 1.0
67 60 54 1.0
42 30 31 1.0
93 77 95 1.0
41 27 22 1.0
72 50 69 1.0
41 7 15 1.0
64 89 85 1.0
19 20 15 1.0
64 90 52 1.0
9 34 46 1.0
74 77 61 1.0
26 44 39 1.0
88 97 90 1.0
26 6 23 1.0
72 80 61 1.0
34 35 36 1.0
96 82 80 1.0
16 44 36 1.0
81 99 63 1.0
18 3 20 1.0
97 68 87 1.0
24 49 1 1.0
64 84 87 1.0
16 41 37 1.0
56 98 99 1.0
33 2 30 1.0
80 51 55 1.0
13 5 45 1.0
82 77 69 1.0
17 12 31 1.0
56 65 60 1.0
16 33 18 1.0
64 51 52 1.0
32 42 35 1.0
82 67 94 1.0
17 44 45 1.0
92 62 55 1.0
41 10 28 1.0
72 73 51 1.0
24 43 6 1.0
58 92 90 1.0
1 17 6 1.0
88 86 63 1.0
34 46 14 1.0
80 58 84 1.0
10 34 31 1.0
57 61 55 1.0
5 38 14 1.0
74 84 55 1.0
44 45 14 1.0
58 83 86 1.0
9 13 17 1.0
93 95 55 1.0
1 34 42 1.0
88 93 87 1.0
33 29 14 1.0
53 87 55 1.0
25 18 9 1.0
88 73 82 1.0
0 35 38 1.0
88 82 86 1.0
24 36 23 1.0
60 54 63 1.0
16 18 3 1.0
62 76 70 1.0
26 44 22 1.0
85 87 63 1.0
11 43 45 1.0
82 99 86 1.0
10 12 47 1.0
83 84 63 1.0
34 4 12 1.0
67 69 78 1.0
26 42 37 1.0
96 81 57 1.0
11 22 31 1.0
50 86 71 1.0
24 1 44 1.0
50 93 86 1.0
42 46 31 1.0
61 53 55 1.0
32 1 9 1.0
72 83 52 1.0
48 42 12 1.0
89 55 71 1.0
49 2 11 1.0
72 74 94 1.0
17 30 47 1.0
65 50 85 1.0
32 17 36 1.0
65 74 95 1.0
20 6 31 1.0
56 99 88 1.0
17 29 14 1.0
53 78 55 1.0
4 14 31 1.0
72 81 76 1.0
11 3 38 1.0
80 73 75 1.0
45 19 5 1.0
81 52 63 1.0
32 42 21 1.0
73 97 61 1.0
40 11 5 1.0
50 92 82 1.0
0 32 7 1.0
75 84 79 1.0
29 30 39 1.0
67 70 87 1.0
24 25 37 1.0
81 83 61 1.0
41 35 14 1.0
65 99 76 1.0
33 21 31 1.0
64 94 71 1.0
2 34 3 1.0
88 66 83 1.0
16 21 31 1.0
68 54 55 1.0
34 35 45 1.0
96 74 54 1.0
9 27 31 1.0
72 58 79 1.0
10 21 45 1.0
88 84 96 1.0
1 15 49 1.0
98 93 62 1.0
32 37 46 1.0
72 67 77 1.0
25 34 46 1.0
98 82 95 1.0
0 1 11 1.0
57 91 84 1.0
32 17 38 1.0
73 57 95 1.0
3 29 47 1.0
88 58 75 1.0
0 49 26 1.0
64 92 71 1.0
49 34 28 1.0
58 99 78 1.0
43 13 39 1.0
73 69 78 1.0
17 45 47 1.0
98 92 62 1.0
26 43 4 1.0
73 81 99 1.0
11 23 15 1.0
65 51 92 1.0
2 43 5 1.0
66 83 50 1.0
14 22 39 1.0
73 52 92 1.0
26 3 36 1.0
98 69 71 1.0
40 48 11 1.0
88 93 63 1.0
40 12 47 1.0
68 78 84 1.0
9 39 41 1.0
64 82 55 1.0
8 26 12 1.0
64 92 85 1.0
27 7 31 1.0
97 66 51 1.0
34 42 45 1.0
53 77 71 1.0
39 5 15 1.0
64 59 80 1.0
48 35 45 1.0
66 82 93 1.0
0 19 39 1.0
73 67 55 1.0
33 43 12 1.0
65 77 70 1.0
44 47 31 1.0
98 94 87 1.0
0 49 25 1.0
56 59 85 1.0
3 29 47 1.0
84 95 63 1.0
10 6 39 1.0
91 94 63 1.0
2 27 21 1.0
81 90 87 1.0
5 26 13 1.0
58 50 54 1.0
49 14 15 1.0
75 86 79 1.0
40 17 49 1.0
82 61 71 1.0
48 10 5 1.0
75 55 71 1.0
19 28 20 1.0
67 53 95 1.0
48 4 46 1.0
50 52 93 1.0
26 27 45 1.0
80 97 86 1.0
48 11 45 1.0
88 74 50 1.0
27 36 7 1.0
50 52 70 1.0
32 7 15 1.0
96 57 76 1.0
16 23 31 1.0
50 91 61 1.0
33 30 31 1.0
89 76 94 1.0
8 17 4 1.0
53 93 62 1.0
0 43 38 1.0
97 58 94 1.0
40 20 6 1.0
88 53 79 1.0
11 19 27 1.0
58 51 94 1.0
26 35 12 1.0
67 84 54 1.0
34 36 38 1.0
88 59 60 1.0
16 8 10 1.0
57 76 77 1.0
1 2 21 1.0
64 56 86 1.0
26 12 5 1.0
66 75 60 1.0
32 19 5 1.0
51 68 84 1.0
40 2 37 1.0
90 55 79 1.0
7 46 22 1.0
80 90 98 1.0
37 6 30 1.0
97 51 71 1.0
18 37 13 1.0
97 68 70 1.0
48 16 45 1.0
80 52 77 1.0
8 17 47 1.0
81 93 71 1.0
24 27 7 1.0
50 51 70 1.0
40 33 39 1.0
94 60 62 1.0
48 9 20 1.0
81 73 95 1.0
48 9 15 1.0
64 69 55 1.0
24 17 19 1.0
88 90 71 1.0
10 27 45 1.0
89 75 85 1.0
27 35 38 1.0
89 60 85 1.0
19 6 15 1.0
99 51 59 1.0
25 3 13 1.0
81 78 86 1.0
14 38 47 1.0
50 67 76 1.0
40 30 14 1.0
66 76 90 1.0
48 2 44 1.0
89 62 63 1.0
16 2 19 1.0
64 66 94 1.0
48 3 31 1.0
88 57 92 1.0
32 9 17 1.0
97 60 62 1.0
48 21 14 1.0
96 98 50 1.0
37 30 47 1.0
82 91 54 1.0
40 49 8 1.0
69 55 71 1.0
33 18 26 1.0
51 99 92 1.0
0 37 38 1.0
74 78 71 1.0
16 27 13 1.0
96 99 85 1.0
10 22 30 1.0
97 76 69 1.0
33 43 21 1.0
98 77 62 1.0
9 44 25 1.0
96 66 92 1.0
4 29 14 1.0
90 69 95 1.0
35 26 19 1.0
99 67 69 1.0
48 41 29 1.0
65 58 57 1.0
40 24 20 1.0
52 85 92 1.0
41 18 3 1.0
86 93 78 1.0
42 10 22 1.0
82 61 86 1.0
25 19 4 1.0
73 67 68 1.0
16 9 31 1.0
82 51 54 1.0
16 48 36 1.0
57 53 95 1.0
24 13 30 1.0
64 91 94 1.0
16 11 13 1.0
64 70 71 1.0
17 20 29 1.0
64 73 96 1.0
16 1 45 1.0
96 57 59 1.0
26 12 21 1.0
73 59 71 1.0
1 18 45 1.0
81 82 84 1.0
10 45 15 1.0
89 62 95 1.0
17 46 7 1.0
80 99 60 1.0
3 5 6 1.0
72 67 87 1.0
24 28 15 1.0
56 72 51 1.0
24 0 47 1.0
75 92 53 1.0
9 26 46 1.0
88 50 68 1.0
9 19 29 1.0
50 82 93 1.0
34 42 38 1.0
66 67 69 1.0
24 11 29 1.0
81 73 58 1.0
16 22 30 1.0
77 62 63 1.0
18 2 38 1.0
81 82 70 1.0
49 5 38 1.0
69 54 79 1.0
10 44 4 1.0
91 77 86 1.0
2 18 23 1.0
74 99 52 1.0
49 3 12 1.0
96 84 54 1.0
16 9 5 1.0
97 75 69 1.0
40 13 31 1.0
59 86 63 1.0
11 47 15 1.0
75 55 63 1.0
10 20 7 1.0
88 57 91 1.0
16 44 21 1.0
78 70 95 1.0
1 37 14 1.0
89 81 87 1.0
34 11 22 1.0
74 92 53 1.0
4 21 31 1.0
67 62 95 1.0
35 36 30 1.0
56 65 94 1.0
32 38 6 1.0
57 66 67 1.0
3 12 47 1.0
82 91 87 1.0
32 25 5 1.0
73 50 70 1.0
48 49 25 1.0
74 83 98 1.0
9 42 36 1.0
67 99 86 1.0
36 22 39 1.0
74 68 54 1.0
33 3 13 1.0
56 76 78 1.0
18 4 30 1.0
91 76 71 1.0
49 39 15 1.0
64 80 92 1.0
2 35 7 1.0
72 90 91 1.0
25 27 31 1.0
64 82 60 1.0
4 30 47 1.0
73 78 87 1.0
32 27 31 1.0
74 76 98 1.0
9 19 25 1.0
53 62 63 1.0
28 20 15 1.0
78 50 54 1.0
17 2 28 1.0
58 68 53 1.0
19 42 11 1.0
58 84 94 1.0
3 28 7 1.0
54 64 78 1.0
8 12 36 1.0
59 76 55 1.0
17 34 25 1.0
72 97 51 1.0
0 18 22 1.0
64 74 79 1.0
4 21 31 1.0
97 50 52 1.0
33 42 45 1.0
56 98 53 1.0
16 0 44 1.0
89 90 51 1.0
8 32 31 1.0
74 86 95 1.0
44 31 7 1.0
96 73 92 1.0
16 45 23 1.0
73 75 54 1.0
9 34 44 1.0
98 61 79 1.0
33 18 25 1.0
97 77 70 1.0
41 44 33 1.0
82 75 79 1.0
11 44 30 1.0
82 84 95 1.0
0 36 30 1.0
67 61 87 1.0
42 35 12 1.0
64 54 71 1.0
11 5 38 1.0
81 59 92 1.0
17 12 47 1.0
63 61 79 1.0
31 20 39 1.0
67 76 53 1.0
24 19 27 1.0
56 58 76 1.0
2 29 39 1.0
58 75 92 1.0
11 19 45 1.0
71 70 63 1.0
26 35 20 1.0
72 59 84 1.0
15 38 30 1.0
80 89 63 1.0
9 34 38 1.0
80 92 86 1.0
16 27 39 1.0
56 67 78 1.0
8 41 40 1.0
58 59 61 1.0
33 10 34 1.0
52 70 95 1.0
8 10 29 1.0
97 82 59 1.0
34 35 29 1.0
61 94 71 1.0
11 20 22 1.0
64 87 79 1.0
11 3 23 1.0
56 99 63 1.0
0 42 20 1.0
80 66 59 1.0
19 7 23 1.0
96 82 88 1.0
2 19 30 1.0
74 62 55 1.0
20 5 47 1.0
88 89 50 1.0
33 34 19 1.0
72 74 78 1.0
24 20 36 1.0
91 92 52 1.0
41 10 12 1.0
98 76 63 1.0
40 33 21 1.0
81 90 95 1.0
26 19 29 1.0
96 53 63 1.0
48 18 15 1.0
80 84 69 1.0
12 21 14 1.0
64 58 67 1.0
31 22 23 1.0
64 96 63 1.0
10 21 31 1.0
88 74 85 1.0
21 30 39 1.0
89 53 63 1.0
8 1 23 1.0
64 98 52 1.0
8 9 23 1.0
64 92 62 1.0
34 12 20 1.0
73 83 55 1.0
8 43 36 1.0
81 97 67 1.0
24 49 47 1.0
82 75 58 1.0
30 6 23 1.0
88 82 52 1.0
16 32 30 1.0
99 85 54 1.0
15 29 7 1.0
98 59 61 1.0
11 36 37 1.0
72 53 86 1.0
32 1 13 1.0
96 62 71 1.0
9 10 22 1.0
67 63 95 1.0
25 46 7 1.0
58 67 60 1.0
33 43 28 1.0
78 61 54 1.0
20 38 7 1.0
78 74 86 1.0
18 43 39 1.0
58 75 76 1.0
44 13 30 1.0
80 57 99 1.0
16 26 10 1.0
54 52 94 1.0
17 43 23 1.0
80 83 75 1.0
17 27 39 1.0
64 88 61 1.0
26 19 6 1.0
80 91 62 1.0
9 4 21 1.0
88 89 53 1.0
10 28 14 1.0
72 62 94 1.0
40 25 4 1.0
96 82 53 1.0
26 28 30 1.0
82 77 66 1.0
32 33 38 1.0
74 53 79 1.0
9 18 35 1.0
50 51 85 1.0
20 30 15 1.0
82 52 77 1.0
32 2 23 1.0
51 67 76 1.0
9 11 44 1.0
82 51 68 1.0
25 20 37 1.0
96 65 52 1.0
1 20 30 1.0
91 52 55 1.0
26 35 42 1.0
66 60 92 1.0
43 29 6 1.0
98 69 78 1.0
26 35 6 1.0
57 92 55 1.0
29 46 15 1.0
88 81 53 1.0
48 35 44 1.0
56 76 61 1.0
32 34 39 1.0
72 58 61 1.0
26 13 29 1.0
64 57 68 1.0
48 37 23 1.0
57 78 70 1.0
34 28 21 1.0
80 71 87 1.0
16 19 4 1.0
56 65 91 1.0
19 31 39 1.0
72 80 93 1.0
34 4 14 1.0
96 62 78 1.0
35 42 3 1.0
83 99 68 1.0
1 42 44 1.0
83 68 94 1.0
32 0 21 1.0
57 94 95 1.0
19 35 27 1.0
81 93 77 1.0
29 6 30 1.0
96 50 98 1.0
13 21 7 1.0
65 67 75 1.0
42 27 20 1.0
80 69 94 1.0
20 23 7 1.0
74 67 76 1.0
32 34 36 1.0
81 68 69 1.0
24 28 15 1.0
56 94 87 1.0
24 12 37 1.0
98 61 71 1.0
32 35 30 1.0
68 69 95 1.0
40 36 29 1.0
66 99 68 1.0
27 28 36 1.0
66 59 78 1.0
40 26 18 1.0
80 92 79 1.0
13 6 47 1.0
89 54 87 1.0
29 5 7 1.0
80 51 62 1.0
12 37 39 1.0
58 83 78 1.0
8 34 35 1.0
56 67 94 1.0
9 27 41 1.0
80 57 71 1.0
7 46 39 1.0
96 81 59 1.0
49 45 15 1.0
50 83 54 1.0
24 10 45 1.0
56 69 71 1.0
9 20 15 1.0
64 92 78 1.0
21 11 45 1.0
80 85 62 1.0
24 26 45 1.0
50 59 68 1.0
46 16 6 1.0
86 52 70 1.0
41 19 6 1.0
80 56 60 1.0
12 29 15 1.0
59 94 95 1.0
25 13 31 1.0
70 53 94 1.0
32 21 39 1.0
81 91 60 1.0
16 26 39 1.0
64 65 93 1.0
40 1 28 1.0
54 53 78 1.0
32 16 47 1.0
52 62 79 1.0
48 19 3 1.0
72 89 65 1.0
19 12 30 1.0
68 53 92 1.0
37 45 30 1.0
60 53 94 1.0
9 44 46 1.0
98 99 58 1.0
24 13 7 1.0
50 76 78 1.0
20 29 44 1.0
98 92 69 1.0
40 1 36 1.0
81 83 69 1.0
4 22 30 1.0
51 54 63 1.0
26 12 6 1.0
50 84 87 1.0
4 29 39 1.0
84 53 63 1.0
49 33 41 1.0
50 92 71 1.0
27 29 14 1.0
80 57 61 1.0
43 44 22 1.0
89 71 63 1.0
34 42 38 1.0
81 66 85 1.0
0 23 7 1.0
97 83 54 1.0
32 1 4 1.0
93 69 79 1.0
24 10 27 1.0
64 80 79 1.0
41 4 45 1.0
89 50 90 1.0
27 5 31 1.0
75 53 86 1.0
18 2 4 1.0
90 68 76 1.0
40 35 22 1.0
56 67 70 1.0
16 37 22 1.0
72 90 98 1.0
16 42 21 1.0
77 69 87 1.0
45 20 37 1.0
59 85 54 1.0
33 18 25 1.0
57 51 54 1.0
26 35 4 1.0
80 92 70 1.0
41 23 15 1.0
66 99 60 1.0
32 49 12 1.0
88 99 59 1.0
40 18 4 1.0
64 98 63 1.0
32 34 46 1.0
80 50 56 1.0
36 20 39 1.0
96 67 70 1.0
7 37 15 1.0
57 74 75 1.0
24 14 30 1.0
73 66 62 1.0
27 18 3 1.0
80 92 71 1.0
8 35 38 1.0
97 74 83 1.0
42 11 30 1.0
73 59 67 1.0
10 44 46 1.0
64 81 51 1.0
25 45 37 1.0
91 52 86 1.0
48 1 31 1.0
96 99 68 1.0
17 18 28 1.0
98 82 53 1.0
32 9 4 1.0
66 77 95 1.0
33 21 22 1.0
64 70 79 1.0
33 42 14 1.0
56 55 71 1.0
34 28 45 1.0
58 94 71 1.0
48 2 14 1.0
66 83 93 1.0
4 22 47 1.0
67 77 63 1.0
32 26 22 1.0
75 51 61 1.0
45 21 6 1.0
75 84 54 1.0
34 4 31 1.0
92 54 63 1.0
49 14 23 1.0
88 78 94 1.0
4 29 36 1.0
57 59 54 1.0
42 45 46 1.0
57 87 55 1.0
18 3 6 1.0
97 69 55 1.0
34 18 47 1.0
66 83 63 1.0
17 14 23 1.0
57 77 86 1.0
35 20 46 1.0
65 91 52 1.0
49 10 47 1.0
96 69 94 1.0
1 36 17 1.0
66 59 71 1.0
40 26 46 1.0
62 94 87 1.0
24 9 45 1.0
72 75 77 1.0
19 20 6 1.0
64 93 79 1.0
49 2 29 1.0
57 54 95 1.0
8 10 7 1.0
64 81 56 1.0
24 0 40 1.0
97 50 78 1.0
18 19 28 1.0
89 79 95 1.0
35 28 13 1.0
88 92 93 1.0
49 18 2 1.0
65 99 95 1.0
29 37 6 1.0
80 51 84 1.0
19 30 47 1.0
90 75 93 1.0
16 27 19 1.0
93 77 54 1.0
1 39 15 1.0
88 65 78 1.0
17 18 47 1.0
69 95 87 1.0
18 14 30 1.0
89 83 92 1.0
20 21 30 1.0
52 53 84 1.0
0 47 7 1.0
59 84 94 1.0
11 28 46 1.0
72 56 87 1.0
40 2 30 1.0
85 61 62 1.0
25 10 14 1.0
81 67 60 1.0
40 28 13 1.0
65 76 69 1.0
25 43 49 1.0
56 90 93 1.0
31 21 7 1.0
88 86 71 1.0
24 42 19 1.0
56 78 86 1.0
42 3 22 1.0
89 95 87 1.0
1 10 35 1.0
56 97 62 1.0
8 11 22 1.0
81 85 79 1.0
0 48 45 1.0
67 94 95 1.0
41 43 47 1.0
80 81 57 1.0
2 28 4 1.0
83 76 63 1.0
48 37 15 1.0
61 63 87 1.0
25 26 11 1.0
69 71 87 1.0
0 49 41 1.0
83 78 71 1.0
35 19 30 1.0
75 99 78 1.0
29 37 13 1.0
81 85 95 1.0
18 45 15 1.0
54 81 78 1.0
8 41 26 1.0
88 65 52 1.0
8 42 4 1.0
65 52 95 1.0
21 14 23 1.0
88 55 87 1.0
48 41 31 1.0
57 50 62 1.0
33 11 6 1.0
78 54 63 1.0
40 1 18 1.0
72 84 63 1.0
24 49 19 1.0
90 59 79 1.0
32 41 10 1.0
89 50 90 1.0
49 30 33 1.0
58 60 95 1.0
10 13 7 1.0
72 52 95 1.0
20 30 31 1.0
60 86 92 1.0
46 10 14 1.0
64 70 95 1.0
24 29 23 1.0
81 50 63 1.0
25 27 17 1.0
80 92 84 1.0
49 26 10 1.0
52 69 62 1.0
33 19 15 1.0
72 99 86 1.0
41 34 39 1.0
54 61 86 1.0
48 43 4 1.0
86 67 70 1.0
13 38 22 1.0
74 95 71 1.0
49 18 23 1.0
80 78 94 1.0
19 44 13 1.0
64 57 55 1.0
0 43 35 1.0
57 50 99 1.0
40 6 7 1.0
66 75 52 1.0
37 13 47 1.0
74 53 85 1.0
12 30 14 1.0
56 73 91 1.0
37 29 7 1.0
74 50 71 1.0
31 21 47 1.0
89 60 97 1.0
48 12 13 1.0
97 53 62 1.0
49 10 7 1.0
51 53 87 1.0
26 4 23 1.0
81 67 84 1.0
18 36 7 1.0
96 81 53 1.0
2 18 19 1.0
80 55 63 1.0
24 41 38 1.0
96 71 87 1.0
40 32 4 1.0
88 57 70 1.0
49 28 41 1.0
54 75 62 1.0
8 26 12 1.0
64 77 79 1.0
41 5 9 1.0
97 90 69 1.0
9 10 33 1.0
96 51 53 1.0
32 1 28 1.0
56 82 76 1.0
44 38 47 1.0
80 88 71 1.0
33 27 41 1.0
73 90 77 1.0
9 45 7 1.0
50 70 98 1.0
37 20 21 1.0
96 65 52 1.0
27 21 23 1.0
72 89 84 1.0
9 36 15 1.0
88 66 60 1.0
17 18 36 1.0
74 58 62 1.0
16 17 27 1.0
56 67 92 1.0
48 17 29 1.0
80 60 62 1.0
48 17 16 1.0
65 61 87 1.0
34 11 38 1.0
96 68 55 1.0
43 27 6 1.0
51 60 63 1.0
2 43 45 1.0
89 76 57 1.0
35 36 31 1.0
56 97 96 1.0
16 29 31 1.0
51 99 70 1.0
24 2 27 1.0
82 91 98 1.0
10 3 29 1.0
98 84 86 1.0
10 44 42 1.0
97 90 99 1.0
37 6 22 1.0
60 85 95 1.0
32 8 27 1.0
96 89 61 1.0
16 6 39 1.0
64 66 67 1.0
20 13 31 1.0
73 82 87 1.0
18 44 31 1.0
64 56 68 1.0
24 27 3 1.0
74 60 87 1.0
1 2 46 1.0
57 94 71 1.0
48 10 37 1.0
88 72 92 1.0
32 24 15 1.0
80 66 92 1.0
5 13 39 1.0
96 89 86 1.0
2 11 20 1.0
57 77 93 1.0
26 15 23 1.0
55 53 95 1.0
41 27 7 1.0
99 58 67 1.0
2 43 12 1.0
96 97 54 1.0
48 28 23 1.0
76 53 71 1.0
17 47 15 1.0
67 92 79 1.0
8 12 23 1.0
64 58 68 1.0
26 19 30 1.0
90 61 55 1.0
25 38 41 1.0
56 89 97 1.0
25 44 30 1.0
89 98 54 1.0
33 47 7 1.0
98 71 95 1.0
33 2 9 1.0
56 74 99 1.0
1 43 39 1.0
72 58 55 1.0
33 25 41 1.0
86 74 94 1.0
48 49 36 1.0
58 68 79 1.0
40 38 15 1.0
81 74 70 1.0
40 12 4 1.0
67 52 62 1.0
26 19 29 1.0
52 69 71 1.0
41 18 13 1.0
88 75 52 1.0
36 13 47 1.0
80 54 63 1.0
42 10 44 1.0
96 50 82 1.0
35 28 21 1.0
96 74 75 1.0
13 38 7 1.0
50 92 62 1.0
1 25 7 1.0
89 52 79 1.0
40 20 45 1.0
69 92 93 1.0
9 2 30 1.0
51 71 87 1.0
18 27 21 1.0
88 75 87 1.0
44 29 6 1.0
80 60 68 1.0
8 25 46 1.0
75 85 77 1.0
10 12 29 1.0
70 94 71 1.0
24 5 14 1.0
56 59 61 1.0
46 4 6 1.0
54 60 70 1.0
34 27 23 1.0
56 52 62 1.0
48 9 30 1.0
56 68 70 1.0
32 40 47 1.0
51 84 87 1.0
17 26 27 1.0
88 75 78 1.0
26 3 15 1.0
52 93 95 1.0
8 1 28 1.0
55 69 87 1.0
42 11 4 1.0
75 93 78 1.0
48 2 46 1.0
72 89 94 1.0
10 20 42 1.0
96 61 62 1.0
21 38 39 1.0
80 75 78 1.0
3 7 15 1.0
97 84 86 1.0
32 33 14 1.0
57 60 69 1.0
16 35 7 1.0
92 95 71 1.0
33 2 22 1.0
89 73 52 1.0
18 36 47 1.0
62 70 63 1.0
41 33 7 1.0
73 77 87 1.0
24 11 5 1.0
90 93 95 1.0
1 44 13 1.0
65 51 71 1.0
24 25 5 1.0
91 92 77 1.0
45 6 23 1.0
50 59 69 1.0
32 33 29 1.0
89 75 79 1.0
24 21 31 1.0
51 61 86 1.0
10 3 31 1.0
66 83 50 1.0
24 34 37 1.0
98 67 76 1.0
25 27 31 1.0
57 66 67 1.0
35 36 30 1.0
56 83 76 1.0
25 1 9 1.0
58 51 70 1.0
40 1 48 1.0
98 90 55 1.0
32 9 5 1.0
65 82 59 1.0
40 26 31 1.0
73 84 94 1.0
40 32 12 1.0
66 83 87 1.0
18 37 22 1.0
64 99 71 1.0
24 17 1 1.0
67 69 78 1.0
0 3 22 1.0
82 66 54 1.0
36 30 39 1.0
88 73 69 1.0
11 5 30 1.0
59 60 93 1.0
48 23 31 1.0
72 57 99 1.0
48 29 47 1.0
88 72 54 1.0
9 18 33 1.0
69 62 71 1.0
38 14 39 1.0
91 84 61 1.0
16 4 46 1.0
56 64 51 1.0
27 44 37 1.0
73 66 98 1.0
10 43 15 1.0
99 83 71 1.0
8 2 7 1.0
82 84 58 1.0
32 11 45 1.0
92 78 87 1.0
41 19 4 1.0
64 73 93 1.0
40 10 43 1.0
99 55 95 1.0
40 16 46 1.0
57 60 94 1.0
19 27 4 1.0
73 97 53 1.0
26 13 29 1.0
74 51 84 1.0
10 43 30 1.0
81 66 86 1.0
24 46 15 1.0
90 76 98 1.0
8 6 31 1.0
81 82 76 1.0
0 27 20 1.0
50 60 70 1.0
8 11 12 1.0
80 81 66 1.0
1 46 15 1.0
76 69 63 1.0
40 30 31 1.0
74 53 55 1.0
28 44 36 1.0
83 84 62 1.0
0 33 4 1.0
65 90 59 1.0
24 46 30 1.0
72 60 78 1.0
24 17 1 1.0
59 75 63 1.0
40 31 39 1.0
57 99 77 1.0
17 34 35 1.0
72 81 50 1.0
5 2 13 1.0
80 75 61 1.0
49 2 9 1.0
89 51 95 1.0
8 12 45 1.0
85 93 63 1.0
35 46 47 1.0
88 80 60 1.0
0 34 35 1.0
64 81 65 1.0
48 29 14 1.0
56 67 77 1.0
19 43 12 1.0
58 82 62 1.0
2 18 23 1.0
81 97 50 1.0
19 7 47 1.0
73 59 93 1.0
18 19 21 1.0
56 67 63 1.0
9 19 21 1.0
96 97 50 1.0
41 18 49 1.0
51 76 84 1.0
11 35 4 1.0
57 67 68 1.0
8 1 47 1.0
64 60 86 1.0
35 12 47 1.0
71 70 63 1.0
48 10 27 1.0
74 91 69 1.0
0 24 27 1.0
81 98 93 1.0
25 10 20 1.0
91 67 86 1.0
19 44 29 1.0
90 99 87 1.0
1 38 31 1.0
86 75 70 1.0
9 21 15 1.0
74 67 61 1.0
41 35 1 1.0
89 93 63 1.0
32 18 43 1.0
56 91 92 1.0
8 9 20 1.0
56 73 95 1.0
9 3 39 1.0
83 84 85 1.0
25 2 38 1.0
89 51 60 1.0
24 0 11 1.0
58 60 54 1.0
49 30 7 1.0
59 76 85 1.0
26 29 37 1.0
56 87 71 1.0
0 32 6 1.0
51 70 79 1.0
10 43 39 1.0
97 60 55 1.0
10 26 38 1.0
78 83 62 1.0
48 19 20 1.0
64 97 66 1.0
15 21 39 1.0
74 84 53 1.0
42 36 21 1.0
56 97 89 1.0
41 30 6 1.0
90 59 55 1.0
0 26 38 1.0
89 93 79 1.0
27 10 35 1.0
82 68 69 1.0
32 2 5 1.0
82 69 93 1.0
28 29 31 1.0
80 50 63 1.0
32 9 27 1.0
80 57 99 1.0
48 10 22 1.0
81 68 79 1.0
21 42 29 1.0
98 77 55 1.0
11 26 2 1.0
68 53 71 1.0
2 44 29 1.0
59 67 77 1.0
10 27 21 1.0
58 63 71 1.0
8 33 1 1.0
72 59 84 1.0
40 9 44 1.0
58 84 93 1.0
1 2 27 1.0
91 60 71 1.0
8 20 13 1.0
64 68 63 1.0
40 8 48 1.0
65 60 55 1.0
9 37 47 1.0
57 98 95 1.0
33 29 41 1.0
80 92 95 1.0
24 34 30 1.0
81 61 86 1.0
20 37 38 1.0
90 92 53 1.0
0 42 3 1.0
81 74 71 1.0
3 9 19 1.0
76 61 71 1.0
48 11 47 1.0
72 67 85 1.0
49 29 5 1.0
98 99 70 1.0
25 45 29 1.0
58 61 79 1.0
10 19 14 1.0
88 82 78 1.0
16 49 29 1.0
97 99 94 1.0
16 49 30 1.0
89 87 71 1.0
27 43 22 1.0
88 97 57 1.0
37 36 5 1.0
96 75 94 1.0
10 29 23 1.0
76 85 60 1.0
20 21 44 1.0
96 56 67 1.0
3 22 31 1.0
59 83 63 1.0
3 43 39 1.0
64 57 67 1.0
27 22 39 1.0
80 65 96 1.0
33 42 25 1.0
89 85 77 1.0
33 26 37 1.0
56 69 95 1.0
24 25 31 1.0
89 84 85 1.0
24 42 37 1.0
56 81 58 1.0
16 21 46 1.0
76 86 84 1.0
19 21 38 1.0
54 75 78 1.0
40 18 28 1.0
56 73 59 1.0
9 19 7 1.0
57 71 95 1.0
25 34 23 1.0
73 99 55 1.0
36 5 14 1.0
99 94 79 1.0
48 25 15 1.0
50 87 71 1.0
37 28 13 1.0
56 83 71 1.0
48 40 29 1.0
93 60 61 1.0
43 20 29 1.0
96 88 61 1.0
32 17 27 1.0
65 78 71 1.0
24 42 19 1.0
94 52 54 1.0
25 10 15 1.0
81 60 86 1.0
48 4 30 1.0
72 66 63 1.0
4 14 31 1.0
51 93 54 1.0
28 45 7 1.0
88 93 77 1.0
10 26 3 1.0
99 77 70 1.0
0 34 19 1.0
94 95 71 1.0
45 28 21 1.0
83 98 59 1.0
48 4 30 1.0
73 98 62 1.0
26 28 47 1.0
96 86 63 1.0
32 27 20 1.0
51 76 53 1.0
10 34 15 1.0
81 66 93 1.0
17 43 39 1.0
64 56 70 1.0
36 13 30 1.0
89 59 70 1.0
25 11 44 1.0
62 86 71 1.0
44 29 14 1.0
57 74 77 1.0
35 28 21 1.0
53 77 54 1.0
0 37 38 1.0
91 92 53 1.0
24 33 18 1.0
58 50 69 1.0
8 33 38 1.0
97 70 95 1.0
48 33 23 1.0
56 53 79 1.0
32 9 43 1.0
97 74 99 1.0
24 33 30 1.0
81 50 87 1.0
24 14 6 1.0
59 75 94 1.0
48 44 46 1.0
73 83 52 1.0
16 18 21 1.0
81 83 94 1.0
34 4 44 1.0
96 75 95 1.0
25 37 14 1.0
66 99 86 1.0
36 38 31 1.0
65 73 53 1.0
2 5 15 1.0
96 52 70 1.0
42 43 28 1.0
98 51 53 1.0
33 42 15 1.0
64 98 70 1.0
9 27 6 1.0
73 98 55 1.0
48 45 15 1.0
72 97 66 1.0
32 9 27 1.0
98 69 79 1.0
43 31 23 1.0
88 92 71 1.0
24 2 37 1.0
96 75 62 1.0
43 3 7 1.0
81 51 94 1.0
10 38 22 1.0
81 66 60 1.0
15 14 39 1.0
76 55 92 1.0
40 34 10 1.0
66 75 54 1.0
36 37 47 1.0
72 83 51 1.0
24 10 44 1.0
80 88 68 1.0
4 5 38 1.0
84 53 55 1.0
26 42 22 1.0
89 60 53 1.0
32 33 7 1.0
73 60 71 1.0
42 37 30 1.0
88 82 62 1.0
17 27 4 1.0
73 90 91 1.0
43 37 45 1.0
58 68 69 1.0
33 3 7 1.0
80 73 55 1.0
25 28 12 1.0
60 78 68 1.0
40 29 38 1.0
64 83 84 1.0
35 36 30 1.0
75 61 78 1.0
37 14 39 1.0
69 68 77 1.0
25 42 11 1.0
92 85 55 1.0
17 2 35 1.0
72 82 95 1.0
40 5 14 1.0
72 68 71 1.0
24 9 14 1.0
73 99 68 1.0
21 37 6 1.0
58 52 54 1.0
9 10 45 1.0
88 80 68 1.0
40 16 18 1.0
81 91 61 1.0
11 21 15 1.0
96 57 91 1.0
1 4 31 1.0
72 74 83 1.0
0 3 47 1.0
89 73 69 1.0
0 5 22 1.0
89 97 60 1.0
40 17 47 1.0
64 83 60 1.0
2 28 5 1.0
91 68 70 1.0
2 10 14 1.0
99 98 91 1.0
21 29 46 1.0
51 55 87 1.0
39 5 47 1.0
89 93 95 1.0
35 36 39 1.0
98 52 77 1.0
48 41 23 1.0
80 73 75 1.0
33 43 45 1.0
56 61 77 1.0
17 34 21 1.0
88 77 63 1.0
5 27 45 1.0
98 59 63 1.0
24 11 12 1.0
50 68 86 1.0
40 9 43 1.0
56 67 94 1.0
33 37 47 1.0
57 67 79 1.0
8 44 14 1.0
80 73 61 1.0
41 29 46 1.0
94 91 86 1.0
24 32 39 1.0
74 82 95 1.0
17 26 37 1.0
72 58 64 1.0
25 19 4 1.0
73 74 57 1.0
41 10 14 1.0
89 83 61 1.0
14 38 39 1.0
51 69 62 1.0
49 11 12 1.0
61 70 55 1.0
17 42 4 1.0
80 83 62 1.0
49 20 39 1.0
58 75 68 1.0
40 43 4 1.0
91 83 70 1.0
48 34 47 1.0
82 99 76 1.0
18 5 39 1.0
73 59 95 1.0
8 5 23 1.0
56 53 87 1.0
17 44 47 1.0
98 99 79 1.0
32 4 21 1.0
89 74 53 1.0
24 41 6 1.0
82 51 78 1.0
35 4 39 1.0
83 67 58 1.0
49 18 34 1.0
80 52 76 1.0
1 21 14 1.0
97 84 77 1.0
40 9 26 1.0
82 59 70 1.0
49 2 11 1.0
88 50 69 1.0
25 34 4 1.0
87 54 63 1.0
24 4 46 1.0
51 68 71 1.0
41 3 21 1.0
80 82 71 1.0
48 1 30 1.0
82 77 85 1.0
36 29 14 1.0
65 62 95 1.0
26 42 7 1.0
96 83 92 1.0
32 29 6 1.0
99 68 54 1.0
1 34 2 1.0
93 61 62 1.0
4 28 37 1.0
81 69 93 1.0
13 19 45 1.0
96 64 60 1.0
49 11 30 1.0
99 57 75 1.0
40 17 29 1.0
73 53 54 1.0
3 11 31 1.0
75 85 71 1.0
17 28 22 1.0
90 99 60 1.0
48 24 32 1.0
58 62 55 1.0
11 13 23 1.0
58 92 68 1.0
33 49 23 1.0
66 84 69 1.0
0 40 45 1.0
67 61 70 1.0
9 18 23 1.0
58 77 66 1.0
16 42 19 1.0
73 91 95 1.0
12 38 39 1.0
93 71 63 1.0
38 6 31 1.0
67 77 86 1.0
19 28 45 1.0
91 93 86 1.0
32 4 29 1.0
80 74 84 1.0
32 41 42 1.0
96 90 69 1.0
0 27 15 1.0
97 94 55 1.0
19 46 30 1.0
58 85 54 1.0
10 44 15 1.0
64 89 75 1.0
46 41 14 1.0
74 99 94 1.0
0 3 14 1.0
54 62 71 1.0
1 2 20 1.0
88 59 63 1.0
24 1 47 1.0
89 84 62 1.0
16 34 20 1.0
82 60 85 1.0
33 21 17 1.0
73 75 77 1.0
8 49 43 1.0
89 91 52 1.0
41 26 22 1.0
64 57 83 1.0
32 9 35 1.0
50 91 94 1.0
24 17 28 1.0
72 91 80 1.0
26 2 37 1.0
90 59 53 1.0
24 10 35 1.0
59 93 95 1.0
35 4 5 1.0
59 92 54 1.0
10 19 42 1.0
73 50 79 1.0
1 27 5 1.0
56 97 91 1.0
40 26 4 1.0
72 65 74 1.0
33 5 31 1.0
89 82 83 1.0
43 35 30 1.0
96 67 54 1.0
40 41 31 1.0
56 74 92 1.0
32 49 13 1.0
64 81 92 1.0
8 25 11 1.0
89 67 87 1.0
9 6 22 1.0
81 60 95 1.0
8 27 4 1.0
57 84 77 1.0
11 12 23 1.0
80 92 68 1.0
48 2 5 1.0
96 93 86 1.0
26 4 23 1.0
74 69 70 1.0
30 14 47 1.0
97 52 95 1.0
24 27 39 1.0
88 98 87 1.0
48 42 35 1.0
51 68 95 1.0
24 4 23 1.0
96 73 64 1.0
25 13 14 1.0
74 53 62 1.0
3 29 30 1.0
97 90 52 1.0
2 44 20 1.0
57 92 70 1.0
49 36 5 1.0
88 96 78 1.0
3 37 30 1.0
57 54 95 1.0
12 39 7 1.0
66 67 54 1.0
49 19 12 1.0
88 75 60 1.0
43 36 47 1.0
96 58 83 1.0
36 14 22 1.0
88 92 63 1.0
41 44 49 1.0
57 98 86 1.0
2 20 45 1.0
72 76 52 1.0
34 20 22 1.0
98 77 66 1.0
16 18 36 1.0
66 83 92 1.0
33 46 15 1.0
97 94 95 1.0
10 2 39 1.0
56 96 53 1.0
28 14 7 1.0
97 67 59 1.0
5 42 37 1.0
97 84 85 1.0
24 13 45 1.0
88 52 85 1.0
26 43 28 1.0
89 75 84 1.0
