35 68 10 46 16 81 85 88 24 58 1.0
65 33 98 97 72 46 80 23 21 87 1.0
99 36 27 40 42 19 24 89 59 57 1.0
98 35 41 10 49 87 30 60 93 62 1.0
99 38 8 76 77 78 49 22 24 89 1.0
67 36 70 71 10 44 15 53 58 61 1.0
99 75 79 49 51 85 88 57 60 61 1.0
0 65 35 39 44 77 16 50 19 63 1.0
96 97 70 74 81 84 55 87 25 61 1.0
70 71 14 78 48 18 51 53 27 31 1.0
32 34 8 12 46 15 92 61 62 95 1.0
97 5 73 10 74 76 79 50 24 95 1.0
68 5 7 40 42 83 22 89 92 29 1.0
99 27 41 74 14 46 92 26 91 60 1.0
98 71 8 10 78 54 86 22 93 30 1.0
99 6 11 12 52 20 24 92 29 62 1.0
32 2 4 6 39 11 49 20 29 63 1.0
33 1 4 40 46 53 23 56 58 93 1.0
0 97 38 8 41 78 49 85 90 61 1.0
34 74 44 48 16 18 87 26 59 28 1.0
97 67 69 70 7 43 76 54 88 60 1.0
33 68 4 70 9 49 82 27 28 63 1.0
98 34 36 69 90 4 78 14 18 58 1.0
65 75 13 80 81 18 51 86 55 30 1.0
0 33 34 97 69 40 80 49 90 63 1.0
72 40 73 11 80 84 56 24 59 29 1.0
33 4 69 48 54 94 24 25 29 62 1.0
65 33 34 4 70 39 40 89 58 62 1.0
33 43 45 14 48 17 84 53 90 29 1.0
65 33 40 9 42 74 82 18 20 28 1.0
32 99 40 73 82 85 23 90 61 62 1.0
34 38 39 8 14 29 55 89 59 61 1.0
97 3 35 37 70 43 84 86 87 62 1.0
32 69 43 78 16 82 52 85 59 30 1.0
32 65 2 66 41 17 51 88 25 26 1.0
65 34 71 9 82 52 21 53 88 92 1.0
65 34 67 5 7 41 74 75 83 57 1.0
96 70 40 41 92 83 55 25 60 30 1.0
99 68 69 7 27 48 82 90 59 31 1.0
96 1 99 10 16 48 19 86 27 28 1.0
33 97 40 10 76 45 47 85 29 62 1.0
33 39 40 12 45 47 50 54 56 28 1.0
0 36 69 70 6 77 17 19 51 54 1.0
34 35 37 12 48 17 83 53 89 63 1.0
32 97 37 46 48 93 21 52 54 61 1.0
1 68 69 36 8 10 78 19 87 62 1.0
0 2 35 71 10 11 45 28 53 60 1.0
34 67 26 37 10 48 16 56 58 88 1.0
4 7 41 42 10 77 14 29 53 93 1.0
96 65 3 7 74 16 81 85 57 90 1.0
1 35 36 7 43 46 47 21 23 27 1.0
96 74 78 86 55 91 60 61 62 95 1.0
33 2 41 10 48 20 24 25 26 31 1.0
97 67 72 73 50 52 88 57 60 61 1.0
0 34 3 9 41 21 22 23 30 31 1.0
90 71 73 77 80 52 53 55 88 56 1.0
2 5 40 41 45 15 16 49 28 29 1.0
64 98 70 71 72 76 80 50 52 60 1.0
5 39 40 10 43 47 18 19 25 30 1.0
66 99 72 76 62 57 59 60 61 94 1.0
1 35 3 38 40 11 48 49 19 20 1.0
96 65 74 76 79 50 85 87 94 62 1.0
0 32 2 42 43 44 13 21 27 31 1.0
65 66 99 67 70 78 51 92 63 95 1.0
36 5 8 41 10 44 14 20 22 26 1.0
96 97 98 78 81 82 51 58 60 95 1.0
36 37 6 5 49 19 22 26 28 30 1.0
64 97 70 80 85 56 89 58 93 94 1.0
32 2 5 9 42 46 48 49 16 24 1.0
76 79 83 52 86 54 88 89 92 93 1.0
1 33 3 6 11 48 22 23 24 27 1.0
64 66 99 71 77 51 52 84 59 60 1.0
3 38 40 11 15 16 47 18 19 27 1.0
72 75 78 80 83 89 59 60 61 95 1.0
0 33 38 7 40 9 10 11 22 28 1.0
67 73 79 50 85 86 88 92 63 95 1.0
1 7 9 42 13 47 16 17 20 28 1.0
98 70 72 80 81 84 85 55 90 92 1.0
32 33 5 9 10 43 44 12 13 16 1.0
64 96 70 79 85 86 56 57 90 92 1.0
4 37 40 42 13 14 17 49 26 28 1.0
97 67 70 74 76 82 52 84 90 61 1.0
34 35 37 6 43 23 24 28 29 30 1.0
64 66 68 73 50 52 87 92 61 94 1.0
32 38 8 9 42 47 48 15 27 29 1.0
68 70 72 76 80 81 82 52 53 62 1.0
1 33 3 5 37 7 45 17 18 25 1.0
69 81 82 83 50 93 86 88 92 61 1.0
2 4 37 7 10 45 15 48 25 28 1.0
64 97 70 76 50 84 86 91 92 94 1.0
0 33 3 13 48 17 18 21 22 26 1.0
96 66 99 69 82 84 55 57 91 62 1.0
4 38 39 12 14 22 24 26 27 28 1.0
64 71 72 75 51 86 88 57 62 95 1.0
34 37 7 10 12 13 46 18 26 29 1.0
64 96 69 81 83 52 57 58 94 95 1.0
35 39 41 45 46 14 13 15 22 31 1.0
64 97 98 99 77 82 50 54 59 61 1.0
0 33 1 40 45 16 23 25 27 29 1.0
96 99 69 81 82 50 52 53 54 88 1.0
2 5 38 39 8 40 45 20 23 31 1.0
96 64 51 52 54 88 89 60 93 57 1.0
0 33 1 10 12 45 15 17 29 31 1.0
97 98 99 67 66 72 86 87 62 95 1.0
1 41 43 12 45 47 48 15 21 26 1.0
65 71 74 83 52 93 90 60 61 95 1.0
35 4 37 11 44 13 14 16 28 29 1.0
66 99 71 78 81 84 85 86 58 94 1.0
6 42 44 14 15 48 23 24 30 31 1.0
65 66 67 77 50 51 86 59 60 93 1.0
0 36 40 41 9 16 18 24 30 31 1.0
65 68 91 75 51 86 87 88 59 60 1.0
33 1 35 5 6 39 11 47 24 29 1.0
97 69 71 76 77 52 53 86 90 91 1.0
33 5 6 39 38 10 13 46 28 30 1.0
97 70 73 75 77 80 53 55 59 62 1.0
2 35 5 6 40 41 9 11 12 20 1.0
96 67 71 74 76 82 85 88 90 92 1.0
38 39 42 11 43 14 16 21 28 30 1.0
65 99 70 72 74 77 78 84 56 89 1.0
34 39 41 11 44 13 19 21 26 30 1.0
69 75 76 80 82 50 85 54 88 95 1.0
33 36 38 41 13 46 15 20 24 25 1.0
64 97 65 70 74 79 84 54 56 63 1.0
0 2 37 10 44 48 49 19 22 30 1.0
96 97 71 75 53 88 59 61 94 95 1.0
32 33 34 36 39 43 18 20 28 31 1.0
65 67 68 71 75 85 87 59 94 95 1.0
36 7 40 9 10 13 18 21 27 28 1.0
96 97 66 71 50 51 54 56 58 88 1.0
32 3 5 38 43 45 20 24 28 31 1.0
98 70 71 74 78 52 53 85 54 92 1.0
6 9 43 44 16 17 20 26 27 29 1.0
96 65 68 71 75 50 51 53 57 63 1.0
1 35 8 40 10 13 27 29 30 31 1.0
64 73 74 50 51 52 53 56 62 63 1.0
34 35 37 39 40 42 11 47 16 17 1.0
64 97 67 99 71 76 80 86 60 93 1.0
1 36 6 8 40 13 19 23 28 31 1.0
64 97 72 73 74 75 81 50 88 62 1.0
0 34 39 40 12 13 20 22 24 27 1.0
96 98 91 81 50 87 88 59 94 95 1.0
1 33 13 14 47 16 17 20 23 27 1.0
65 76 81 83 51 53 86 55 92 95 1.0
32 1 6 42 11 45 21 23 28 31 1.0
96 97 64 99 70 75 50 52 85 95 1.0
32 38 9 43 13 14 17 22 23 29 1.0
99 69 82 52 85 54 56 91 92 95 1.0
35 5 7 44 45 46 16 48 20 28 1.0
96 66 69 70 74 82 51 84 54 88 1.0
34 35 38 39 9 47 17 20 26 27 1.0
64 97 65 99 73 52 86 55 89 61 1.0
2 4 39 41 9 43 15 19 20 31 1.0
69 78 81 84 85 89 91 92 61 63 1.0
0 33 4 39 44 14 15 17 27 31 1.0
64 65 66 76 79 80 84 52 89 58 1.0
1 34 4 6 9 10 43 15 25 29 1.0
96 66 67 68 99 74 82 51 52 58 1.0
3 37 7 40 10 11 13 17 20 22 1.0
68 69 71 73 76 78 51 86 89 63 1.0
0 10 15 16 17 47 19 22 25 28 1.0
96 89 97 75 51 56 57 90 61 63 1.0
36 37 6 5 40 7 39 22 30 31 1.0
65 99 83 52 87 55 88 60 93 94 1.0
0 1 2 5 8 45 16 23 26 29 1.0
64 99 69 74 80 51 54 56 60 63 1.0
2 5 40 8 42 11 16 18 21 27 1.0
97 66 99 73 76 79 50 84 89 94 1.0
32 1 36 38 6 17 18 21 23 24 1.0
68 69 73 53 85 54 88 90 60 94 1.0
34 6 9 46 15 48 20 23 24 25 1.0
98 66 67 76 80 81 50 52 92 95 1.0
32 35 37 6 8 41 40 11 12 29 1.0
67 69 81 82 50 87 55 56 92 95 1.0
34 41 43 49 18 20 25 27 29 31 1.0
65 98 58 79 80 81 87 56 90 92 1.0
5 38 39 6 43 12 44 16 28 29 1.0
99 67 73 75 81 51 85 54 88 89 1.0
32 35 3 4 11 14 20 21 26 29 1.0
97 66 68 75 54 88 58 59 60 95 1.0
33 34 2 5 46 15 19 27 28 31 1.0
96 65 69 74 77 83 53 88 91 94 1.0
1 9 45 46 19 22 23 25 27 29 1.0
67 68 82 51 55 56 89 59 93 95 1.0
33 37 38 41 10 45 14 46 20 22 1.0
97 99 67 72 78 82 86 87 92 95 1.0
1 36 38 7 40 47 16 21 22 28 1.0
96 70 73 78 50 83 52 53 92 63 1.0
0 6 9 42 12 13 46 24 26 31 1.0
67 99 69 73 91 80 84 87 59 95 1.0
1 4 39 10 11 44 17 49 21 28 1.0
65 68 70 72 73 50 52 87 57 93 1.0
36 7 11 44 45 47 48 18 22 28 1.0
65 67 71 76 78 81 93 59 61 95 1.0
0 34 37 7 39 12 46 14 26 28 1.0
64 65 98 68 71 73 78 79 50 83 1.0
1 33 38 40 10 12 46 18 19 31 1.0
96 97 67 68 72 78 56 57 61 63 1.0
33 36 6 7 39 42 43 44 47 21 1.0
66 68 70 75 78 85 53 87 88 62 1.0
2 4 37 42 43 13 14 46 49 22 1.0
97 67 69 79 51 86 87 88 89 94 1.0
34 4 5 37 10 18 21 23 26 31 1.0
67 69 70 72 73 80 82 61 62 95 1.0
36 4 40 8 44 45 17 19 28 30 1.0
68 69 74 80 53 85 89 60 93 94 1.0
0 3 5 42 44 13 22 24 25 29 1.0
97 99 68 69 82 83 86 56 91 62 1.0
33 2 36 10 43 13 17 49 19 22 1.0
65 66 71 75 76 50 86 90 91 95 1.0
0 33 3 6 7 40 43 11 15 27 1.0
96 73 74 75 84 54 62 58 59 94 1.0
32 1 36 4 37 9 16 17 18 23 1.0
65 56 71 72 80 85 88 90 94 95 1.0
32 2 5 9 11 44 13 43 22 25 1.0
97 68 70 72 75 60 58 92 95 63 1.0
3 4 6 40 9 14 48 16 21 23 1.0
65 66 97 68 71 72 73 81 50 89 1.0
0 1 3 35 43 14 46 16 19 24 1.0
97 98 68 71 79 87 95 89 62 63 1.0
4 7 40 47 16 48 21 24 30 31 1.0
96 58 76 79 82 87 89 90 62 57 1.0
1 5 38 40 8 41 12 13 21 22 1.0
64 73 50 83 51 56 90 91 92 62 1.0
32 34 36 39 41 9 43 12 22 23 1.0
96 65 97 87 56 89 58 92 62 63 1.0
0 1 5 40 11 46 15 16 48 18 1.0
97 69 71 59 79 84 54 91 93 94 1.0
0 1 34 33 36 6 12 13 49 27 1.0
73 74 75 50 83 53 55 90 60 61 1.0
32 0 2 3 4 6 46 14 48 29 1.0
96 98 66 70 74 75 79 82 93 61 1.0
33 35 36 6 39 41 47 19 23 31 1.0
96 65 98 68 71 76 77 82 92 63 1.0
32 35 10 11 13 48 17 20 24 27 1.0
66 69 81 52 85 53 56 94 92 62 1.0
33 37 7 8 11 14 48 49 23 29 1.0
97 99 68 78 54 57 58 91 94 95 1.0
3 5 38 8 41 43 21 29 30 31 1.0
97 99 81 82 83 87 92 61 95 63 1.0
32 1 0 36 39 9 14 15 26 27 1.0
67 99 68 75 81 52 84 54 93 62 1.0
32 2 3 34 35 6 40 41 16 18 1.0
67 68 72 80 51 86 56 89 59 93 1.0
34 2 35 39 43 47 16 48 26 27 1.0
64 99 73 78 80 51 56 90 88 93 1.0
35 4 3 40 9 45 15 20 21 29 1.0
70 74 50 84 52 93 87 58 61 95 1.0
1 35 4 37 40 11 20 23 25 29 1.0
65 66 67 59 75 82 50 85 57 91 1.0
6 40 9 11 45 47 20 21 29 30 1.0
66 99 78 92 82 51 57 60 61 62 1.0
33 5 38 6 45 17 18 19 23 27 1.0
96 97 72 76 83 52 94 58 62 57 1.0
34 39 9 44 14 46 48 49 18 30 1.0
65 66 67 71 72 77 51 92 62 63 1.0
2 3 42 12 14 46 18 23 27 29 1.0
65 99 69 74 79 80 83 84 53 87 1.0
32 8 40 11 43 48 17 18 16 29 1.0
64 68 69 71 85 87 59 60 93 94 1.0
3 7 12 45 46 19 21 24 26 30 1.0
64 66 90 71 73 81 54 88 58 62 1.0
2 37 8 42 13 46 49 18 26 30 1.0
68 69 70 72 78 82 83 52 84 58 1.0
35 41 46 15 16 24 26 28 29 31 1.0
96 97 64 67 74 80 83 84 85 53 1.0
1 33 8 42 14 15 17 19 20 25 1.0
65 68 70 73 79 80 53 86 87 94 1.0
0 3 5 41 11 44 48 17 26 30 1.0
65 67 76 78 50 52 86 87 88 60 1.0
32 1 35 4 5 6 17 19 27 30 1.0
96 97 98 69 80 51 83 84 58 59 1.0
1 5 6 7 37 39 40 49 20 29 1.0
98 68 69 71 78 83 87 90 60 94 1.0
1 33 4 39 40 8 43 48 18 27 1.0
97 66 69 70 74 76 85 55 87 93 1.0
34 7 8 11 12 44 47 49 21 22 1.0
96 70 72 76 52 85 54 58 59 94 1.0
33 2 3 4 34 9 10 25 27 29 1.0
96 65 99 74 76 82 93 53 91 61 1.0
3 36 35 12 45 47 49 17 28 30 1.0
64 65 60 79 83 55 88 92 63 95 1.0
33 34 37 6 7 41 13 47 48 20 1.0
97 71 75 84 85 53 54 58 59 62 1.0
1 2 40 41 11 16 48 25 26 30 1.0
72 74 75 78 80 51 85 86 91 62 1.0
32 36 5 38 41 42 11 16 19 30 1.0
98 74 50 83 86 88 90 91 92 93 1.0
32 1 33 41 9 14 15 46 27 30 1.0
68 69 75 51 52 85 86 54 91 62 1.0
0 5 37 7 40 41 10 43 13 27 1.0
96 65 69 75 83 52 85 84 57 90 1.0
1 35 13 14 18 21 22 26 30 31 1.0
97 67 77 79 84 55 57 92 93 94 1.0
2 40 10 12 45 14 46 49 22 27 1.0
65 66 71 81 84 58 91 93 94 95 1.0
0 3 4 39 8 41 9 49 17 22 1.0
97 67 71 74 93 53 56 91 63 95 1.0
32 2 5 6 42 47 17 18 24 29 1.0
96 65 68 52 85 55 90 60 93 94 1.0
1 38 42 44 49 19 21 24 25 31 1.0
99 74 75 78 50 88 89 90 59 57 1.0
35 41 11 12 46 15 49 20 25 26 1.0
96 97 75 78 52 86 87 57 93 63 1.0
34 37 10 11 44 13 46 12 19 27 1.0
98 74 75 82 83 84 51 86 87 91 1.0
2 6 41 9 42 44 12 23 24 31 1.0
65 69 71 72 78 50 84 54 57 62 1.0
3 37 6 9 13 45 46 20 21 29 1.0
99 69 75 77 78 79 80 54 87 93 1.0
32 9 42 43 44 13 48 16 18 19 1.0
96 98 70 73 75 79 84 85 94 63 1.0
2 36 37 40 42 43 45 18 23 24 1.0
96 67 53 87 55 86 90 60 62 95 1.0
0 32 39 10 43 12 45 46 42 21 1.0
64 59 50 84 55 89 91 61 94 95 1.0
33 3 36 37 9 44 48 17 25 30 1.0
67 72 75 76 78 80 51 55 89 63 1.0
33 3 37 8 41 10 42 14 17 27 1.0
96 66 75 93 53 84 87 61 94 95 1.0
0 37 6 40 44 46 15 21 27 30 1.0
67 80 50 84 54 58 59 60 62 95 1.0
2 38 7 9 49 18 21 22 23 26 1.0
64 65 99 68 67 74 77 79 52 63 1.0
38 39 9 43 45 24 26 27 28 31 1.0
97 68 80 84 55 54 87 56 89 94 1.0
33 2 5 41 10 11 12 45 15 47 1.0
65 97 70 71 75 52 55 89 60 93 1.0
0 34 4 5 6 7 8 40 19 31 1.0
98 99 70 74 76 77 78 90 93 62 1.0
4 6 40 12 46 16 17 19 24 31 1.0
96 98 70 84 85 54 89 90 95 63 1.0
32 38 41 43 12 45 16 27 28 31 1.0
97 74 83 85 88 94 90 61 62 95 1.0
37 7 8 10 44 14 18 20 23 26 1.0
65 74 82 54 87 56 57 92 93 62 1.0
33 2 38 7 41 45 16 20 22 30 1.0
74 75 78 82 52 85 90 91 93 62 1.0
32 36 39 9 11 43 45 14 20 29 1.0
65 97 67 66 71 75 51 83 86 57 1.0
3 36 38 8 41 11 12 21 22 25 1.0
71 77 79 92 51 84 86 54 60 94 1.0
1 2 34 33 9 45 15 49 26 27 1.0
96 66 58 77 80 50 88 89 90 93 1.0
32 34 4 38 44 45 13 21 23 31 1.0
73 78 51 86 54 56 57 59 60 95 1.0
41 11 43 15 19 20 21 22 23 27 1.0
98 69 72 76 50 86 87 57 59 63 1.0
32 38 41 10 43 42 48 20 24 29 1.0
64 96 98 67 99 81 83 52 53 59 1.0
33 6 7 8 47 16 19 23 28 30 1.0
78 83 52 93 86 89 58 60 61 94 1.0
6 39 38 11 44 46 17 19 24 27 1.0
65 77 78 83 52 55 62 58 92 94 1.0
33 2 36 37 11 17 19 22 23 24 1.0
65 99 70 75 77 82 91 92 62 63 1.0
34 35 36 41 43 13 46 15 22 30 1.0
99 74 78 50 52 53 87 56 95 63 1.0
33 34 35 36 5 39 43 11 20 25 1.0
71 73 74 79 85 87 56 57 59 94 1.0
32 33 34 2 38 7 11 14 47 25 1.0
89 99 77 83 85 87 55 57 93 94 1.0
1 3 38 41 44 12 14 13 21 22 1.0
97 66 72 74 75 84 85 53 87 63 1.0
36 38 7 8 44 45 20 24 25 26 1.0
97 66 72 73 80 81 51 52 57 60 1.0
1 3 39 42 43 44 48 23 30 31 1.0
67 90 77 78 80 83 54 87 58 59 1.0
32 35 36 5 41 9 48 18 22 24 1.0
66 73 74 75 76 79 80 81 56 63 1.0
32 33 4 39 40 11 12 15 48 17 1.0
96 97 69 71 77 83 88 57 61 63 1.0
5 7 9 43 12 47 27 28 29 31 1.0
97 75 76 92 85 87 56 90 59 60 1.0
32 3 36 5 39 43 46 19 21 30 1.0
66 68 76 77 78 83 89 59 95 63 1.0
2 6 40 17 18 19 20 49 27 29 1.0
66 68 71 72 78 83 84 90 61 94 1.0
1 2 4 5 6 38 8 9 41 47 1.0
64 65 69 74 52 55 95 91 62 63 1.0
1 34 4 6 7 40 11 43 26 31 1.0
68 70 74 78 81 82 51 91 61 62 1.0
1 2 4 8 41 9 15 48 17 18 1.0
96 99 75 80 51 84 88 92 94 95 1.0
33 1 34 38 44 18 22 24 25 30 1.0
64 97 99 77 52 56 57 58 92 61 1.0
32 1 2 37 5 15 16 47 19 30 1.0
96 65 67 81 82 52 53 85 88 60 1.0
1 3 39 41 10 9 45 16 25 31 1.0
98 76 77 60 62 58 88 92 94 63 1.0
32 35 4 12 46 18 19 24 26 30 1.0
72 50 51 53 85 86 56 91 94 95 1.0
36 7 10 12 17 20 21 24 25 27 1.0
98 78 82 84 53 56 89 58 91 57 1.0
0 7 40 9 12 17 24 27 30 31 1.0
64 99 67 69 76 55 88 91 61 95 1.0
5 38 8 41 40 9 13 14 20 30 1.0
73 79 51 84 54 87 56 90 60 62 1.0
32 2 35 36 10 11 44 47 30 31 1.0
96 64 67 69 74 80 81 55 58 59 1.0
0 2 37 39 46 15 16 20 23 29 1.0
74 76 85 56 57 90 91 92 62 95 1.0
1 35 37 7 39 16 49 21 26 29 1.0
99 70 76 78 80 50 86 54 56 90 1.0
0 33 35 36 8 40 41 44 12 18 1.0
99 70 73 77 79 81 83 85 54 87 1.0
0 6 41 9 43 44 46 47 24 27 1.0
73 74 80 50 84 53 88 92 62 63 1.0
32 0 34 33 10 12 15 16 49 23 1.0
65 98 97 66 70 72 79 55 61 62 1.0
1 33 35 4 39 42 11 48 19 30 1.0
64 98 58 71 81 82 54 90 91 61 1.0
33 34 2 4 43 21 23 24 28 31 1.0
74 78 80 50 86 89 91 92 61 94 1.0
32 37 39 46 18 21 23 26 28 31 1.0
99 70 79 80 53 54 56 90 60 95 1.0
5 37 10 11 13 48 49 19 24 29 1.0
97 98 67 73 75 77 81 50 51 59 1.0
32 33 3 40 8 48 49 22 27 30 1.0
64 69 70 72 74 80 81 50 83 60 1.0
2 35 38 8 10 11 43 46 18 24 1.0
65 98 75 84 53 87 56 60 94 95 1.0
32 34 39 8 13 47 16 17 15 29 1.0
64 68 73 75 81 82 86 59 94 63 1.0
41 42 43 47 16 17 18 20 21 23 1.0
66 75 78 80 50 51 54 58 59 61 1.0
0 4 40 45 13 14 16 48 18 21 1.0
64 68 72 77 80 84 85 62 57 94 1.0
0 34 37 38 39 10 43 16 17 19 1.0
66 68 73 77 85 86 56 89 91 92 1.0
2 37 8 42 43 47 17 19 21 24 1.0
68 72 91 50 85 87 88 59 60 95 1.0
36 8 40 45 14 16 17 20 22 26 1.0
66 67 98 69 70 71 56 58 59 94 1.0
2 8 11 43 12 46 44 48 49 47 1.0
98 73 77 50 84 86 87 56 90 92 1.0
0 35 42 43 46 49 20 21 27 28 1.0
99 76 77 92 81 82 88 60 93 62 1.0
2 5 38 7 45 15 17 18 22 28 1.0
64 65 66 99 50 51 85 54 93 62 1.0
0 33 34 3 40 9 10 14 18 31 1.0
97 68 75 79 50 53 87 56 90 60 1.0
0 37 43 13 14 23 24 27 29 31 1.0
97 66 70 82 50 83 85 89 90 60 1.0
33 34 7 8 41 45 47 16 19 20 1.0
97 99 70 72 78 86 87 90 62 63 1.0
32 1 36 9 15 16 24 25 27 28 1.0
65 72 73 75 83 85 86 55 57 59 1.0
33 2 4 39 8 40 14 20 23 28 1.0
64 99 77 61 51 53 86 55 56 93 1.0
2 6 39 42 44 14 15 16 25 29 1.0
66 68 72 74 78 80 88 92 62 95 1.0
3 37 5 6 11 15 16 21 26 27 1.0
64 65 98 77 81 52 56 58 94 95 1.0
2 4 37 39 12 13 45 23 25 28 1.0
64 71 73 75 76 61 55 87 91 93 1.0
36 4 37 41 10 12 46 17 25 31 1.0
78 79 81 52 85 54 55 89 61 62 1.0
36 6 12 45 14 48 21 23 26 29 1.0
96 64 66 98 74 81 50 85 61 62 1.0
36 6 38 8 10 13 45 18 21 28 1.0
96 68 74 75 92 56 91 60 94 95 1.0
3 5 11 45 14 48 17 16 30 31 1.0
64 72 73 82 84 85 87 91 60 94 1.0
33 4 7 41 43 19 20 26 28 30 1.0
97 68 69 72 91 81 56 90 59 95 1.0
37 5 38 14 48 49 18 25 27 31 1.0
96 64 97 77 78 55 94 91 92 62 1.0
37 39 11 44 43 14 47 24 25 29 1.0
66 99 68 80 55 56 59 60 61 95 1.0
32 33 37 7 8 41 13 15 21 31 1.0
96 98 70 72 74 78 83 53 57 62 1.0
35 3 10 43 11 45 19 25 27 31 1.0
64 65 66 76 82 52 86 59 93 94 1.0
32 36 40 11 13 48 18 20 22 24 1.0
96 97 69 75 60 50 85 54 92 93 1.0
3 7 8 41 45 46 48 16 20 29 1.0
96 67 74 77 79 82 86 89 57 95 1.0
0 34 2 36 4 47 16 49 26 29 1.0
69 88 82 55 87 56 57 91 60 93 1.0
3 5 37 42 11 10 47 18 23 31 1.0
64 99 70 74 75 80 86 89 60 95 1.0
35 36 5 37 38 42 10 14 48 18 1.0
98 90 71 76 79 54 89 58 59 60 1.0
0 34 5 6 15 24 26 27 29 30 1.0
65 67 77 79 85 55 88 56 91 60 1.0
33 2 38 11 47 16 17 20 22 26 1.0
71 73 76 82 84 85 57 90 92 62 1.0
32 33 3 38 7 8 44 13 49 28 1.0
96 65 68 69 74 87 56 59 60 95 1.0
32 7 40 41 42 11 10 15 49 28 1.0
64 96 66 69 73 77 78 79 52 56 1.0
36 7 44 12 15 47 17 18 19 22 1.0
65 71 76 81 82 52 56 57 90 93 1.0
32 8 9 10 42 44 22 23 27 30 1.0
64 70 75 76 80 50 84 85 94 62 1.0
32 33 0 36 39 14 47 49 24 29 1.0
59 76 77 81 84 88 90 91 61 62 1.0
0 1 8 10 43 15 16 24 26 27 1.0
96 58 73 74 76 79 82 53 90 93 1.0
32 33 34 2 7 41 10 42 16 29 1.0
97 72 73 78 83 84 51 87 92 93 1.0
1 35 37 38 9 41 45 48 19 31 1.0
65 98 72 73 78 53 55 58 94 63 1.0
32 1 5 7 12 13 20 23 28 30 1.0
96 68 73 79 81 50 87 88 59 94 1.0
36 6 43 11 46 17 18 19 23 27 1.0
67 68 73 75 78 80 50 84 55 89 1.0
1 2 3 9 43 44 14 20 23 31 1.0
97 71 72 76 82 51 85 56 59 60 1.0
6 7 8 10 42 46 49 17 20 24 1.0
68 72 73 81 83 84 53 52 91 92 1.0
5 37 7 10 44 45 13 15 21 22 1.0
67 81 82 53 86 54 89 91 62 63 1.0
3 40 41 11 12 44 13 43 25 26 1.0
73 75 80 84 56 94 91 61 62 95 1.0
3 36 37 9 11 48 49 23 28 30 1.0
99 71 73 74 50 82 93 61 62 95 1.0
32 1 3 35 40 42 23 26 28 29 1.0
97 71 72 73 77 51 92 63 94 95 1.0
3 5 6 7 15 17 18 19 25 30 1.0
97 99 80 53 54 55 87 90 91 95 1.0
3 37 38 46 15 16 17 21 23 28 1.0
67 68 77 81 82 89 58 91 57 95 1.0
35 37 38 7 9 12 16 20 27 31 1.0
64 65 96 75 79 81 53 87 59 93 1.0
32 3 7 39 12 48 23 24 26 27 1.0
64 67 59 81 82 50 84 53 57 91 1.0
2 38 7 8 41 9 14 49 23 26 1.0
96 65 98 75 78 50 85 56 90 95 1.0
1 40 42 43 14 16 22 23 26 30 1.0
65 70 71 72 78 81 84 85 86 60 1.0
0 1 3 43 12 13 14 16 17 26 1.0
67 68 71 75 77 81 83 84 58 61 1.0
32 1 10 16 17 22 24 25 29 31 1.0
98 68 70 80 84 55 88 57 59 92 1.0
33 34 36 4 38 41 14 47 29 30 1.0
66 68 78 92 82 84 89 59 60 95 1.0
2 3 7 39 40 10 11 46 49 27 1.0
97 65 67 73 79 55 89 59 60 62 1.0
32 35 4 6 8 42 12 15 17 23 1.0
97 68 69 70 73 74 91 81 59 62 1.0
33 34 2 39 41 44 48 28 29 31 1.0
69 78 79 82 83 51 55 57 90 92 1.0
0 1 41 10 12 44 23 25 28 31 1.0
99 76 79 92 84 88 91 60 63 95 1.0
5 6 43 44 46 15 48 17 18 27 1.0
99 76 50 51 53 54 89 90 59 62 1.0
33 7 9 10 43 44 14 22 27 29 1.0
96 97 68 74 76 50 84 54 89 91 1.0
1 2 39 8 41 9 40 14 23 29 1.0
67 71 73 74 80 52 54 88 61 62 1.0
3 4 38 11 12 43 16 26 27 31 1.0
64 66 98 72 78 79 53 87 57 61 1.0
35 37 41 43 46 17 18 27 30 31 1.0
64 66 67 69 83 84 85 56 58 91 1.0
7 40 44 13 14 49 21 24 25 28 1.0
96 65 71 60 81 54 57 92 63 95 1.0
32 2 3 34 6 10 46 48 17 19 1.0
65 70 72 75 78 79 81 54 90 95 1.0
32 36 39 9 11 13 15 49 20 22 1.0
66 98 68 74 77 52 56 91 61 63 1.0
34 38 7 41 44 47 49 19 27 30 1.0
65 99 68 67 95 57 92 93 62 63 1.0
33 2 37 6 40 12 13 46 16 29 1.0
71 72 73 88 76 50 56 91 60 93 1.0
37 6 9 12 46 48 49 17 21 28 1.0
96 97 68 59 78 80 82 58 91 93 1.0
33 3 7 42 45 47 20 23 27 31 1.0
65 72 51 83 55 54 87 90 59 61 1.0
0 1 2 41 42 11 46 16 27 30 1.0
65 99 69 76 77 79 82 52 93 94 1.0
33 5 38 39 11 46 47 48 24 25 1.0
64 65 72 75 77 55 58 59 62 95 1.0
0 3 9 42 43 12 19 20 26 30 1.0
64 96 69 70 71 77 81 83 55 91 1.0
0 3 4 41 43 12 45 46 15 29 1.0
99 76 77 80 51 54 90 60 62 95 1.0
0 1 7 40 43 11 15 48 20 22 1.0
65 99 71 78 81 54 86 57 93 62 1.0
4 38 7 39 43 11 18 26 27 31 1.0
68 69 71 72 74 76 80 83 86 58 1.0
1 37 5 43 47 48 19 21 25 29 1.0
66 67 99 71 78 51 87 88 58 92 1.0
1 3 40 9 10 49 24 26 27 28 1.0
96 81 82 53 54 85 57 90 92 94 1.0
0 33 36 8 41 17 18 23 27 29 1.0
64 65 69 75 78 79 80 51 91 63 1.0
32 0 4 5 9 43 49 19 20 25 1.0
65 68 70 75 77 83 85 59 93 62 1.0
32 4 5 39 7 42 11 14 29 31 1.0
71 72 73 76 83 52 84 85 59 93 1.0
35 39 15 17 19 20 22 24 28 31 1.0
65 98 67 72 74 60 51 54 92 63 1.0
5 38 8 40 41 13 19 26 30 31 1.0
67 68 77 80 83 84 53 51 88 92 1.0
2 35 37 39 11 44 17 19 24 30 1.0
64 98 74 54 55 88 90 91 62 63 1.0
0 37 9 11 46 15 47 18 21 25 1.0
64 67 99 74 77 81 90 59 61 94 1.0
0 32 5 6 7 37 11 12 45 27 1.0
96 99 70 72 76 81 56 90 60 94 1.0
37 42 11 48 17 16 19 20 18 31 1.0
65 97 67 73 74 79 50 51 90 94 1.0
1 34 39 40 41 44 45 49 19 26 1.0
67 59 76 79 82 86 90 91 93 95 1.0
0 1 34 6 39 47 20 23 25 28 1.0
96 65 68 70 74 76 78 85 57 62 1.0
0 3 37 38 10 43 44 12 47 23 1.0
66 98 68 69 59 51 53 56 91 63 1.0
1 36 37 38 7 8 45 46 24 31 1.0
64 69 77 86 87 88 57 91 60 62 1.0
0 2 40 45 17 49 23 25 26 27 1.0
66 98 68 73 81 83 52 56 92 61 1.0
0 6 38 39 14 20 22 24 25 29 1.0
64 65 99 74 75 81 84 88 57 93 1.0
0 38 6 7 42 45 46 19 20 23 1.0
72 73 74 76 50 56 58 88 61 63 1.0
32 0 35 36 38 10 46 24 29 30 1.0
96 66 98 70 78 81 83 92 93 63 1.0
4 38 8 10 43 12 47 19 21 25 1.0
71 72 75 78 80 83 54 87 88 95 1.0
1 3 37 6 7 12 45 16 27 29 1.0
64 97 79 80 50 85 86 59 62 63 1.0
0 32 5 42 45 14 47 16 15 23 1.0
96 97 66 99 72 73 79 51 57 94 1.0
39 8 41 10 11 12 48 17 22 27 1.0
64 65 75 76 82 52 84 87 55 59 1.0
36 6 9 10 45 48 20 25 28 29 1.0
96 72 77 79 82 87 56 90 94 63 1.0
0 33 7 8 47 23 27 28 29 30 1.0
64 97 66 75 77 50 52 54 56 60 1.0
1 2 3 36 10 45 14 15 23 31 1.0
97 98 66 70 71 79 50 82 54 63 1.0
1 2 5 40 41 9 43 22 28 31 1.0
66 70 73 76 80 50 82 51 53 92 1.0
6 8 40 43 12 47 22 26 28 31 1.0
89 97 71 73 76 78 50 84 54 57 1.0
1 35 40 43 44 11 15 17 20 23 1.0
96 99 70 71 72 73 76 79 55 57 1.0
34 4 37 6 7 13 15 49 29 31 1.0
65 72 74 75 76 80 82 55 62 94 1.0
1 33 35 7 45 13 48 16 20 23 1.0
64 65 70 72 75 78 82 91 61 94 1.0
32 1 33 45 47 49 18 19 20 26 1.0
65 73 82 51 85 53 87 93 62 63 1.0
32 34 4 6 8 12 46 20 21 28 1.0
97 66 71 82 50 85 86 57 58 59 1.0
32 1 4 5 13 20 22 25 26 31 1.0
72 76 77 82 83 53 88 59 60 63 1.0
34 4 37 36 38 40 6 16 22 30 1.0
65 97 73 74 76 85 53 87 57 58 1.0
0 1 2 3 41 11 43 44 48 25 1.0
67 58 71 72 79 61 52 90 93 63 1.0
32 4 6 40 10 14 49 19 22 28 1.0
64 98 68 72 73 75 76 84 87 61 1.0
11 12 13 45 14 49 17 26 27 28 1.0
96 97 71 76 79 87 56 89 90 91 1.0
2 3 5 37 10 42 43 17 20 25 1.0
64 97 71 74 50 51 52 86 59 93 1.0
3 5 6 39 11 14 48 17 22 24 1.0
59 74 76 82 84 86 91 61 94 63 1.0
32 33 7 39 41 40 43 14 16 21 1.0
97 68 78 79 82 51 50 83 87 90 1.0
32 1 7 9 10 43 12 15 25 26 1.0
66 73 76 79 80 53 88 56 60 93 1.0
0 3 36 39 40 16 17 19 21 22 1.0
96 65 70 77 80 83 88 57 60 61 1.0
33 35 43 46 14 16 17 21 22 26 1.0
96 97 99 70 91 51 84 83 59 92 1.0
32 6 7 10 43 46 14 16 17 24 1.0
96 65 68 76 82 84 54 56 93 94 1.0
33 35 38 8 10 12 13 47 22 31 1.0
67 72 73 74 50 51 87 55 57 90 1.0
2 7 40 39 42 8 49 24 28 30 1.0
64 65 66 97 71 52 53 54 89 60 1.0
1 33 4 39 9 43 47 16 22 26 1.0
98 99 68 59 73 81 88 91 60 94 1.0
0 2 3 43 13 14 46 16 17 20 1.0
64 96 68 73 74 78 81 51 87 63 1.0
35 4 7 9 11 45 14 48 18 25 1.0
66 68 69 74 80 51 83 86 54 60 1.0
1 34 36 44 12 15 17 19 24 31 1.0
96 65 66 75 81 83 84 87 58 94 1.0
0 33 5 7 17 23 24 26 29 31 1.0
66 70 75 81 82 53 54 90 92 93 1.0
35 36 5 8 10 44 12 17 22 24 1.0
96 70 76 77 79 51 85 86 92 95 1.0
0 1 5 41 43 18 20 26 27 31 1.0
96 64 99 68 50 52 56 92 62 63 1.0
8 11 13 47 49 21 24 26 27 31 1.0
64 96 66 79 83 85 88 89 91 92 1.0
34 36 5 12 46 15 48 18 25 30 1.0
68 74 78 50 56 57 58 93 62 95 1.0
33 41 47 16 49 48 17 22 26 27 1.0
97 67 77 80 51 61 54 92 93 94 1.0
35 4 5 38 44 46 16 17 49 27 1.0
89 65 77 81 83 52 86 57 61 62 1.0
34 40 46 47 48 49 16 19 18 26 1.0
67 69 76 79 50 52 86 55 87 59 1.0
6 7 8 41 43 44 15 20 27 31 1.0
97 71 75 77 80 85 55 91 61 62 1.0
1 37 10 42 12 46 15 16 21 22 1.0
64 71 73 77 81 87 56 89 92 62 1.0
3 38 8 9 10 45 46 14 16 17 1.0
66 67 99 77 53 86 55 88 92 94 1.0
0 1 34 37 39 41 44 17 19 27 1.0
97 66 68 70 76 78 87 88 56 92 1.0
1 4 38 40 41 42 48 25 26 31 1.0
66 69 75 77 79 81 82 61 88 93 1.0
32 0 34 10 45 14 17 26 29 30 1.0
96 68 75 78 87 95 58 93 62 63 1.0
37 7 10 11 43 46 49 18 20 24 1.0
97 65 69 70 74 80 85 92 61 94 1.0
34 3 4 36 38 35 16 22 25 28 1.0
64 68 69 73 77 79 53 62 93 94 1.0
4 6 9 44 45 14 15 17 25 27 1.0
67 72 84 52 54 87 85 89 60 93 1.0
37 39 8 40 41 44 15 21 23 30 1.0
89 68 80 81 82 56 57 58 61 62 1.0
1 34 35 38 41 10 43 16 21 29 1.0
96 65 97 80 50 51 87 55 93 63 1.0
1 2 4 38 13 46 47 18 23 29 1.0
97 68 70 78 51 84 83 87 89 91 1.0
33 36 37 9 43 47 18 22 25 26 1.0
65 68 76 50 55 88 57 90 92 62 1.0
1 3 36 8 10 46 15 14 18 25 1.0
97 65 74 78 81 82 84 53 87 60 1.0
32 34 3 4 9 41 11 43 23 24 1.0
66 68 76 77 81 56 89 59 93 57 1.0
37 11 12 13 46 49 22 27 29 31 1.0
64 98 58 70 52 62 90 93 94 95 1.0
33 35 37 6 13 47 17 19 25 29 1.0
72 73 76 80 81 50 86 56 91 94 1.0
1 34 4 7 8 44 14 16 48 25 1.0
64 98 99 75 77 84 85 52 94 63 1.0
32 3 4 38 10 12 15 29 30 31 1.0
96 97 65 99 76 78 83 54 60 95 1.0
32 39 11 12 48 49 20 26 29 31 1.0
96 64 99 91 74 82 86 57 59 92 1.0
32 33 1 35 4 7 45 48 22 29 1.0
96 98 75 76 86 88 91 60 62 63 1.0
1 35 4 6 43 12 49 20 21 28 1.0
96 97 99 69 74 50 51 60 94 63 1.0
0 35 6 42 46 14 48 23 27 28 1.0
97 68 71 77 78 51 58 92 93 63 1.0
32 2 34 37 6 5 10 45 15 17 1.0
66 72 76 50 86 55 54 89 59 57 1.0
0 34 3 40 42 13 46 15 16 30 1.0
67 99 74 77 50 82 55 91 95 63 1.0
34 3 10 45 47 22 24 25 29 31 1.0
66 98 68 67 78 81 51 53 55 91 1.0
2 35 36 8 41 43 11 45 12 30 1.0
66 67 72 93 54 89 91 92 63 95 1.0
34 3 4 8 10 42 13 49 18 23 1.0
65 68 70 73 79 53 54 87 91 94 1.0
1 36 45 15 48 49 26 28 29 31 1.0
98 70 72 81 50 84 53 54 90 93 1.0
36 37 38 9 10 43 42 45 48 23 1.0
65 97 74 81 50 52 87 91 60 95 1.0
35 4 6 39 9 43 45 20 28 31 1.0
96 66 74 81 82 84 54 90 92 93 1.0
2 3 37 7 8 9 40 11 16 23 1.0
97 74 75 76 50 53 57 90 91 93 1.0
2 38 12 47 16 17 18 20 23 29 1.0
97 70 72 73 78 79 61 53 93 62 1.0
32 35 5 38 46 14 25 27 28 30 1.0
64 65 99 75 76 83 93 57 60 61 1.0
0 33 34 1 38 40 9 13 46 29 1.0
65 67 74 76 80 82 54 87 92 94 1.0
5 38 7 12 13 14 45 49 20 22 1.0
67 70 74 81 82 52 54 88 59 61 1.0
34 35 5 38 7 42 15 24 28 30 1.0
96 70 75 79 81 84 54 57 93 62 1.0
33 1 6 39 40 43 49 22 28 31 1.0
64 67 70 76 78 83 84 60 94 63 1.0
2 5 6 7 42 13 14 18 28 31 1.0
64 65 66 75 79 51 52 53 55 91 1.0
3 35 41 44 45 14 21 24 26 28 1.0
67 68 78 51 85 86 55 56 89 58 1.0
4 38 39 44 14 16 20 24 27 29 1.0
68 71 73 75 77 82 58 92 94 63 1.0
0 2 4 39 40 44 12 16 49 29 1.0
65 97 76 78 79 56 90 91 92 93 1.0
1 2 35 5 42 13 15 22 23 25 1.0
96 99 69 72 76 77 78 50 60 61 1.0
1 2 4 5 37 7 39 10 47 25 1.0
98 59 80 81 87 57 91 60 61 62 1.0
32 2 35 4 3 38 5 41 16 26 1.0
64 96 68 70 74 50 82 85 88 61 1.0
32 4 41 11 12 15 20 26 29 30 1.0
65 66 99 71 73 91 57 90 59 62 1.0
2 11 44 13 14 47 16 24 29 30 1.0
65 76 78 80 86 89 90 91 60 63 1.0
37 5 9 41 14 47 48 18 22 30 1.0
64 97 98 91 60 81 50 59 92 94 1.0
33 34 35 2 41 42 49 26 28 31 1.0
96 66 73 74 79 51 83 54 92 61 1.0
32 1 38 7 9 13 16 17 26 28 1.0
96 99 71 72 75 54 57 90 92 94 1.0
0 1 3 36 6 45 13 20 27 31 1.0
65 99 74 82 84 85 87 58 59 60 1.0
0 33 6 8 9 21 23 24 26 28 1.0
66 72 77 78 80 51 84 54 93 62 1.0
0 33 2 3 43 13 47 15 24 28 1.0
68 80 50 82 55 62 58 59 61 94 1.0
0 35 5 38 39 43 15 19 24 27 1.0
96 68 77 78 81 53 55 58 59 61 1.0
36 5 38 44 13 20 21 22 25 29 1.0
64 65 98 99 67 79 84 52 53 58 1.0
0 3 6 8 41 12 47 27 28 29 1.0
73 77 80 84 53 85 52 88 58 61 1.0
37 6 42 44 46 47 49 20 23 27 1.0
96 67 77 51 53 85 90 59 60 94 1.0
0 33 35 4 5 43 48 18 20 26 1.0
97 66 67 69 78 82 54 89 93 63 1.0
37 7 8 43 13 18 20 22 24 28 1.0
97 99 73 76 83 89 59 93 94 95 1.0
35 36 6 7 40 41 10 42 48 29 1.0
58 74 75 76 85 89 90 59 61 94 1.0
0 2 3 36 34 11 44 13 27 31 1.0
65 97 66 74 81 83 53 86 89 61 1.0
2 35 9 11 47 17 19 21 22 23 1.0
69 50 61 55 87 89 90 93 94 57 1.0
0 2 36 4 39 40 41 12 44 28 1.0
96 69 75 77 82 51 85 88 58 95 1.0
0 1 34 2 4 38 7 10 46 20 1.0
70 74 76 52 84 86 62 59 93 94 1.0
35 5 6 38 11 43 44 15 18 24 1.0
66 99 73 59 75 80 88 89 91 95 1.0
33 34 3 35 40 12 44 49 23 25 1.0
96 68 91 76 77 53 55 56 58 59 1.0
0 1 6 8 12 13 46 14 49 20 1.0
96 70 73 75 76 84 57 59 62 95 1.0
0 4 43 15 48 17 18 22 26 30 1.0
65 66 99 68 67 70 69 81 54 89 1.0
0 3 11 13 15 18 20 25 28 30 1.0
96 99 74 78 51 84 83 92 62 63 1.0
33 1 36 5 6 45 14 48 19 26 1.0
96 73 79 80 50 84 57 59 62 95 1.0
32 36 38 40 8 49 22 24 25 28 1.0
58 69 68 81 86 55 90 60 93 63 1.0
32 34 39 8 18 19 20 26 27 28 1.0
69 76 92 81 51 52 89 59 60 63 1.0
32 2 37 7 8 18 20 25 26 28 1.0
99 68 73 75 78 92 79 91 60 63 1.0
1 36 37 41 11 44 46 48 49 21 1.0
89 71 82 53 94 57 58 59 60 62 1.0
2 36 5 37 47 19 21 23 25 27 1.0
66 73 85 54 87 62 57 90 92 94 1.0
33 35 5 38 10 42 47 15 17 24 1.0
98 69 72 79 81 51 86 55 56 61 1.0
2 4 40 12 47 23 27 28 29 30 1.0
65 98 99 68 70 80 52 53 55 91 1.0
3 37 39 41 43 20 24 28 29 31 1.0
72 76 80 53 87 56 57 92 93 63 1.0
0 36 38 8 9 15 20 22 25 29 1.0
64 67 68 77 81 61 52 54 86 93 1.0
0 1 2 3 36 34 19 20 24 28 1.0
98 68 73 82 54 55 58 60 61 62 1.0
33 1 3 36 5 45 49 20 23 26 1.0
96 99 71 72 73 74 80 86 93 62 1.0
32 36 37 5 11 12 17 20 22 29 1.0
96 89 67 70 72 83 57 59 92 94 1.0
1 37 10 12 44 46 14 17 26 29 1.0
97 66 65 68 71 72 74 81 52 56 1.0
1 40 8 46 47 48 49 25 28 29 1.0
64 65 72 73 74 79 82 58 61 63 1.0
2 9 10 46 47 16 18 19 20 21 1.0
64 67 73 78 82 52 54 92 61 94 1.0
33 35 3 38 7 45 49 18 25 29 1.0
96 56 68 67 70 58 85 88 90 93 1.0
0 34 35 36 5 39 44 47 22 30 1.0
66 67 69 71 51 62 89 90 94 95 1.0
35 8 44 45 13 14 16 47 22 25 1.0
97 71 74 81 52 84 56 88 60 61 1.0
1 5 39 8 41 12 45 22 25 28 1.0
96 65 74 83 84 56 60 61 62 95 1.0
32 35 38 40 10 12 47 16 27 31 1.0
97 98 72 80 83 86 89 60 93 63 1.0
38 39 8 43 12 45 15 19 23 29 1.0
66 72 78 82 52 54 57 59 93 62 1.0
0 36 40 42 43 12 44 46 48 30 1.0
97 67 68 72 59 74 77 89 91 57 1.0
34 3 40 13 48 19 21 22 24 29 1.0
64 65 99 67 72 74 87 89 91 63 1.0
34 36 4 38 9 44 48 49 17 23 1.0
99 68 72 77 80 50 55 92 93 95 1.0
34 39 44 46 15 19 20 23 24 29 1.0
72 81 82 83 86 87 56 89 60 61 1.0
32 2 3 40 48 18 20 23 26 30 1.0
65 66 58 69 77 79 80 90 91 62 1.0
35 6 43 45 15 19 23 25 28 30 1.0
65 99 67 69 81 50 54 55 91 63 1.0
35 41 11 12 15 48 23 27 29 31 1.0
68 69 74 79 50 84 90 60 61 94 1.0
33 39 44 14 15 48 49 18 16 21 1.0
96 70 73 74 76 79 58 91 60 93 1.0
0 32 34 3 5 38 7 13 47 27 1.0
97 98 69 78 83 84 85 54 62 94 1.0
3 37 38 8 41 23 26 27 28 30 1.0
67 75 77 80 81 84 52 87 88 63 1.0
4 40 43 45 13 15 48 20 27 30 1.0
99 76 50 82 85 86 89 57 93 63 1.0
32 2 4 39 8 44 47 49 18 29 1.0
66 68 69 72 81 82 85 58 59 92 1.0
34 5 6 10 15 49 18 20 21 22 1.0
69 72 78 82 53 54 55 57 59 63 1.0
0 37 6 11 45 13 14 48 16 25 1.0
98 67 99 69 76 50 54 88 90 95 1.0
5 38 39 8 10 44 45 46 14 18 1.0
97 99 58 70 59 74 81 53 90 91 1.0
35 38 6 41 45 14 15 16 23 30 1.0
96 66 71 73 61 52 53 85 91 93 1.0
32 5 40 8 10 42 12 21 27 28 1.0
70 78 61 51 85 56 57 90 92 93 1.0
32 35 6 39 8 14 15 48 24 31 1.0
64 69 76 80 85 87 55 56 91 93 1.0
2 8 10 42 46 47 15 17 20 26 1.0
97 99 71 74 77 79 86 58 92 61 1.0
35 5 38 8 41 43 46 47 18 23 1.0
97 80 81 50 86 87 89 58 59 60 1.0
2 3 42 46 18 21 23 25 28 29 1.0
64 97 99 72 75 78 83 51 53 62 1.0
0 36 7 8 44 13 15 48 25 30 1.0
97 74 80 50 61 85 55 58 93 63 1.0
32 3 7 14 18 21 26 28 29 30 1.0
71 91 76 79 80 51 52 85 59 92 1.0
4 8 40 10 43 48 20 25 26 30 1.0
96 66 68 69 74 84 89 59 93 57 1.0
0 4 38 8 10 48 16 28 29 30 1.0
96 98 72 73 74 77 79 84 52 57 1.0
36 43 46 16 17 18 19 24 26 28 1.0
96 98 90 80 55 88 57 58 59 92 1.0
33 34 4 41 9 45 13 20 25 27 1.0
64 98 66 72 75 51 84 85 95 63 1.0
0 40 43 45 46 15 22 25 28 31 1.0
89 98 67 69 70 72 81 53 57 58 1.0
32 33 5 7 12 47 49 18 19 27 1.0
97 65 98 67 74 53 54 56 90 60 1.0
33 4 5 10 11 44 48 17 21 26 1.0
97 67 99 75 78 83 56 57 58 93 1.0
0 2 11 45 14 47 49 20 22 30 1.0
67 70 77 78 79 50 52 55 59 94 1.0
0 33 36 4 41 42 44 47 49 29 1.0
64 98 99 70 72 73 53 89 90 61 1.0
34 5 44 13 18 19 21 24 27 29 1.0
64 67 99 70 71 63 86 61 94 95 1.0
0 34 35 41 43 12 17 20 25 28 1.0
69 71 77 79 80 51 84 54 58 91 1.0
3 36 7 8 42 10 44 45 12 16 1.0
65 97 72 74 76 79 81 50 89 59 1.0
6 40 8 42 43 44 45 47 20 31 1.0
64 97 56 72 50 83 55 88 58 95 1.0
6 7 8 38 44 48 19 20 22 28 1.0
65 97 73 77 78 79 84 54 93 62 1.0
33 3 36 6 16 20 21 23 24 26 1.0
79 80 50 51 86 55 54 58 63 95 1.0
32 36 39 8 9 15 18 22 24 27 1.0
64 71 78 79 83 84 53 61 90 93 1.0
1 2 35 7 10 13 17 20 23 28 1.0
71 77 78 81 82 52 84 86 55 89 1.0
0 32 3 36 4 45 47 19 20 28 1.0
98 72 73 75 82 51 52 83 86 50 1.0
1 36 7 11 12 48 17 24 26 28 1.0
96 98 66 77 80 51 53 86 56 58 1.0
5 9 42 41 44 17 22 26 29 30 1.0
97 69 75 81 82 53 86 87 92 61 1.0
1 34 10 42 43 13 20 21 23 29 1.0
96 98 72 76 78 81 88 90 95 63 1.0
2 4 38 7 6 42 44 12 23 24 1.0
64 99 67 68 76 82 52 87 57 62 1.0
0 1 35 37 6 47 48 17 24 25 1.0
97 66 59 79 86 87 89 91 92 93 1.0
0 33 3 38 43 14 15 48 28 30 1.0
64 66 99 74 52 54 88 89 59 57 1.0
1 36 8 11 13 47 15 21 24 25 1.0
96 67 99 79 83 85 54 53 90 93 1.0
32 33 2 35 42 10 13 47 15 23 1.0
65 67 72 74 77 83 51 90 59 95 1.0
4 7 9 44 13 16 18 22 25 29 1.0
64 97 98 69 74 75 92 89 60 62 1.0
36 5 6 39 13 46 16 49 21 23 1.0
66 68 74 78 82 85 54 56 92 61 1.0
33 3 36 38 8 9 43 44 14 47 1.0
96 65 66 74 79 84 59 92 61 63 1.0
35 5 6 9 41 45 46 18 19 26 1.0
64 97 67 72 74 78 50 53 57 63 1.0
34 8 44 45 16 49 17 23 30 31 1.0
68 78 79 81 50 53 85 57 91 95 1.0
4 5 6 39 38 9 8 45 15 48 1.0
99 69 74 77 83 51 59 92 61 63 1.0
4 37 36 9 41 45 15 47 21 27 1.0
65 98 74 91 80 85 86 59 61 63 1.0
1 34 3 6 10 43 46 48 16 30 1.0
96 64 67 71 77 52 84 54 55 62 1.0
0 35 4 36 40 12 47 16 49 26 1.0
64 70 74 77 79 85 54 57 90 91 1.0
1 38 7 42 12 45 20 24 30 31 1.0
67 68 58 71 73 76 77 82 56 90 1.0
