0 5 13 16 18 22 23 24 32 36 45 53 61 71 75 83 88 92 97 98 1.0
14 21 23 35 36 41 54 56 62 63 68 72 74 78 87 90 93 94 96 97 1.0
3 4 9 17 19 22 32 42 43 44 50 53 55 62 77 78 80 87 96 97 1.0
1 5 10 13 15 17 24 34 36 38 39 41 55 67 73 81 85 93 94 97 1.0
2 4 8 15 17 22 32 34 38 41 44 51 64 65 67 73 79 83 85 99 1.0
4 7 13 14 22 28 29 35 40 45 47 56 64 79 80 84 87 88 93 95 1.0
9 19 21 26 32 33 34 35 36 38 50 51 52 57 65 77 83 84 92 97 1.0
1 3 5 9 20 27 34 35 37 42 43 44 63 66 67 69 72 79 91 95 1.0
10 16 19 22 23 26 28 29 39 42 54 62 65 66 68 72 79 81 84 87 1.0
2 9 12 26 47 51 52 56 62 67 68 70 76 77 82 83 86 87 90 94 1.0
3 12 21 22 24 26 35 38 41 42 44 45 46 54 55 62 72 75 89 95 1.0
17 38 39 41 44 45 46 52 53 57 59 61 62 64 72 77 78 81 88 99 1.0
0 3 8 11 12 14 15 18 27 40 43 49 53 59 60 62 87 90 91 96 1.0
4 9 12 23 27 28 30 39 41 43 46 48 49 78 87 88 92 94 96 99 1.0
1 7 21 23 29 32 47 48 57 66 70 71 73 75 77 78 85 92 95 96 1.0
1 2 6 11 12 17 18 22 27 35 43 50 53 58 61 67 88 94 96 97 1.0
9 20 25 26 42 44 46 52 59 60 65 75 78 80 81 85 87 89 94 99 1.0
2 5 24 29 31 33 36 43 47 50 51 69 78 79 84 86 89 91 94 99 1.0
5 14 20 23 29 36 38 41 54 58 63 70 72 73 75 81 87 88 90 93 1.0
0 5 7 13 19 31 32 33 34 38 44 54 59 66 69 80 84 88 89 91 1.0
1 10 13 14 19 21 22 24 25 26 27 38 40 42 66 72 84 87 92 93 1.0
5 6 10 31 33 39 44 46 52 53 60 65 66 70 80 87 89 93 95 98 1.0
0 1 29 34 37 43 48 49 51 55 57 60 75 79 80 81 82 85 86 94 1.0
2 8 9 14 18 25 28 37 38 44 58 63 65 68 74 76 77 78 81 87 1.0
4 6 10 13 14 15 23 25 36 38 40 41 44 67 69 72 73 86 89 98 1.0
1 3 14 16 19 24 48 59 60 62 66 68 69 70 77 79 80 86 95 96 1.0
1 2 12 13 22 24 25 35 37 42 53 55 63 68 70 75 81 82 89 90 1.0
0 12 14 16 20 24 29 30 36 50 65 68 71 72 75 80 82 86 97 98 1.0
0 4 13 20 21 26 27 34 36 44 55 58 70 72 82 85 94 96 98 99 1.0
2 9 12 15 24 27 31 41 42 43 45 47 54 59 67 72 83 87 89 92 1.0
2 3 8 12 15 24 26 30 40 44 45 50 55 66 80 81 87 91 93 98 1.0
1 12 21 23 33 39 44 45 53 54 60 61 63 65 68 86 88 94 96 97 1.0
1 5 8 11 27 38 41 46 48 54 55 58 61 77 79 82 84 86 94 96 1.0
10 11 15 16 18 25 27 30 52 55 57 58 71 73 74 77 78 94 95 99 1.0
2 4 6 10 14 26 28 47 48 58 69 71 74 76 77 79 81 85 89 90 1.0
4 16 23 30 33 38 39 40 46 48 49 50 53 64 69 73 89 96 97 98 1.0
11 22 23 28 32 34 36 41 46 51 54 55 58 59 62 73 78 82 87 90 1.0
0 11 13 34 38 40 48 52 61 63 66 78 80 83 85 86 89 97 98 99 1.0
8 9 10 12 19 25 28 35 36 38 48 52 55 56 70 75 79 85 87 88 1.0
7 10 20 26 30 33 36 37 39 43 47 48 50 51 55 57 68 69 81 86 1.0
0 3 5 15 19 21 25 34 43 50 52 62 75 76 77 87 89 92 93 95 1.0
3 4 9 25 27 28 32 34 41 44 46 47 55 56 57 71 77 85 86 91 1.0
5 13 21 22 48 50 51 58 63 64 66 76 78 81 82 83 84 88 95 97 1.0
1 14 18 28 34 40 42 43 47 49 57 59 62 66 75 80 88 91 94 98 1.0
2 6 7 11 13 14 15 27 29 33 34 41 45 51 70 71 72 73 85 91 1.0
5 11 12 15 19 21 28 38 39 54 55 56 58 70 78 80 81 85 89 97 1.0
0 2 7 8 9 16 18 22 28 47 50 57 59 62 63 64 67 72 73 84 1.0
3 13 23 29 33 34 38 45 46 49 52 58 60 62 66 68 77 92 93 97 1.0
1 10 12 18 19 31 33 36 43 46 47 51 61 76 78 80 88 89 97 98 1.0
3 9 18 19 24 26 27 35 36 45 47 50 52 62 66 67 78 82 91 94 1.0
3 7 12 20 27 29 30 35 43 46 47 50 58 65 79 82 84 89 91 99 1.0
9 26 28 30 35 43 48 51 53 55 59 66 71 73 75 77 80 87 95 97 1.0
0 4 8 14 19 20 26 28 34 36 39 50 53 60 63 64 65 67 74 91 1.0
9 15 19 23 24 37 44 49 50 59 67 69 70 71 76 82 86 88 90 94 1.0
5 7 17 21 26 32 33 36 40 41 45 53 57 59 70 72 76 79 83 92 1.0
3 8 14 19 22 26 35 37 38 57 58 59 68 72 77 78 80 81 94 97 1.0
2 4 5 9 15 19 26 27 34 39 66 69 71 72 73 74 76 83 84 99 1.0
2 17 18 20 23 29 32 40 46 58 60 62 65 76 77 79 80 90 91 97 1.0
3 7 9 10 12 24 36 42 51 52 64 70 78 83 87 89 92 94 96 98 1.0
1 7 12 15 18 23 24 41 42 43 47 48 50 54 57 68 72 81 91 98 1.0
2 3 9 14 15 21 24 25 28 33 34 64 68 71 75 78 79 82 90 96 1.0
2 13 21 23 25 28 38 45 51 61 71 72 73 76 79 84 85 87 88 93 1.0
0 2 8 12 16 18 23 25 30 32 39 42 51 57 65 81 87 91 96 97 1.0
2 4 7 8 11 12 15 16 17 19 22 28 39 60 73 84 88 89 95 96 1.0
0 9 11 18 19 27 28 41 45 57 58 60 70 71 73 74 78 88 92 95 1.0
0 4 6 9 11 13 14 22 24 36 40 52 62 64 66 67 69 72 77 93 1.0
2 3 6 7 10 11 12 15 30 32 42 48 62 64 66 83 84 86 91 93 1.0
3 15 26 27 32 42 49 51 53 63 71 73 77 85 86 91 92 94 95 96 1.0
0 4 15 17 24 28 33 37 45 55 59 60 64 67 71 74 81 82 91 93 1.0
1 6 10 13 21 25 30 43 44 46 49 54 62 73 79 80 83 93 94 95 1.0
2 13 16 20 22 23 25 26 28 33 34 41 45 59 68 69 74 85 88 97 1.0
6 7 13 14 17 22 27 28 53 59 65 69 70 72 74 76 88 91 93 95 1.0
11 16 21 23 24 34 37 50 51 53 55 60 62 65 72 75 76 85 86 96 1.0
6 7 10 11 12 20 23 29 30 31 32 49 52 54 56 62 77 81 90 96 1.0
0 2 17 18 22 43 44 46 48 54 59 61 63 65 70 84 86 87 89 99 1.0
1 2 7 8 10 24 26 33 43 57 60 62 67 76 79 80 83 87 89 99 1.0
9 12 13 15 17 21 24 25 29 31 35 37 43 49 75 80 82 86 90 95 1.0
10 15 16 19 21 24 30 32 36 42 46 66 68 70 72 74 80 83 90 95 1.0
6 7 12 13 14 16 25 29 31 32 33 37 48 52 69 76 79 83 93 99 1.0
1 12 17 25 26 30 31 32 33 37 40 45 46 66 74 78 83 84 93 97 1.0
6 8 17 18 20 22 28 31 33 34 39 53 54 63 70 72 73 77 80 93 1.0
4 5 6 9 20 25 26 27 28 36 45 46 62 73 74 80 84 86 95 99 1.0
2 6 18 19 21 25 27 33 35 36 38 50 62 67 68 73 82 90 93 99 1.0
8 10 14 19 20 23 24 26 27 29 55 65 66 71 74 80 89 94 96 99 1.0
7 11 12 17 21 22 26 27 49 52 56 57 62 64 67 69 70 73 75 84 1.0
6 11 12 18 19 22 26 35 44 51 59 60 64 72 75 80 88 92 94 98 1.0
8 18 22 24 27 30 33 34 36 46 58 60 70 75 76 79 82 92 93 96 1.0
7 14 21 23 31 35 48 50 55 58 61 62 63 80 81 87 89 92 96 99 1.0
10 11 12 15 16 24 29 34 37 40 47 61 66 69 75 80 83 86 87 99 1.0
8 15 19 26 30 33 34 42 50 52 55 61 69 73 75 80 88 92 95 96 1.0
1 14 18 21 27 29 31 36 37 38 48 59 63 65 66 67 68 74 78 93 1.0
5 18 20 22 27 34 35 41 46 49 52 56 67 76 79 80 84 93 94 96 1.0
0 6 10 16 21 34 35 39 55 63 64 68 72 73 75 82 84 85 86 98 1.0
0 1 3 7 20 30 39 42 50 57 60 65 68 71 72 84 93 95 97 99 1.0
3 5 10 17 21 32 33 41 43 50 51 54 56 61 70 71 73 75 83 84 1.0
2 9 12 14 26 28 35 39 40 46 47 61 69 71 72 80 85 92 94 96 1.0
1 8 12 15 18 21 23 24 28 33 34 43 45 55 56 57 62 81 84 88 1.0
1 2 10 14 21 27 29 34 38 42 53 54 60 65 66 77 79 81 85 92 1.0
0 2 3 12 20 28 35 43 45 50 52 53 57 58 63 68 73 79 92 93 1.0
10 22 27 45 48 49 51 52 55 58 61 62 64 73 74 76 78 80 81 90 1.0
3 6 9 10 11 14 16 17 23 30 33 38 46 53 54 61 72 81 87 90 1.0
14 17 25 28 32 33 37 45 55 61 63 71 75 77 80 86 88 91 92 95 1.0
4 12 13 14 17 19 34 39 42 46 59 69 76 83 85 86 91 95 96 98 1.0
7 9 10 25 26 29 40 46 49 53 55 61 62 72 74 78 81 82 83 87 1.0
0 8 9 12 19 39 40 43 46 49 51 53 65 68 71 72 85 89 91 99 1.0
4 12 14 15 30 31 38 40 41 52 56 59 62 66 73 77 81 87 89 94 1.0
1 4 5 10 14 17 37 38 40 48 50 51 52 55 62 70 82 88 91 97 1.0
3 4 8 9 21 27 30 37 45 56 59 63 67 68 69 74 76 77 78 84 1.0
5 8 9 10 14 15 25 26 27 29 35 36 40 50 55 60 63 68 70 95 1.0
8 11 14 15 17 20 25 30 31 40 45 54 57 58 64 65 71 83 86 92 1.0
6 7 9 11 14 15 18 20 21 28 40 55 59 80 86 93 94 95 96 97 1.0
9 19 31 34 37 39 46 58 59 63 66 68 75 79 80 83 84 95 97 99 1.0
8 10 14 17 19 20 25 30 39 43 46 59 66 67 69 75 76 79 89 99 1.0
8 9 17 25 29 32 39 40 42 51 55 58 59 61 74 76 78 86 89 91 1.0
2 7 8 14 15 18 20 21 23 34 36 39 41 49 53 59 68 81 84 93 1.0
2 15 18 19 22 27 28 29 31 36 47 52 55 57 70 71 75 77 82 92 1.0
2 10 13 18 20 32 34 41 46 53 56 63 69 76 78 82 87 89 93 98 1.0
6 8 12 13 14 15 22 23 38 45 67 73 79 81 85 90 91 92 95 99 1.0
2 6 15 17 18 28 30 32 35 43 50 63 72 76 82 83 88 90 92 95 1.0
2 6 16 26 31 33 36 38 43 50 53 55 59 61 72 75 78 85 90 91 1.0
1 23 24 34 35 36 43 51 55 58 63 67 69 71 74 82 84 86 87 88 1.0
5 12 14 21 23 30 32 43 44 45 46 49 52 56 60 61 62 66 71 94 1.0
24 34 36 38 44 45 46 47 49 53 55 59 60 70 71 77 84 88 96 99 1.0
1 6 20 21 25 26 27 31 36 46 53 60 64 67 68 74 81 89 91 93 1.0
2 3 7 10 21 23 31 40 47 51 58 63 69 74 76 80 81 87 97 98 1.0
9 12 15 20 21 40 42 43 46 47 48 50 54 73 74 78 83 85 90 98 1.0
0 3 6 10 11 18 36 40 44 50 52 61 64 76 81 83 86 91 97 98 1.0
6 16 18 20 24 25 26 32 36 38 44 47 58 61 74 75 78 81 91 94 1.0
2 4 13 14 21 25 26 31 34 37 41 47 66 67 69 76 78 86 93 96 1.0
6 13 16 22 23 28 43 52 57 61 65 67 71 73 80 82 85 91 93 98 1.0
8 15 19 25 26 36 39 44 47 51 59 63 66 67 71 82 84 96 97 98 1.0
0 3 8 14 20 21 24 29 31 32 36 56 73 75 78 85 88 92 93 98 1.0
15 16 17 18 21 22 26 30 47 49 50 54 60 62 68 72 81 89 90 94 1.0
1 6 19 21 22 30 43 48 60 64 66 71 76 77 81 83 86 95 97 99 1.0
2 6 7 16 23 28 30 31 50 53 58 72 80 85 87 88 91 95 96 98 1.0
3 8 18 26 42 47 48 51 52 53 56 61 62 64 67 75 78 85 87 88 1.0
3 4 12 15 17 22 46 48 49 51 53 54 55 59 61 65 77 78 82 85 1.0
15 19 21 25 30 33 35 46 55 56 60 62 64 75 77 82 87 92 93 97 1.0
1 16 17 28 31 34 41 45 51 60 70 71 85 86 90 91 94 96 97 99 1.0
0 2 16 23 25 28 34 41 51 52 53 58 62 64 66 71 75 80 83 97 1.0
0 1 10 11 13 15 17 18 20 32 37 47 52 53 61 70 71 76 84 90 1.0
12 13 16 17 25 26 28 35 42 47 52 53 62 66 74 76 82 85 88 95 1.0
4 7 11 13 27 29 38 46 51 63 65 69 72 73 76 79 83 85 91 94 1.0
6 7 10 16 20 26 27 32 34 40 44 53 56 57 65 70 75 81 91 96 1.0
6 16 29 30 34 35 38 50 51 54 57 58 63 65 68 81 88 93 94 97 1.0
1 4 6 14 18 22 23 24 25 28 38 47 48 64 74 85 88 91 97 98 1.0
8 10 12 15 16 17 22 26 40 41 53 57 60 65 67 83 87 90 93 99 1.0
0 1 12 14 20 21 24 35 42 47 60 65 73 85 86 88 89 90 97 98 1.0
2 7 8 9 18 19 26 27 33 38 42 43 50 51 58 60 83 89 92 99 1.0
0 14 34 38 39 53 58 59 64 65 66 71 76 77 79 87 90 92 96 99 1.0
0 3 14 17 22 29 34 39 40 45 55 57 58 60 71 75 83 90 98 99 1.0
2 4 7 13 21 22 35 36 51 55 59 61 63 80 82 85 89 90 94 97 1.0
0 4 5 8 18 20 30 31 32 40 42 47 50 53 66 69 70 92 96 99 1.0
10 15 25 33 45 55 62 68 69 71 78 79 80 81 82 84 90 93 95 98 1.0
6 7 8 12 13 23 31 32 37 38 43 49 51 55 67 69 78 86 95 97 1.0
0 1 7 13 16 24 26 30 32 33 42 46 57 60 63 67 78 84 92 97 1.0
2 11 15 17 20 21 28 30 33 35 36 38 45 54 58 64 69 77 87 95 1.0
4 9 18 23 35 39 42 48 49 50 54 69 71 74 81 82 86 89 92 98 1.0
2 6 9 10 12 22 25 26 33 45 57 58 61 63 64 67 69 75 87 96 1.0
1 5 7 11 22 26 30 33 36 40 45 47 52 55 69 74 81 85 86 94 1.0
8 9 15 18 24 39 42 44 54 55 60 64 67 77 82 84 91 93 94 99 1.0
0 9 10 11 27 28 32 35 47 50 53 55 59 62 65 68 71 74 82 92 1.0
6 9 26 30 35 37 45 50 51 52 53 55 60 67 72 73 74 85 90 97 1.0
6 12 19 21 22 29 35 46 49 54 61 62 64 70 72 85 87 94 96 98 1.0
3 16 22 24 30 42 43 48 52 58 66 68 69 71 76 79 82 84 89 91 1.0
1 3 13 19 20 21 34 44 45 49 57 60 61 66 73 74 77 92 95 98 1.0
4 5 7 11 15 22 27 33 39 48 49 50 54 58 63 66 70 75 96 97 1.0
1 6 14 16 19 24 27 38 39 45 47 50 55 73 76 77 85 86 95 97 1.0
15 16 17 25 30 36 37 38 44 53 54 63 65 69 70 71 78 83 86 90 1.0
2 9 13 20 28 34 41 48 54 59 62 63 64 67 69 74 90 95 96 98 1.0
6 7 10 14 17 20 30 31 32 33 41 56 58 62 67 69 71 87 92 97 1.0
3 4 8 11 14 15 25 32 39 40 46 59 61 72 76 90 92 94 98 99 1.0
7 11 17 33 46 50 52 59 62 63 65 70 74 75 81 87 88 89 94 95 1.0
3 6 14 16 30 33 40 50 53 54 58 60 65 67 74 75 87 88 94 99 1.0
2 6 12 20 27 35 39 40 41 45 47 50 54 69 74 77 78 82 87 93 1.0
1 4 5 7 16 27 28 35 36 38 41 44 47 55 59 66 76 92 96 97 1.0
6 7 12 20 24 28 34 35 37 38 42 53 58 60 75 76 81 82 92 97 1.0
6 18 23 35 37 38 39 47 51 53 57 58 64 67 72 75 88 89 91 93 1.0
21 22 37 39 40 42 48 49 51 56 58 59 63 64 68 75 77 78 79 86 1.0
4 9 18 24 26 27 36 38 40 48 49 50 57 61 64 68 81 87 92 97 1.0
3 6 10 28 33 38 41 43 44 45 52 62 68 69 72 74 77 84 88 98 1.0
2 4 8 16 20 30 33 37 42 45 47 54 61 62 66 74 81 89 91 97 1.0
3 6 13 17 20 26 29 30 33 40 52 56 57 66 71 80 86 88 94 96 1.0
7 14 16 20 30 32 34 38 44 49 57 60 65 66 68 81 82 92 94 99 1.0
6 8 16 18 19 21 23 27 28 32 40 46 48 49 51 60 63 76 85 95 1.0
3 10 14 15 16 20 48 50 56 58 66 69 70 72 73 79 85 96 98 99 1.0
3 4 11 14 19 42 45 49 50 51 59 70 82 86 88 89 91 93 96 99 1.0
3 11 12 27 28 32 33 34 43 45 53 56 63 72 75 78 82 91 93 98 1.0
3 6 8 10 18 20 32 33 36 42 43 45 59 69 72 82 83 86 87 93 1.0
0 3 8 9 10 20 21 25 32 40 42 48 62 63 67 79 82 87 89 97 1.0
6 7 8 19 29 35 37 50 55 56 57 60 71 72 77 78 82 84 95 96 1.0
0 7 8 13 16 20 28 30 31 32 37 40 58 68 69 71 72 82 83 99 1.0
8 9 19 29 40 56 58 64 74 75 78 80 84 87 89 92 93 96 97 98 1.0
2 4 5 6 11 15 37 44 45 49 52 61 63 72 73 74 80 82 84 85 1.0
5 6 11 15 22 24 26 28 48 60 61 67 72 74 75 76 77 91 93 97 1.0
1 4 10 11 27 29 31 35 39 44 56 59 63 64 73 79 89 95 97 98 1.0
3 13 22 30 32 35 36 41 43 48 49 55 67 70 79 82 89 90 96 97 1.0
0 6 8 19 21 29 37 38 40 47 49 54 67 71 72 76 80 90 97 98 1.0
0 2 3 6 17 25 33 35 48 55 59 77 85 86 87 88 89 92 95 97 1.0
1 17 22 31 39 40 42 45 52 53 58 59 62 63 64 68 82 90 93 94 1.0
6 7 8 17 22 23 24 27 35 38 39 40 51 52 53 65 71 86 94 96 1.0
0 5 7 17 19 27 29 31 34 39 43 49 60 62 64 72 78 89 91 93 1.0
1 4 5 6 11 16 19 27 32 47 48 52 55 63 68 71 77 79 90 96 1.0
7 12 13 15 16 22 29 38 46 47 51 52 62 64 72 77 81 88 91 93 1.0
4 7 13 18 21 31 32 35 39 41 43 47 48 50 56 77 81 83 84 90 1.0
0 10 15 16 19 20 31 37 41 48 51 54 57 58 66 70 72 76 79 93 1.0
1 2 3 17 19 25 26 27 29 50 51 52 62 68 75 79 83 91 98 99 1.0
7 11 20 30 36 39 45 56 65 66 71 77 80 81 83 84 88 89 91 98 1.0
22 26 30 31 32 33 34 36 46 48 55 58 72 82 87 90 96 97 98 99 1.0
2 5 7 13 27 31 33 34 36 38 46 52 56 57 66 73 75 78 89 91 1.0
9 10 11 12 23 28 29 30 32 41 58 73 78 83 88 89 90 91 92 93 1.0
0 9 12 14 17 21 23 29 47 56 58 73 76 77 82 84 85 92 93 97 1.0
2 10 16 20 24 32 35 38 39 43 45 47 62 65 70 79 82 83 95 99 1.0
0 3 17 20 33 49 52 55 58 60 64 66 69 70 79 80 86 89 90 93 1.0
6 11 14 15 26 33 40 42 43 46 50 54 59 60 64 73 75 82 83 96 1.0
0 10 14 19 21 28 46 47 52 58 60 61 65 69 71 76 85 88 91 97 1.0
0 7 9 14 21 26 27 29 33 34 56 59 61 64 67 77 81 84 90 98 1.0
3 10 15 16 20 22 24 30 33 38 40 42 53 56 58 71 76 79 85 95 1.0
2 4 6 13 16 27 40 51 55 59 62 63 64 67 68 69 73 89 91 97 1.0
4 5 8 10 19 23 27 34 42 43 44 48 60 66 67 71 82 90 94 99 1.0
7 13 14 20 21 27 37 51 54 55 60 61 64 65 66 69 74 82 83 91 1.0
5 7 8 13 19 29 36 40 43 45 46 50 59 71 72 78 80 85 86 98 1.0
4 13 23 24 37 47 51 60 62 73 84 85 86 87 88 89 90 91 92 99 1.0
3 6 7 9 12 13 15 22 23 31 59 60 62 63 65 66 68 76 82 96 1.0
3 13 14 20 27 32 35 36 37 42 45 46 55 65 66 67 75 81 91 96 1.0
0 2 3 7 12 17 23 26 39 42 48 51 59 63 77 84 91 95 96 97 1.0
0 2 4 7 8 10 21 25 37 38 40 42 51 54 57 61 74 79 86 88 1.0
6 12 15 17 25 31 32 34 37 40 42 44 52 57 59 60 65 68 79 92 1.0
3 11 17 19 24 27 28 34 37 40 43 50 54 57 62 66 83 85 87 94 1.0
0 3 8 10 15 23 26 28 31 33 38 40 43 53 62 65 68 70 75 86 1.0
0 14 19 22 28 32 37 42 44 48 55 56 62 70 73 77 84 85 97 98 1.0
1 2 6 11 15 17 19 20 29 36 41 45 47 49 54 62 65 74 97 98 1.0
3 8 9 11 20 22 23 25 32 34 42 47 48 60 61 64 70 72 83 84 1.0
19 21 23 27 31 35 39 40 43 44 50 53 54 55 63 65 69 76 81 87 1.0
17 27 28 32 38 39 43 54 57 58 59 63 81 82 85 91 92 93 94 95 1.0
3 5 13 21 23 28 32 33 34 37 38 40 41 50 53 61 67 78 88 95 1.0
1 3 11 17 23 29 36 37 41 42 47 49 52 55 70 71 76 77 78 98 1.0
1 4 10 12 35 39 46 56 57 58 59 68 69 70 76 80 86 89 96 98 1.0
0 2 6 15 16 19 20 24 26 28 36 47 49 57 59 65 66 87 91 93 1.0
2 3 4 5 10 15 19 22 24 26 30 37 44 50 51 59 61 75 85 87 1.0
1 2 3 18 30 37 40 41 50 52 65 66 69 71 72 77 80 82 84 85 1.0
1 11 12 20 25 26 40 53 56 57 69 71 76 80 85 86 91 95 96 97 1.0
4 6 20 29 38 40 41 46 55 64 65 66 67 78 83 85 88 92 95 99 1.0
5 15 21 23 27 35 36 38 39 44 53 56 59 66 67 70 75 79 82 84 1.0
4 7 12 18 20 28 29 35 37 39 44 45 47 63 66 67 69 87 95 96 1.0
1 2 12 13 14 16 25 38 42 43 50 56 70 72 73 77 80 82 83 99 1.0
1 2 5 7 9 18 20 27 37 42 45 50 51 73 76 80 82 86 91 92 1.0
1 3 8 11 14 20 22 23 24 28 41 46 66 68 77 81 83 85 87 95 1.0
4 6 7 8 9 15 16 33 34 35 37 55 56 71 72 75 77 86 90 91 1.0
10 34 41 44 45 50 54 58 60 62 64 66 70 73 74 76 80 84 88 93 1.0
0 1 4 8 9 10 11 13 18 22 25 27 29 30 31 32 33 36 39 49 1.0
50 51 53 57 58 60 62 65 66 72 74 75 77 79 82 83 91 93 95 98 1.0
0 1 3 9 12 14 17 20 21 22 23 30 33 34 36 37 39 40 42 48 1.0
50 51 53 54 55 57 59 61 65 68 72 73 76 78 79 83 91 92 97 98 1.0
0 1 2 4 5 9 10 14 19 20 22 23 25 29 36 41 42 43 44 45 1.0
51 52 54 56 59 62 65 67 71 72 77 81 86 87 88 89 93 94 95 98 1.0
3 8 10 12 13 18 20 21 25 28 30 33 36 37 40 42 44 45 48 49 1.0
51 52 53 54 55 57 59 63 69 70 71 74 75 80 81 82 85 87 90 93 1.0
0 3 7 9 11 12 14 22 23 24 27 29 30 31 34 37 38 39 41 43 1.0
51 52 61 62 64 65 66 72 73 77 79 84 87 88 89 91 92 93 94 95 1.0
1 3 5 9 10 18 20 23 25 27 34 36 37 38 42 43 44 45 47 49 1.0
50 53 57 62 63 64 69 70 72 75 79 80 85 87 88 92 93 94 95 97 1.0
2 4 7 8 9 11 12 16 24 27 30 31 32 33 34 41 45 46 47 49 1.0
50 52 53 55 60 65 66 69 75 76 77 78 81 84 85 86 90 91 94 95 1.0
1 4 5 8 14 16 20 22 25 26 27 28 29 31 34 38 39 40 43 47 1.0
50 52 54 56 59 61 69 71 73 77 81 82 83 85 87 89 94 97 98 99 1.0
5 6 9 17 20 23 26 29 30 32 35 36 37 41 42 43 44 46 48 49 1.0
50 51 54 55 58 62 66 68 69 72 73 74 76 78 82 83 87 88 89 90 1.0
1 3 5 8 9 11 15 19 21 22 24 27 28 30 32 35 44 45 48 49 1.0
54 57 58 59 61 62 63 64 65 66 68 70 72 74 78 79 80 88 93 96 1.0
1 4 6 8 9 13 22 28 29 30 31 32 34 39 41 42 43 44 46 47 1.0
52 56 58 62 63 64 65 74 76 78 79 80 81 83 86 88 92 93 97 98 1.0
0 1 2 3 4 7 10 11 14 17 19 20 23 24 28 40 41 42 47 49 1.0
52 53 54 56 57 58 60 62 63 64 65 71 75 76 77 83 89 92 94 97 1.0
0 7 9 13 19 22 23 24 25 26 30 35 37 38 40 42 46 47 48 49 1.0
52 55 58 59 60 64 65 66 69 70 72 73 77 80 89 90 92 96 97 98 1.0
1 4 9 12 16 17 18 22 23 24 25 30 35 36 37 38 42 45 46 48 1.0
50 51 53 57 59 62 63 67 70 73 75 76 83 89 93 94 95 96 97 98 1.0
0 3 5 7 9 10 11 12 16 19 21 32 33 35 37 40 43 46 47 48 1.0
53 54 55 59 60 61 62 63 65 69 72 75 76 79 80 81 82 85 98 99 1.0
0 3 7 8 9 16 18 19 20 25 26 28 30 33 36 38 39 42 47 49 1.0
51 54 55 56 58 59 61 65 72 76 81 82 83 86 87 88 90 95 96 97 1.0
2 3 4 7 9 10 15 22 23 24 26 29 31 33 35 37 38 43 46 48 1.0
52 53 54 55 57 65 71 74 75 83 85 86 87 88 90 91 92 93 96 97 1.0
0 2 3 8 9 11 14 17 18 20 21 26 29 32 34 36 41 43 47 48 1.0
50 53 54 55 56 58 60 61 62 67 68 72 73 75 84 86 90 91 93 94 1.0
1 5 7 8 11 13 14 16 18 20 22 25 27 30 35 44 45 46 47 49 1.0
50 59 60 61 66 68 72 73 74 75 76 81 83 84 87 89 93 95 96 99 1.0
5 6 11 12 13 14 17 20 22 23 25 32 36 37 38 40 41 42 44 49 1.0
56 57 58 59 62 63 64 68 71 72 80 84 88 91 93 94 95 97 98 99 1.0
0 4 10 12 13 14 17 24 25 28 29 30 32 33 34 38 42 44 45 48 1.0
53 54 55 59 60 62 66 68 70 71 76 82 85 87 88 89 91 97 98 99 1.0
2 7 8 9 12 13 14 16 18 19 22 23 25 26 36 37 40 44 46 48 1.0
52 53 54 59 62 67 68 71 72 76 78 80 81 82 85 89 92 93 96 98 1.0
0 1 3 14 16 20 21 30 31 33 34 36 37 39 41 42 44 45 47 48 1.0
55 61 62 63 64 65 68 70 73 76 77 81 84 86 87 89 91 92 95 98 1.0
2 3 9 10 12 15 19 21 25 28 30 32 34 37 38 42 43 46 48 49 1.0
50 54 56 64 66 68 70 75 77 79 81 82 83 85 93 94 95 96 98 99 1.0
3 8 14 16 21 22 23 25 26 27 29 31 38 39 40 42 44 47 48 49 1.0
51 54 57 60 61 62 63 66 67 68 69 71 75 78 79 85 87 88 89 93 1.0
1 5 6 9 10 11 12 13 16 17 22 24 25 26 30 33 35 37 43 49 1.0
50 51 52 55 57 62 67 70 73 74 75 76 79 81 83 87 88 89 93 98 1.0
0 3 5 8 9 10 11 12 15 16 21 24 25 29 32 35 42 45 46 48 1.0
50 61 62 64 66 69 72 75 76 78 82 83 86 88 91 92 95 97 98 99 1.0
3 4 6 8 9 10 12 15 26 28 29 31 32 34 39 42 43 44 45 47 1.0
53 55 56 59 61 62 65 67 73 74 78 82 83 84 91 92 93 95 96 98 1.0
0 3 4 5 6 8 9 12 13 16 17 18 20 22 25 27 30 41 44 45 1.0
51 56 59 60 61 63 67 71 73 76 79 82 84 85 86 87 88 92 96 99 1.0
1 4 6 8 9 11 13 15 16 17 21 22 23 24 32 34 39 42 47 49 1.0
50 51 52 55 57 58 61 64 65 70 74 78 81 82 83 84 86 88 90 94 1.0
0 1 5 7 13 22 26 28 30 31 32 34 35 36 39 40 42 44 45 47 1.0
50 51 52 53 54 58 61 62 68 70 73 84 85 86 89 91 93 95 96 97 1.0
0 1 4 6 9 10 11 13 17 20 26 28 33 35 36 38 39 44 47 49 1.0
51 56 59 60 61 65 70 72 73 75 76 77 82 84 87 89 90 91 93 98 1.0
3 4 5 6 8 10 16 19 20 25 27 28 29 30 32 39 41 45 48 49 1.0
50 51 52 59 62 63 64 66 69 73 75 80 81 83 84 87 89 92 95 97 1.0
0 1 3 6 7 10 13 15 16 20 22 25 27 28 29 32 34 41 45 49 1.0
53 56 57 60 62 65 73 75 77 78 79 80 81 82 83 88 90 95 96 99 1.0
0 2 4 5 7 9 11 15 17 23 24 29 30 31 34 37 39 41 42 47 1.0
56 57 62 63 64 65 66 69 71 74 75 81 84 88 89 93 94 95 97 98 1.0
1 4 7 13 15 20 21 29 30 31 32 34 35 36 37 38 40 43 47 49 1.0
51 54 62 64 68 70 71 73 75 76 82 83 85 86 89 91 93 95 97 98 1.0
1 2 3 4 5 8 10 11 12 16 18 19 20 22 27 28 31 37 42 46 1.0
53 55 60 65 68 70 71 73 74 75 76 78 80 82 83 86 89 93 94 98 1.0
3 7 8 15 16 18 23 24 25 26 29 30 35 40 42 43 44 45 46 49 1.0
53 54 58 59 61 62 68 70 71 75 76 78 79 83 86 87 93 94 98 99 1.0
1 3 4 5 6 7 9 12 13 20 23 25 26 29 31 35 38 39 46 47 1.0
50 53 55 70 72 74 75 76 77 83 84 85 88 93 94 95 96 97 98 99 1.0
2 4 6 8 10 13 15 17 19 23 30 33 34 38 39 40 41 45 48 49 1.0
50 52 54 56 57 61 66 74 76 81 82 83 84 85 86 87 88 94 95 97 1.0
1 11 12 15 17 18 19 21 23 26 28 29 33 34 35 38 41 42 43 46 1.0
51 53 54 56 58 59 61 62 64 65 67 71 73 74 76 84 91 92 94 95 1.0
1 6 10 12 13 15 17 18 21 23 27 28 30 32 33 34 36 40 42 45 1.0
53 54 55 56 58 62 66 70 72 74 77 78 79 81 86 88 89 92 93 94 1.0
1 3 7 8 9 17 19 23 24 30 32 35 39 40 42 43 45 47 48 49 1.0
50 51 55 56 60 61 62 64 65 68 70 71 80 82 84 87 88 89 95 98 1.0
0 3 4 6 7 8 15 16 19 20 24 26 27 28 31 32 38 40 46 47 1.0
51 54 59 60 61 64 65 66 70 71 72 78 82 86 87 89 92 97 98 99 1.0
1 2 5 8 10 13 17 21 22 23 29 32 35 36 37 39 41 44 46 48 1.0
50 51 53 57 58 62 64 66 69 70 73 78 79 80 82 85 87 89 91 94 1.0
1 2 3 6 8 9 11 13 18 22 24 25 26 30 31 32 38 39 40 41 1.0
50 52 56 58 61 63 67 72 76 78 79 81 82 85 88 91 92 94 95 97 1.0
3 5 7 10 13 14 17 19 20 21 22 23 26 28 29 32 37 40 47 48 1.0
50 52 54 55 57 58 59 61 67 69 73 75 76 77 81 85 86 90 94 96 1.0
1 2 3 5 6 7 8 13 14 17 21 24 26 27 32 34 35 38 42 46 1.0
50 51 54 58 59 62 64 73 74 75 76 77 78 80 85 86 87 88 91 95 1.0
1 3 4 5 6 7 13 19 20 24 26 28 31 33 35 36 37 39 41 44 1.0
50 51 54 55 58 60 66 71 72 73 75 77 80 82 83 88 89 92 93 96 1.0
4 8 10 11 20 21 25 26 27 28 29 30 31 34 39 41 43 44 46 49 1.0
51 56 58 59 60 64 66 68 71 72 73 75 77 79 82 87 92 95 96 97 1.0
1 2 4 7 10 15 16 18 22 24 27 30 32 34 36 38 42 45 47 48 1.0
54 58 59 60 61 62 65 67 68 71 73 74 75 78 80 85 86 88 89 96 1.0
1 8 12 13 15 18 19 20 23 25 26 27 29 35 36 39 40 46 48 49 1.0
50 51 53 54 55 57 58 65 66 67 72 73 78 79 80 82 86 92 93 99 1.0
1 2 4 7 8 11 13 15 16 17 27 32 35 36 38 42 45 47 48 49 1.0
52 53 62 67 68 69 71 75 76 78 82 87 88 89 93 94 95 96 97 98 1.0
0 8 10 13 14 20 21 24 27 29 31 34 35 37 39 41 42 45 46 49 1.0
52 53 56 57 59 60 61 62 65 67 68 69 75 79 81 86 87 92 95 97 1.0
0 5 6 8 9 12 13 18 19 23 25 27 29 33 34 36 40 41 44 47 1.0
52 54 55 58 60 61 62 63 67 70 71 74 76 78 81 84 89 92 93 98 1.0
3 4 7 15 17 19 20 22 23 26 29 32 33 34 35 36 37 39 46 47 1.0
52 53 54 56 57 59 61 64 69 76 83 84 87 88 93 94 95 96 97 98 1.0
1 2 8 11 15 16 18 19 20 21 23 27 29 34 36 37 39 43 44 49 1.0
51 52 54 55 57 61 64 66 73 74 79 80 83 85 86 87 90 91 97 98 1.0
1 2 4 5 6 8 9 13 14 15 17 25 28 30 35 36 37 38 45 46 1.0
52 56 59 62 66 67 71 72 74 77 82 85 87 88 89 91 92 94 96 99 1.0
1 2 4 7 9 14 15 20 24 26 27 29 33 35 38 42 43 44 45 48 1.0
54 55 56 58 59 61 63 64 65 70 77 80 81 84 85 87 90 93 98 99 1.0
2 4 5 6 7 10 11 12 13 17 22 26 27 30 36 39 40 46 48 49 1.0
51 54 57 58 59 61 63 66 67 68 69 72 73 79 80 83 84 88 90 95 1.0
0 1 5 8 12 18 20 21 23 29 32 33 35 37 39 40 42 43 45 47 1.0
51 53 55 59 61 62 64 65 67 69 70 71 75 79 80 81 85 86 87 97 1.0
1 3 5 7 12 14 17 18 20 21 22 24 32 33 36 39 44 45 46 48 1.0
50 51 52 58 60 62 63 65 67 74 75 80 81 87 91 93 95 96 98 99 1.0
2 3 10 11 13 15 16 17 19 20 22 23 27 28 31 32 34 36 44 49 1.0
57 60 61 63 65 66 68 70 72 73 74 77 78 80 81 84 89 93 94 97 1.0
0 4 5 6 8 19 21 22 23 27 30 33 34 40 41 42 43 45 48 49 1.0
52 56 58 59 61 63 65 66 69 75 76 77 79 81 87 92 94 96 98 99 1.0
0 1 3 7 13 17 19 20 22 23 25 26 27 32 37 38 40 42 43 46 1.0
51 54 55 58 61 63 65 66 67 68 74 79 80 83 84 85 86 87 93 99 1.0
0 2 5 7 11 12 13 17 18 20 21 28 29 31 32 35 36 37 40 45 1.0
50 52 56 57 58 63 65 66 69 70 76 77 78 79 83 91 93 96 97 98 1.0
1 4 8 11 12 13 20 21 26 28 30 31 32 34 37 39 40 41 43 47 1.0
50 51 53 56 64 66 67 68 72 73 77 82 87 90 91 92 93 96 97 99 1.0
1 6 8 9 13 18 21 22 23 24 25 28 30 32 35 37 43 44 46 49 1.0
51 52 55 56 57 58 59 62 65 66 71 78 82 83 84 85 90 95 97 99 1.0
0 4 6 7 9 11 12 13 18 23 24 32 34 35 36 37 39 42 43 49 1.0
54 55 57 61 68 70 71 72 75 77 81 85 87 90 91 93 94 95 98 99 1.0
0 1 4 5 7 9 10 13 14 16 21 23 27 31 34 38 41 42 47 49 1.0
50 53 56 61 62 66 67 68 70 74 82 83 84 85 88 90 92 94 95 96 1.0
1 6 8 9 10 13 17 18 21 22 25 27 29 30 36 39 41 42 47 48 1.0
50 51 52 53 55 56 58 64 65 68 69 71 74 77 85 88 91 92 94 97 1.0
1 4 7 10 13 14 16 18 20 21 23 24 27 28 32 33 38 40 43 49 1.0
53 54 58 59 64 66 67 74 75 80 82 86 87 89 90 92 95 96 97 99 1.0
4 5 12 14 17 19 20 21 22 26 28 29 30 32 37 39 42 45 47 49 1.0
50 51 53 55 57 63 65 69 71 78 79 80 81 84 85 86 88 90 91 94 1.0
0 1 3 6 8 9 10 12 15 17 18 19 26 32 33 37 38 39 45 48 1.0
50 53 54 57 59 62 63 65 66 67 69 71 77 78 79 87 92 94 98 99 1.0
0 1 3 4 11 18 20 21 22 24 26 30 31 34 37 40 42 45 46 48 1.0
51 54 55 56 57 58 59 60 63 64 65 70 77 78 79 84 85 95 98 99 1.0
3 4 5 9 10 12 13 17 19 20 21 22 30 31 34 35 37 38 39 40 1.0
51 53 56 59 60 61 64 65 68 70 71 79 82 83 87 89 94 95 96 99 1.0
4 5 11 15 20 21 27 28 30 36 37 38 39 41 42 45 46 47 48 49 1.0
52 53 55 61 64 66 67 69 71 76 77 85 86 90 91 93 94 97 98 99 1.0
1 2 6 7 10 11 13 15 16 21 25 26 27 33 34 35 38 41 45 48 1.0
53 57 58 60 65 66 67 70 76 77 84 87 88 89 90 91 95 96 98 99 1.0
1 4 7 10 13 18 19 21 23 25 28 32 33 34 35 37 39 40 43 49 1.0
50 52 54 55 56 60 64 67 69 70 72 75 76 82 92 94 95 96 97 98 1.0
5 6 9 10 13 15 16 17 21 22 24 25 26 28 37 38 40 42 43 44 1.0
50 51 55 61 65 66 68 70 71 73 74 78 83 85 86 91 92 94 97 98 1.0
2 3 5 12 17 18 21 24 27 29 32 34 35 36 38 39 41 42 43 45 1.0
52 53 64 65 67 68 69 70 74 78 79 82 87 88 89 90 93 94 97 99 1.0
0 1 5 7 8 9 10 13 16 22 23 25 28 31 32 35 40 41 44 49 1.0
50 52 54 55 56 58 59 62 63 65 66 67 69 72 76 79 81 82 89 92 1.0
2 3 5 6 10 12 13 16 17 18 25 28 31 36 37 38 40 43 44 45 1.0
51 53 54 56 59 62 65 70 76 77 78 80 84 85 88 90 91 93 95 96 1.0
2 3 4 5 7 8 10 11 13 15 16 18 32 35 37 40 44 46 47 49 1.0
51 52 60 61 64 65 67 68 70 74 76 78 87 89 91 92 93 95 97 98 1.0
0 1 7 8 12 15 16 18 19 20 21 28 29 33 39 40 43 44 46 49 1.0
52 53 55 60 66 67 68 69 70 73 78 79 80 81 82 91 95 96 98 99 1.0
9 10 15 18 19 23 26 27 29 30 31 33 35 36 40 42 44 46 48 49 1.0
50 52 59 60 65 66 75 77 78 79 80 81 82 85 86 90 92 93 96 98 1.0
4 5 9 14 15 16 19 20 21 23 24 32 34 37 38 39 41 42 46 49 1.0
52 53 54 55 56 57 62 63 64 67 71 73 76 80 87 88 93 95 96 99 1.0
0 1 4 6 10 13 14 17 18 21 25 26 28 30 31 36 39 44 48 49 1.0
50 51 53 54 57 58 61 62 63 66 72 75 78 82 83 89 90 93 94 95 1.0
1 3 7 10 12 15 16 18 19 20 21 24 25 29 30 32 34 39 43 44 1.0
55 58 61 63 65 66 69 73 76 78 80 81 83 85 87 88 91 95 97 99 1.0
3 4 6 8 11 17 19 28 31 32 35 36 38 40 41 43 44 46 47 49 1.0
53 54 58 60 62 66 69 72 75 78 80 82 84 86 87 88 91 93 94 95 1.0
2 4 8 9 10 12 14 15 17 19 20 26 28 30 33 35 38 40 45 48 1.0
51 54 55 64 65 66 68 69 70 71 78 79 83 84 89 90 93 95 97 99 1.0
2 6 8 9 11 19 20 26 27 30 31 33 36 39 42 43 44 46 48 49 1.0
51 52 54 55 56 60 62 66 67 70 71 72 74 77 78 79 80 81 91 99 1.0
6 8 11 12 14 17 18 20 21 22 25 26 29 35 36 41 42 43 46 47 1.0
50 52 54 56 59 61 65 71 72 73 75 80 83 84 86 90 92 96 97 98 1.0
1 3 9 10 11 14 15 19 23 24 25 26 27 37 39 40 42 43 46 49 1.0
50 54 58 60 61 66 69 77 78 80 81 82 84 85 88 89 90 93 94 95 1.0
0 6 8 10 11 12 15 16 18 19 22 23 24 27 28 30 35 42 45 49 1.0
50 52 59 60 62 64 65 68 72 73 74 75 79 80 84 86 89 92 94 95 1.0
0 1 2 7 11 12 14 22 23 25 30 31 33 34 35 37 40 44 45 48 1.0
60 61 63 64 65 66 70 71 72 73 75 77 78 81 84 85 87 89 90 94 1.0
0 4 6 10 13 14 17 20 22 23 26 27 30 32 33 35 36 39 45 48 1.0
54 56 57 66 67 70 71 74 76 78 79 80 83 85 87 88 89 93 95 98 1.0
0 1 3 4 6 8 9 10 13 14 15 16 18 19 25 28 32 42 44 49 1.0
53 55 60 63 65 66 71 74 75 77 80 82 85 86 90 91 94 96 97 99 1.0
1 5 7 8 10 15 18 20 23 24 27 28 29 30 31 32 38 41 44 47 1.0
51 55 56 58 61 63 65 67 69 70 72 76 83 85 89 91 94 95 96 98 1.0
0 1 2 4 8 9 13 14 15 16 18 21 25 29 32 33 34 38 47 49 1.0
50 52 55 58 60 66 67 68 71 78 79 80 81 83 86 88 89 94 96 98 1.0
0 2 3 4 5 15 16 17 18 20 25 26 27 30 35 38 40 41 45 46 1.0
50 52 54 55 59 60 69 70 74 75 78 79 80 85 86 89 90 94 95 98 1.0
1 6 16 18 20 24 26 28 30 32 36 37 39 40 41 42 43 44 46 47 1.0
54 55 57 62 64 67 69 70 71 72 73 76 79 81 82 85 87 92 94 99 1.0
0 1 2 8 14 17 18 20 21 23 24 26 27 28 33 38 41 43 46 49 1.0
51 55 58 59 60 62 65 66 73 74 75 80 81 85 86 87 90 94 96 98 1.0
0 1 3 11 12 16 18 19 21 23 24 25 26 28 31 32 33 37 41 49 1.0
53 57 58 60 61 63 65 68 69 71 72 73 74 75 77 81 85 86 89 99 1.0
1 2 5 6 9 10 11 13 14 17 22 24 30 31 35 37 39 40 41 47 1.0
50 51 55 56 58 64 66 67 69 73 74 77 78 82 83 84 88 89 90 91 1.0
0 3 4 5 14 17 19 20 24 32 33 35 36 38 40 42 43 44 45 46 1.0
53 54 58 62 64 65 69 72 73 74 76 77 80 81 85 87 93 94 95 96 1.0
1 3 6 9 13 15 16 17 21 24 25 26 27 28 34 35 37 38 39 42 1.0
55 57 58 63 64 65 70 74 76 78 81 82 83 86 87 89 92 93 97 98 1.0
0 1 10 11 13 18 22 24 25 26 28 29 33 35 39 40 41 43 45 48 1.0
51 56 64 65 66 68 69 70 73 74 75 76 80 81 83 87 91 95 96 99 1.0
1 2 3 7 14 15 17 18 19 20 21 23 29 34 36 38 40 42 44 45 1.0
56 57 58 59 60 62 66 68 69 78 80 84 85 86 91 93 94 95 96 97 1.0
1 4 9 10 14 15 22 23 25 26 32 34 35 36 37 39 41 45 47 49 1.0
51 52 54 57 58 60 61 62 67 75 78 79 82 83 86 88 89 90 97 99 1.0
0 3 4 5 7 10 11 14 15 17 19 22 23 24 26 29 31 39 42 46 1.0
50 51 54 59 63 68 72 73 74 76 77 78 79 81 85 88 91 92 95 97 1.0
1 3 11 12 15 16 17 20 21 23 24 26 27 33 34 35 41 42 45 49 1.0
50 51 52 54 55 56 57 58 59 64 68 70 71 72 73 79 82 84 88 94 1.0
1 2 4 7 10 13 24 25 27 28 29 30 35 36 37 40 43 46 47 49 1.0
52 53 55 57 59 60 61 62 64 65 69 70 77 84 85 87 88 94 96 99 1.0
1 6 8 10 11 12 14 16 19 22 27 31 33 35 36 37 40 41 42 43 1.0
51 52 56 58 60 61 63 71 72 74 75 78 80 81 87 93 94 96 97 99 1.0
0 1 2 3 6 7 9 13 14 20 22 23 27 33 34 38 43 44 46 49 1.0
52 54 58 63 64 65 66 67 69 70 72 81 82 84 91 93 94 96 97 98 1.0
1 2 6 9 10 11 12 13 17 20 23 25 29 30 35 36 37 39 47 49 1.0
53 54 59 61 62 63 65 66 67 73 75 76 83 84 86 88 91 92 94 95 1.0
0 3 8 10 11 16 17 19 21 22 24 32 33 35 37 39 40 42 44 49 1.0
55 56 57 60 62 64 65 68 70 74 81 82 86 87 90 91 92 93 94 95 1.0
2 3 5 6 8 13 16 17 21 24 26 28 30 36 38 42 44 45 46 47 1.0
50 52 55 56 57 61 69 74 75 76 80 81 84 85 88 92 95 96 98 99 1.0
0 2 3 5 10 11 12 14 15 19 21 22 26 28 29 31 35 38 39 44 1.0
50 53 58 59 61 64 65 70 71 75 77 81 83 85 86 88 91 96 97 99 1.0
1 3 4 5 6 10 13 14 15 16 17 20 21 26 31 33 40 42 43 44 1.0
52 53 54 56 57 59 64 65 70 74 78 80 81 87 89 90 92 94 97 99 1.0
2 4 8 9 11 12 13 14 16 18 19 30 32 33 36 38 39 40 41 42 1.0
56 57 60 61 63 64 66 67 72 74 76 77 79 80 82 89 90 94 95 96 1.0
0 1 3 4 6 11 14 15 17 18 22 30 31 33 34 39 41 42 43 44 1.0
53 54 59 61 65 66 67 71 72 73 75 81 86 87 89 91 92 95 97 98 1.0
0 1 6 7 10 12 13 18 20 25 26 30 32 40 42 43 44 45 46 48 1.0
51 53 55 59 61 64 67 72 74 76 78 80 84 86 88 93 96 97 98 99 1.0
2 4 5 6 7 8 10 13 16 17 20 22 25 27 29 31 35 40 42 44 1.0
50 52 57 59 60 62 67 70 71 75 76 81 85 88 89 90 91 94 97 98 1.0
1 2 6 10 13 15 22 23 24 25 29 30 36 37 39 40 41 44 47 49 1.0
51 57 61 63 64 65 66 67 70 71 74 76 79 84 85 91 94 96 98 99 1.0
