1 4 7 71 82 19 23 27 60 95 1.0
98 66 38 8 9 10 52 25 60 94 1.0
32 33 66 1 98 40 44 83 87 93 1.0
33 97 71 39 41 75 78 82 23 31 1.0
97 2 5 7 12 50 55 25 59 95 1.0
0 35 36 99 8 44 79 20 52 88 1.0
3 69 70 12 17 83 23 89 91 31 1.0
42 80 81 19 84 22 56 89 24 95 1.0
33 7 92 50 84 53 30 25 60 62 1.0
68 37 7 9 73 81 85 86 55 31 1.0
99 5 69 41 42 12 80 48 22 91 1.0
64 2 67 68 35 69 71 44 50 24 1.0
3 99 41 75 43 79 48 27 62 31 1.0
98 67 41 10 42 12 15 24 28 29 1.0
96 65 2 1 78 21 86 23 60 61 1.0
98 2 7 41 74 77 16 49 90 93 1.0
38 73 80 49 53 58 92 29 30 63 1.0
3 5 43 60 52 24 25 28 93 63 1.0
33 66 97 5 46 55 86 87 24 30 1.0
33 34 59 77 45 49 85 54 27 60 1.0
32 1 34 66 65 73 20 21 26 93 1.0
98 36 8 44 83 52 53 86 57 59 1.0
33 36 5 70 7 8 17 50 22 24 1.0
97 99 69 70 71 5 78 14 51 87 1.0
96 35 68 5 37 18 52 89 27 29 1.0
67 35 70 6 13 49 82 21 57 91 1.0
96 70 7 41 42 75 56 93 94 95 1.0
2 10 74 28 14 15 47 18 60 94 1.0
33 34 67 37 41 43 75 78 80 20 1.0
34 99 76 14 52 55 87 88 27 95 1.0
68 42 43 13 80 85 55 93 94 63 1.0
99 69 40 73 9 42 13 47 48 88 1.0
35 68 36 13 21 53 87 56 93 62 1.0
34 3 99 39 42 47 18 85 86 31 1.0
98 70 39 10 74 45 86 27 92 94 1.0
96 1 67 11 76 12 20 21 24 94 1.0
3 99 72 10 80 17 18 54 91 94 1.0
36 44 53 86 22 24 25 54 59 29 1.0
32 99 36 39 73 48 50 52 63 31 1.0
96 2 7 72 73 42 46 54 24 31 1.0
2 40 73 82 55 25 26 27 92 61 1.0
89 1 38 76 48 17 80 56 25 90 1.0
99 38 43 76 13 80 21 89 26 62 1.0
64 66 36 5 49 52 54 90 30 63 1.0
65 2 6 73 10 77 14 19 20 93 1.0
67 74 75 51 84 54 22 89 93 57 1.0
37 78 80 49 86 87 24 25 91 92 1.0
97 2 99 3 34 71 76 44 80 29 1.0
68 5 69 10 14 47 17 84 55 57 1.0
0 2 37 74 45 46 81 52 21 93 1.0
32 97 37 70 12 49 83 91 92 31 1.0
96 71 72 7 9 50 23 87 56 93 1.0
64 68 6 83 85 23 88 24 56 59 1.0
6 73 74 77 83 54 26 28 93 63 1.0
96 65 38 7 9 74 12 79 47 86 1.0
32 0 36 4 75 13 86 91 29 63 1.0
89 11 12 78 17 21 56 25 58 27 1.0
98 3 9 82 61 85 59 92 29 62 1.0
66 67 6 43 77 92 18 56 89 28 1.0
97 66 3 68 42 15 82 83 85 54 1.0
98 90 38 72 21 89 58 92 94 31 1.0
69 6 72 75 46 79 83 51 56 58 1.0
3 39 77 15 19 89 58 59 61 30 1.0
0 97 35 44 53 54 30 56 28 62 1.0
99 37 7 74 16 22 58 59 93 31 1.0
71 8 74 45 48 49 51 85 86 31 1.0
1 68 37 73 76 79 82 25 27 63 1.0
39 73 74 78 83 52 84 56 61 94 1.0
67 99 69 13 82 20 85 84 21 29 1.0
34 68 36 38 39 70 74 43 11 53 1.0
32 96 4 36 76 45 20 84 24 26 1.0
65 99 91 13 50 53 54 25 27 93 1.0
36 6 41 14 79 50 83 22 59 92 1.0
0 2 67 72 46 53 56 89 61 62 1.0
65 68 39 40 42 45 49 22 25 94 1.0
66 68 39 72 74 10 75 48 19 89 1.0
67 38 40 15 84 21 30 91 95 31 1.0
34 3 67 35 41 79 50 51 55 31 1.0
33 3 38 39 77 45 15 82 55 89 1.0
0 37 7 41 44 13 48 50 53 29 1.0
66 99 4 36 38 19 53 55 88 90 1.0
2 78 81 50 51 84 23 56 88 29 1.0
64 26 38 42 20 52 57 58 28 30 1.0
97 2 66 42 11 51 23 88 60 61 1.0
97 4 76 77 81 50 18 24 29 63 1.0
5 70 77 14 81 23 57 26 27 62 1.0
34 40 10 76 84 85 86 23 55 27 1.0
0 69 6 7 41 78 47 50 87 61 1.0
98 38 72 45 51 52 23 56 29 30 1.0
1 66 73 44 50 54 24 57 26 61 1.0
32 64 67 3 40 50 53 22 56 60 1.0
68 43 29 85 57 26 27 92 93 95 1.0
66 7 42 12 13 77 82 86 26 31 1.0
0 34 67 83 53 89 27 28 94 63 1.0
0 97 34 12 78 49 89 58 27 61 1.0
0 68 38 6 41 17 19 53 87 26 1.0
6 40 72 10 50 85 86 87 92 93 1.0
2 6 46 48 17 82 19 50 81 31 1.0
96 65 73 12 49 83 54 89 27 31 1.0
64 34 71 74 76 13 21 86 93 63 1.0
6 77 79 80 15 83 53 55 24 89 1.0
35 75 13 47 88 25 90 60 29 31 1.0
66 67 36 6 72 76 45 80 58 94 1.0
34 67 37 39 9 42 83 20 88 31 1.0
98 67 69 6 72 41 87 24 58 30 1.0
70 13 79 49 19 52 53 54 86 27 1.0
1 70 74 91 77 18 56 57 59 28 1.0
1 40 82 52 85 87 89 91 94 63 1.0
6 9 48 81 16 61 19 57 26 93 1.0
99 6 12 44 83 20 21 23 88 30 1.0
0 33 2 70 79 16 86 87 91 95 1.0
0 34 35 68 5 6 42 44 76 47 1.0
32 7 8 13 78 52 87 25 28 93 1.0
37 40 74 11 51 86 55 92 29 94 1.0
96 1 7 11 76 50 55 56 89 93 1.0
32 36 37 7 43 50 83 27 61 95 1.0
35 4 37 39 41 11 80 83 84 29 1.0
35 68 36 38 39 73 77 48 25 95 1.0
69 70 10 43 44 16 50 23 57 28 1.0
97 3 68 69 39 43 19 52 58 27 1.0
65 33 4 74 21 56 59 93 62 95 1.0
66 73 77 17 49 83 51 63 95 31 1.0
67 99 39 71 47 16 53 85 28 31 1.0
81 83 52 85 23 88 89 58 27 29 1.0
0 66 67 69 41 43 49 54 29 94 1.0
34 3 70 75 77 15 51 53 25 90 1.0
0 65 66 4 7 50 54 28 61 30 1.0
96 97 3 6 38 49 54 89 28 29 1.0
64 65 99 6 77 45 51 54 89 91 1.0
35 8 44 76 19 52 30 91 92 62 1.0
64 98 3 68 35 17 50 84 87 61 1.0
33 40 76 92 80 93 87 28 61 31 1.0
98 6 39 43 79 80 53 55 93 94 1.0
1 98 70 41 11 46 18 82 58 93 1.0
98 36 6 74 10 76 14 51 23 27 1.0
98 66 73 75 43 78 15 46 25 60 1.0
97 99 5 7 82 55 90 28 61 62 1.0
33 1 99 35 8 94 21 23 57 30 1.0
43 45 92 15 83 20 84 19 26 28 1.0
65 4 37 9 46 48 25 28 30 95 1.0
0 8 73 76 12 46 45 48 56 95 1.0
64 68 11 44 46 47 48 17 25 28 1.0
4 41 74 73 11 18 83 84 55 30 1.0
96 65 64 70 12 77 78 18 51 21 1.0
2 35 46 79 20 55 24 56 27 93 1.0
0 98 66 75 78 17 87 88 60 63 1.0
96 37 7 41 43 50 30 90 59 62 1.0
99 3 11 77 46 80 17 18 84 31 1.0
0 6 71 9 16 81 29 28 93 31 1.0
35 67 8 16 80 54 87 25 91 29 1.0
66 4 42 12 47 54 24 26 94 31 1.0
0 65 69 38 5 73 10 78 16 31 1.0
68 39 41 11 44 13 16 58 91 93 1.0
97 75 77 16 50 83 23 89 58 28 1.0
3 36 46 78 49 17 19 50 55 93 1.0
64 97 35 99 6 7 51 84 55 60 1.0
32 34 98 4 72 45 50 20 90 60 1.0
65 34 6 8 74 44 13 82 21 86 1.0
65 2 39 12 76 47 87 94 27 30 1.0
71 72 12 78 17 56 25 58 60 62 1.0
4 38 70 9 74 44 49 84 23 29 1.0
0 34 67 70 43 14 83 20 23 25 1.0
97 37 7 75 15 20 22 56 61 94 1.0
89 64 37 38 19 52 55 87 25 58 1.0
0 65 4 69 12 47 49 52 25 61 1.0
65 2 76 47 79 49 83 54 23 60 1.0
96 97 68 41 76 15 19 56 27 29 1.0
32 40 43 15 79 53 88 60 94 31 1.0
96 1 2 70 41 74 44 13 17 23 1.0
32 6 59 11 79 53 56 91 28 31 1.0
96 34 98 74 43 42 19 56 90 30 1.0
33 99 36 67 70 47 81 53 86 94 1.0
0 2 99 40 9 13 46 82 85 62 1.0
33 26 35 11 15 16 56 25 90 63 1.0
0 7 40 48 17 51 89 27 95 63 1.0
69 70 13 79 49 17 88 27 28 62 1.0
98 35 72 73 14 15 78 86 25 60 1.0
32 69 71 74 13 14 83 88 56 29 1.0
33 1 5 38 73 76 13 46 54 25 1.0
7 40 41 76 19 52 56 25 90 59 1.0
64 2 34 41 12 78 15 24 28 31 1.0
59 75 76 77 45 51 84 55 91 29 1.0
96 65 66 5 40 74 43 12 44 27 1.0
2 39 7 44 54 90 27 92 95 31 1.0
0 32 66 4 9 43 21 30 91 94 1.0
66 68 5 38 39 75 14 19 85 88 1.0
99 90 13 79 55 56 58 91 92 93 1.0
36 38 10 14 48 16 22 24 89 29 1.0
36 38 71 41 76 17 54 59 28 31 1.0
66 72 75 49 18 54 56 25 27 30 1.0
3 70 73 74 11 75 24 91 29 63 1.0
32 35 37 75 76 81 86 89 28 29 1.0
64 89 4 78 15 85 24 57 61 31 1.0
32 1 35 7 40 72 10 47 81 60 1.0
1 37 9 76 51 84 52 56 28 63 1.0
71 8 41 43 45 14 18 21 90 93 1.0
0 4 37 6 41 76 15 17 50 27 1.0
64 69 74 75 13 45 79 80 15 20 1.0
0 34 98 44 15 86 22 58 92 94 1.0
96 97 69 71 40 74 43 83 22 92 1.0
96 1 69 39 48 81 52 84 24 58 1.0
56 70 10 80 81 50 20 22 88 90 1.0
40 10 45 14 17 20 54 89 28 31 1.0
98 40 78 80 54 55 24 56 28 29 1.0
1 37 73 11 14 80 18 20 53 23 1.0
98 35 34 73 13 51 23 87 57 30 1.0
1 35 70 75 45 78 21 53 85 29 1.0
0 97 98 3 10 11 76 49 57 28 1.0
58 90 40 10 44 15 26 92 93 95 1.0
32 34 36 68 75 46 82 19 51 26 1.0
67 5 8 10 11 50 84 56 57 95 1.0
96 73 10 84 87 56 26 27 92 61 1.0
32 35 47 17 83 55 24 56 60 95 1.0
32 1 3 4 11 77 23 88 26 93 1.0
64 66 38 78 84 54 89 28 29 95 1.0
64 98 2 69 70 37 74 83 86 89 1.0
1 73 43 84 87 55 94 93 62 31 1.0
33 98 99 68 1 3 9 74 88 30 1.0
2 99 6 42 19 51 88 25 26 63 1.0
66 72 14 81 50 19 18 20 61 31 1.0
39 72 14 46 84 21 56 89 62 31 1.0
98 37 71 46 92 83 84 55 60 62 1.0
32 66 9 74 75 78 79 17 52 29 1.0
96 33 2 67 4 32 72 18 56 30 1.0
32 34 37 7 8 10 76 15 22 27 1.0
4 43 12 15 79 20 52 54 55 25 1.0
34 66 37 44 51 84 21 23 25 60 1.0
7 8 76 15 92 83 84 58 59 28 1.0
0 97 35 68 76 13 79 15 52 21 1.0
96 0 73 16 17 93 86 87 25 61 1.0
64 68 9 48 81 82 49 27 60 30 1.0
97 65 36 8 11 15 85 86 94 62 1.0
32 1 2 8 10 44 54 86 94 63 1.0
67 38 40 73 72 12 16 17 89 90 1.0
37 71 46 81 87 55 25 26 91 31 1.0
3 37 5 40 46 47 83 51 85 87 1.0
4 10 45 13 16 19 84 89 59 94 1.0
96 33 1 39 13 78 82 19 84 89 1.0
0 97 34 38 14 15 18 21 89 93 1.0
0 4 72 10 46 49 50 53 30 95 1.0
65 36 4 73 79 20 88 91 61 63 1.0
66 36 9 75 76 13 45 87 89 91 1.0
32 33 4 71 73 79 90 27 28 94 1.0
64 99 36 5 8 73 10 11 82 54 1.0
65 98 97 38 9 44 79 53 85 25 1.0
1 99 27 43 86 87 59 92 30 95 1.0
32 38 15 92 18 93 25 60 61 63 1.0
97 7 40 9 11 77 46 20 61 30 1.0
2 72 73 41 47 83 51 21 87 92 1.0
99 70 75 45 81 49 52 24 30 63 1.0
4 5 38 42 47 16 17 24 29 30 1.0
68 70 71 50 54 55 56 59 92 62 1.0
0 34 35 2 37 8 45 14 16 24 1.0
96 65 97 74 79 81 52 53 86 62 1.0
1 7 9 10 47 15 17 48 28 30 1.0
69 91 75 74 81 85 86 58 59 60 1.0
37 42 15 16 17 49 21 24 26 31 1.0
66 69 72 76 79 81 55 59 60 95 1.0
34 36 38 42 11 44 48 21 28 29 1.0
72 74 76 83 86 55 57 90 93 95 1.0
4 38 8 41 10 12 44 16 49 30 1.0
66 67 71 77 79 82 85 56 59 63 1.0
35 5 9 11 12 45 44 23 26 30 1.0
96 65 89 98 70 55 87 57 91 63 1.0
32 1 5 41 44 45 46 48 19 20 1.0
74 91 82 84 55 87 56 90 59 93 1.0
0 1 35 37 38 10 42 13 26 30 1.0
66 99 76 79 80 54 56 94 58 62 1.0
0 32 4 40 11 43 13 48 17 22 1.0
68 60 78 83 85 86 87 54 57 92 1.0
32 33 34 36 11 46 15 18 22 28 1.0
89 99 75 60 82 57 90 92 61 63 1.0
2 4 36 5 37 41 42 44 25 27 1.0
65 98 71 74 75 61 89 60 63 95 1.0
3 5 41 45 47 48 21 22 25 29 1.0
65 69 72 78 83 52 84 51 59 60 1.0
0 36 38 42 48 18 20 21 24 25 1.0
96 97 59 75 80 81 54 87 91 94 1.0
5 39 8 10 42 46 14 18 23 24 1.0
96 97 66 69 73 81 83 51 85 95 1.0
32 33 10 11 45 13 47 15 20 25 1.0
68 70 73 76 78 53 89 60 62 63 1.0
35 37 8 40 10 43 16 19 29 30 1.0
97 65 99 72 75 60 81 84 92 95 1.0
32 0 34 2 8 45 48 49 21 25 1.0
96 97 70 83 87 56 57 88 61 63 1.0
34 8 40 42 10 45 48 18 26 31 1.0
78 79 82 83 53 86 88 89 61 95 1.0
4 7 39 41 10 11 13 47 21 29 1.0
64 98 99 67 69 75 82 50 86 58 1.0
0 1 13 15 16 18 20 23 24 26 1.0
65 99 69 74 77 80 87 89 90 92 1.0
32 8 12 18 19 21 23 27 28 30 1.0
96 67 69 75 79 80 81 50 53 93 1.0
1 38 39 8 13 46 48 17 22 24 1.0
66 71 73 50 55 57 90 59 92 95 1.0
33 2 41 42 11 45 47 17 18 22 1.0
66 70 76 81 82 54 89 90 62 57 1.0
0 32 5 39 8 22 24 26 27 29 1.0
97 71 74 76 79 80 81 56 89 95 1.0
2 3 36 39 8 41 11 15 28 31 1.0
97 68 71 73 54 87 56 89 92 61 1.0
5 7 39 9 43 45 14 19 27 31 1.0
64 65 71 75 76 84 53 55 92 94 1.0
0 32 2 35 37 5 39 14 16 24 1.0
66 98 72 76 78 80 51 87 92 62 1.0
33 34 36 6 9 13 14 49 28 31 1.0
65 66 70 75 82 86 55 88 59 62 1.0
35 36 37 39 42 14 15 18 20 31 1.0
96 66 67 74 81 50 85 53 60 94 1.0
33 37 10 14 16 21 26 28 29 31 1.0
99 74 75 80 50 93 52 54 58 61 1.0
0 1 2 37 6 39 12 47 49 28 1.0
99 74 60 50 84 55 58 92 61 63 1.0
32 0 9 42 43 45 16 49 18 24 1.0
96 90 75 79 83 53 86 58 92 93 1.0
3 38 41 44 13 17 18 21 25 26 1.0
65 69 71 73 74 77 80 82 94 63 1.0
34 38 6 39 12 19 22 24 25 26 1.0
96 97 65 98 79 80 56 90 62 63 1.0
34 2 3 38 39 6 41 42 19 21 1.0
97 69 76 77 79 86 88 89 58 62 1.0
33 35 36 5 9 43 45 48 22 23 1.0
96 99 73 79 82 83 52 53 90 91 1.0
35 9 13 46 15 48 49 21 25 28 1.0
70 74 75 50 52 85 53 55 56 84 1.0
35 37 39 11 46 17 20 26 27 28 1.0
98 70 73 50 53 54 89 59 60 63 1.0
0 35 36 37 42 11 46 47 24 27 1.0
97 69 70 71 79 50 54 86 59 62 1.0
34 3 4 38 9 44 45 15 17 30 1.0
96 67 70 75 82 52 57 58 91 63 1.0
38 8 41 10 43 48 20 21 23 26 1.0
64 97 66 67 73 52 88 92 62 63 1.0
32 36 37 8 11 43 16 48 30 31 1.0
98 69 70 78 81 50 51 84 59 62 1.0
3 36 10 46 14 49 26 27 30 31 1.0
64 97 70 77 79 53 85 59 61 95 1.0
0 33 2 41 11 46 15 23 25 31 1.0
64 98 67 77 83 88 58 59 92 63 1.0
32 35 3 6 38 43 18 19 23 26 1.0
96 68 74 80 81 51 88 91 94 95 1.0
1 3 4 40 41 10 43 21 24 28 1.0
96 66 72 76 53 55 89 58 94 63 1.0
2 35 6 9 12 13 15 16 25 30 1.0
96 98 99 73 79 50 52 85 87 62 1.0
0 3 7 41 46 48 17 26 28 29 1.0
99 71 74 77 82 53 54 85 90 59 1.0
39 8 11 15 47 49 16 23 25 28 1.0
97 98 65 75 76 81 51 87 88 57 1.0
33 36 41 12 13 14 15 20 25 30 1.0
64 99 70 72 88 78 54 56 90 59 1.0
1 2 6 42 12 45 18 25 26 28 1.0
66 57 92 82 50 88 89 59 60 63 1.0
0 2 35 39 8 42 11 18 25 31 1.0
97 99 69 73 74 76 88 58 62 63 1.0
0 14 15 48 47 18 19 20 28 29 1.0
66 67 71 77 50 53 88 59 61 63 1.0
1 3 35 9 11 12 46 48 27 28 1.0
65 71 76 92 80 81 50 51 60 61 1.0
35 5 39 40 46 14 16 21 23 27 1.0
98 71 73 76 77 83 51 56 59 92 1.0
32 1 3 36 4 42 16 49 18 27 1.0
71 76 92 81 61 54 57 60 93 95 1.0
2 35 7 8 45 46 49 25 26 28 1.0
65 75 77 78 83 53 56 57 58 61 1.0
0 5 39 44 46 17 20 23 29 30 1.0
65 73 76 77 83 51 56 57 58 60 1.0
0 3 5 7 39 41 11 13 23 25 1.0
72 73 60 80 81 86 87 88 91 92 1.0
34 3 40 9 44 45 15 16 27 28 1.0
64 67 58 78 79 51 54 55 90 92 1.0
2 3 6 7 44 48 17 49 21 28 1.0
98 69 70 73 74 80 88 90 91 95 1.0
32 2 6 11 45 14 15 48 26 31 1.0
64 65 66 99 67 74 50 83 84 86 1.0
34 36 6 40 10 45 15 48 19 31 1.0
65 71 72 76 61 86 87 88 93 63 1.0
32 34 5 38 41 16 49 19 27 31 1.0
67 68 69 70 71 75 77 78 52 90 1.0
32 3 36 37 43 11 15 49 30 31 1.0
96 64 98 51 84 88 57 93 62 63 1.0
0 1 34 36 39 42 44 48 17 18 1.0
67 70 71 73 76 52 87 58 92 93 1.0
33 1 40 10 44 46 49 27 28 31 1.0
97 66 58 72 79 85 87 57 90 60 1.0
37 42 44 13 46 16 25 29 30 31 1.0
73 78 79 50 84 52 89 59 93 94 1.0
2 36 5 6 39 4 12 48 49 18 1.0
66 99 70 75 83 51 85 58 61 95 1.0
5 10 43 12 13 46 16 19 22 27 1.0
64 97 66 67 82 83 53 87 91 92 1.0
2 35 37 7 9 10 49 25 29 31 1.0
65 67 71 72 79 54 87 56 58 95 1.0
35 37 7 40 43 14 17 19 22 31 1.0
66 70 77 80 81 83 52 58 63 95 1.0
34 40 9 10 46 47 48 49 16 19 1.0
70 76 77 50 84 87 56 90 88 94 1.0
34 36 11 43 15 48 49 20 21 31 1.0
64 66 79 51 84 85 55 90 60 62 1.0
1 35 7 42 47 24 26 27 28 29 1.0
97 79 83 51 54 86 87 57 58 59 1.0
34 39 9 43 44 16 49 19 29 30 1.0
96 75 83 85 86 55 87 59 60 95 1.0
32 33 1 36 43 12 18 19 26 28 1.0
76 81 82 51 53 87 55 88 89 86 1.0
34 36 7 8 41 42 43 16 20 25 1.0
64 97 65 99 72 73 79 83 53 93 1.0
33 10 11 46 48 16 27 28 29 31 1.0
99 58 74 75 77 50 83 84 90 59 1.0
4 37 39 40 10 43 45 46 19 31 1.0
96 65 64 98 51 54 62 58 61 94 1.0
2 37 38 7 41 48 16 20 24 26 1.0
66 77 79 53 55 57 91 60 94 63 1.0
0 1 2 33 38 39 42 48 20 23 1.0
99 68 72 73 83 51 90 91 93 94 1.0
1 6 8 10 13 46 16 49 30 31 1.0
96 65 99 67 72 76 77 52 84 61 1.0
34 36 6 39 11 12 49 28 30 31 1.0
64 66 99 68 74 75 80 88 57 60 1.0
0 5 38 40 8 11 15 48 24 25 1.0
71 73 51 86 87 89 58 92 61 94 1.0
34 38 8 9 10 15 17 19 21 25 1.0
96 97 66 72 63 84 88 61 62 95 1.0
32 7 9 42 12 47 20 21 28 29 1.0
66 72 74 82 83 85 86 55 60 62 1.0
2 5 9 10 43 42 17 18 21 22 1.0
65 97 74 76 77 78 50 84 89 63 1.0
4 41 10 46 15 47 49 20 27 28 1.0
96 66 77 79 80 82 52 87 88 63 1.0
33 35 3 37 8 43 11 13 49 25 1.0
67 71 78 80 53 86 87 56 89 91 1.0
0 36 47 18 21 22 23 25 30 31 1.0
64 96 72 76 77 50 89 90 92 95 1.0
33 35 36 40 43 45 13 18 21 27 1.0
64 67 99 72 75 54 87 88 56 59 1.0
1 3 6 8 12 14 18 27 29 30 1.0
64 65 98 99 71 78 84 88 90 95 1.0
33 4 38 39 7 12 15 18 25 26 1.0
64 65 66 68 71 76 53 55 59 60 1.0
32 1 2 35 0 5 33 49 23 28 1.0
97 69 74 75 52 53 86 87 89 60 1.0
33 2 3 7 42 44 13 14 15 48 1.0
73 74 77 50 85 54 89 91 94 95 1.0
0 33 34 37 6 42 11 44 12 22 1.0
96 98 67 69 72 50 52 87 90 63 1.0
1 39 42 14 47 48 19 21 22 25 1.0
96 98 78 55 87 56 89 58 59 93 1.0
32 3 39 8 11 48 20 21 24 29 1.0
97 98 66 70 77 84 88 60 61 62 1.0
0 34 35 4 40 42 44 49 18 23 1.0
99 68 73 75 76 78 88 59 62 63 1.0
33 2 38 41 11 43 44 14 47 12 1.0
97 81 51 83 84 52 88 89 60 57 1.0
3 37 6 39 14 16 17 48 19 28 1.0
98 99 81 52 53 85 92 93 62 63 1.0
32 1 3 37 6 43 12 13 44 15 1.0
99 68 77 80 82 51 53 86 55 93 1.0
33 34 2 35 7 11 44 13 14 47 1.0
73 77 80 54 86 56 90 59 93 63 1.0
32 10 43 12 45 46 15 21 27 28 1.0
99 80 83 53 86 87 88 89 90 62 1.0
3 37 38 41 13 18 20 24 29 30 1.0
66 70 71 73 79 84 85 54 55 89 1.0
0 2 36 38 39 42 12 45 22 28 1.0
64 99 69 73 75 77 52 84 59 94 1.0
3 35 7 10 43 42 18 24 29 30 1.0
96 99 75 76 63 93 54 61 62 95 1.0
4 5 38 7 8 36 46 17 18 22 1.0
65 66 68 69 75 53 89 58 60 94 1.0
36 4 39 40 9 42 7 45 24 31 1.0
96 73 77 86 87 56 90 60 93 95 1.0
34 3 5 7 11 14 16 48 23 26 1.0
98 99 78 80 50 85 86 57 58 59 1.0
33 3 8 41 9 45 46 19 25 30 1.0
89 65 98 70 79 81 82 53 88 57 1.0
0 34 4 7 8 9 14 19 22 23 1.0
65 67 99 69 78 50 88 61 94 95 1.0
33 4 37 11 12 17 20 21 24 31 1.0
69 70 79 61 85 88 58 91 93 95 1.0
34 36 10 11 12 44 47 17 27 29 1.0
65 71 76 93 53 54 92 61 94 63 1.0
32 2 6 7 40 12 22 28 29 30 1.0
64 99 73 74 76 52 54 93 94 63 1.0
35 3 6 42 11 13 15 48 21 23 1.0
96 98 68 71 74 82 84 85 55 94 1.0
40 8 10 43 12 48 18 22 23 28 1.0
96 65 98 97 72 50 86 54 61 95 1.0
3 39 41 11 16 19 20 22 23 26 1.0
98 99 74 82 51 83 54 87 60 61 1.0
0 39 9 49 18 19 22 26 28 31 1.0
97 66 67 98 73 76 80 51 87 58 1.0
2 8 11 43 13 15 18 24 25 31 1.0
97 66 68 74 76 60 87 90 92 63 1.0
32 36 40 42 46 18 23 24 29 30 1.0
64 71 72 73 83 51 87 58 60 63 1.0
33 3 5 7 9 15 19 20 30 31 1.0
98 68 71 74 76 81 83 56 61 62 1.0
32 35 4 6 44 48 20 24 28 30 1.0
64 69 72 78 61 84 85 57 92 93 1.0
33 6 39 40 7 10 45 14 48 27 1.0
69 72 74 77 80 50 82 53 85 61 1.0
33 34 35 36 7 14 47 18 26 29 1.0
65 97 68 70 77 79 50 54 89 93 1.0
0 38 13 45 16 49 18 19 27 31 1.0
65 98 71 74 78 81 82 51 84 85 1.0
33 34 5 42 43 13 46 21 22 26 1.0
97 99 67 73 75 76 78 84 56 58 1.0
3 37 5 39 40 11 47 19 21 30 1.0
89 99 72 78 51 94 58 60 62 63 1.0
33 34 2 36 3 44 16 19 28 30 1.0
99 69 72 77 51 52 54 56 89 88 1.0
33 35 5 38 37 8 42 49 21 24 1.0
64 74 76 51 53 56 89 91 94 63 1.0
32 3 40 47 49 18 24 25 28 30 1.0
65 97 70 76 79 83 61 59 93 63 1.0
2 6 38 41 42 20 21 24 30 31 1.0
67 71 74 78 50 84 85 54 88 56 1.0
34 35 4 38 10 13 46 20 21 26 1.0
98 67 68 99 74 83 53 59 62 63 1.0
35 38 7 9 14 47 16 21 24 28 1.0
65 69 70 80 51 53 56 91 60 93 1.0
0 1 4 6 7 38 20 22 23 29 1.0
96 64 50 61 53 86 89 60 93 57 1.0
34 5 7 8 9 10 45 15 16 48 1.0
65 66 68 69 76 80 85 53 58 60 1.0
37 38 39 6 41 11 20 22 26 27 1.0
64 66 69 91 75 78 85 53 59 62 1.0
40 9 11 44 15 19 21 22 23 28 1.0
96 66 74 75 50 86 87 89 62 95 1.0
32 1 0 35 12 14 48 22 26 30 1.0
64 96 98 97 69 81 86 55 89 62 1.0
32 33 2 34 37 6 10 45 17 30 1.0
96 65 64 98 74 75 78 83 84 93 1.0
33 3 6 38 14 17 18 21 22 29 1.0
71 72 76 78 79 85 86 90 91 60 1.0
33 4 43 15 47 49 17 19 24 29 1.0
97 98 65 73 77 78 51 83 93 62 1.0
1 36 6 40 9 44 14 46 17 19 1.0
96 64 98 97 73 75 78 82 87 94 1.0
33 39 7 8 44 13 45 48 26 29 1.0
96 64 72 75 76 77 78 52 58 91 1.0
5 37 8 11 47 16 17 22 26 28 1.0
68 70 72 91 78 51 84 83 56 88 1.0
34 40 42 45 13 15 47 16 20 22 1.0
64 97 71 74 80 50 51 87 88 61 1.0
4 38 8 41 44 47 22 27 28 29 1.0
65 98 70 71 74 83 51 87 57 93 1.0
32 1 39 7 9 11 15 27 28 30 1.0
99 68 74 52 53 54 86 88 84 58 1.0
0 38 6 40 10 42 45 47 16 19 1.0
69 77 78 79 52 53 84 92 93 63 1.0
1 34 4 36 37 44 45 13 16 28 1.0
64 67 74 82 51 85 60 61 95 63 1.0
32 2 40 11 44 13 47 17 22 26 1.0
89 68 74 81 83 84 51 88 57 61 1.0
32 34 5 9 10 42 13 46 48 19 1.0
96 68 74 75 91 79 86 62 88 94 1.0
0 34 35 36 8 47 20 22 23 26 1.0
70 72 59 75 83 90 91 60 61 95 1.0
33 35 36 38 9 42 12 47 16 20 1.0
64 96 69 77 78 85 56 91 94 95 1.0
32 4 38 9 10 44 13 12 23 29 1.0
65 68 70 80 81 63 54 88 61 95 1.0
33 35 5 15 22 24 26 28 29 30 1.0
64 74 77 50 84 85 55 56 92 61 1.0
33 35 37 39 10 15 16 48 23 24 1.0
65 98 70 77 79 82 52 54 87 88 1.0
1 3 35 6 8 45 17 18 21 24 1.0
64 96 99 68 58 70 79 84 90 60 1.0
2 3 6 7 11 13 15 49 24 29 1.0
72 75 78 50 83 52 55 89 91 61 1.0
2 5 40 42 15 16 24 25 26 28 1.0
97 67 99 77 82 52 53 84 89 91 1.0
33 1 36 37 7 8 43 45 46 27 1.0
98 99 71 82 83 52 56 57 60 93 1.0
4 37 6 45 15 47 17 18 22 26 1.0
64 89 66 99 75 78 81 82 57 95 1.0
32 4 6 7 11 46 15 25 28 29 1.0
65 99 84 54 87 88 57 58 60 94 1.0
3 4 38 44 20 24 25 26 28 30 1.0
65 76 77 80 83 51 86 59 60 61 1.0
32 8 14 16 17 49 20 21 22 29 1.0
97 67 70 78 79 83 52 86 88 95 1.0
32 0 34 33 37 38 41 11 14 48 1.0
97 99 50 83 53 86 88 63 62 95 1.0
1 3 36 6 39 38 14 15 24 27 1.0
98 69 75 82 55 87 57 58 61 94 1.0
33 2 7 40 9 10 48 22 23 28 1.0
66 99 70 81 85 55 56 90 91 63 1.0
0 33 34 38 39 7 40 11 44 31 1.0
66 72 78 79 81 83 53 55 89 91 1.0
33 7 12 13 47 20 25 26 29 31 1.0
65 66 99 98 70 71 52 87 92 62 1.0
34 35 37 38 8 9 42 46 25 31 1.0
72 76 81 93 84 54 56 57 60 61 1.0
1 34 5 11 47 48 49 16 25 31 1.0
64 97 67 70 54 88 58 91 93 95 1.0
3 14 15 16 17 46 47 22 27 30 1.0
69 73 75 76 80 83 86 89 60 61 1.0
32 0 35 36 14 47 49 19 21 22 1.0
97 67 70 72 59 80 81 89 91 92 1.0
10 14 47 46 17 49 18 20 19 26 1.0
64 96 99 71 73 75 79 91 93 62 1.0
3 37 38 41 16 18 23 25 27 28 1.0
65 66 67 60 83 53 54 58 92 62 1.0
35 10 42 13 47 48 19 23 25 28 1.0
64 68 70 79 50 51 84 55 91 93 1.0
34 36 38 39 10 43 15 48 16 25 1.0
98 68 78 79 51 54 87 56 60 94 1.0
0 34 37 38 39 43 15 24 28 29 1.0
97 66 72 76 80 50 54 88 57 95 1.0
34 35 36 8 12 14 22 23 26 31 1.0
98 67 69 71 86 87 56 90 91 93 1.0
0 1 34 36 4 7 8 45 18 21 1.0
98 66 69 73 74 75 52 62 91 94 1.0
32 0 33 7 44 49 18 22 25 31 1.0
65 69 71 73 85 55 57 92 93 62 1.0
38 7 8 9 41 12 16 19 26 30 1.0
66 69 76 80 82 52 85 55 94 63 1.0
1 36 37 9 11 47 16 20 26 28 1.0
96 65 70 81 50 87 57 58 59 62 1.0
2 36 5 6 39 40 9 41 44 20 1.0
66 98 68 69 73 79 86 92 93 94 1.0
5 9 43 12 13 15 20 28 29 31 1.0
71 73 78 80 82 52 88 90 91 60 1.0
34 35 4 7 41 9 44 47 28 29 1.0
65 97 99 70 72 77 52 54 89 92 1.0
0 35 39 8 45 48 20 21 25 26 1.0
64 97 98 73 76 83 53 88 60 95 1.0
33 35 11 45 15 18 22 28 29 30 1.0
97 67 69 70 79 83 84 86 87 62 1.0
32 36 8 9 10 45 49 18 24 26 1.0
97 67 99 71 76 80 52 54 87 90 1.0
1 34 33 36 6 42 43 17 19 22 1.0
64 98 66 72 80 50 52 92 94 95 1.0
0 39 8 40 42 14 23 26 29 30 1.0
65 66 99 68 69 73 85 53 90 62 1.0
1 2 35 8 42 11 47 16 48 30 1.0
98 73 76 78 81 50 51 90 59 61 1.0
32 3 38 6 43 13 45 48 20 22 1.0
66 71 75 92 81 51 83 60 93 95 1.0
2 35 38 10 44 20 23 27 29 30 1.0
69 90 82 52 53 54 57 58 92 95 1.0
32 0 5 38 7 43 13 14 23 30 1.0
96 69 79 50 51 53 88 59 60 62 1.0
0 1 2 35 3 43 12 46 17 31 1.0
98 99 70 79 63 83 85 60 61 95 1.0
32 35 11 16 48 19 21 23 24 28 1.0
99 70 73 82 50 93 55 88 61 95 1.0
7 39 8 9 12 17 49 18 26 31 1.0
96 99 70 73 74 85 57 60 94 95 1.0
2 35 41 42 9 14 48 49 22 24 1.0
64 98 67 68 80 83 86 54 87 91 1.0
32 2 3 37 6 48 16 28 29 31 1.0
96 67 99 77 84 54 88 57 61 62 1.0
2 5 38 39 40 43 45 17 19 30 1.0
64 96 68 73 79 50 58 60 62 63 1.0
0 2 3 39 7 8 44 15 16 18 1.0
67 71 72 75 76 82 53 88 59 62 1.0
34 36 8 9 10 43 12 42 20 21 1.0
97 80 82 50 53 87 56 57 58 62 1.0
0 2 6 17 20 23 24 25 30 31 1.0
96 67 76 77 51 54 55 57 58 94 1.0
33 34 46 47 16 48 14 20 24 31 1.0
64 66 68 72 73 77 80 82 57 94 1.0
34 4 38 39 8 40 9 45 48 18 1.0
98 69 77 79 80 50 53 54 62 63 1.0
32 1 34 36 40 8 44 18 23 26 1.0
64 98 67 58 69 70 85 90 92 94 1.0
35 9 43 44 45 47 16 25 26 31 1.0
68 58 70 76 52 84 56 90 59 94 1.0
2 35 40 12 47 49 18 25 28 31 1.0
70 76 79 81 52 84 56 89 90 57 1.0
1 34 2 38 44 12 20 23 24 25 1.0
58 71 79 82 85 53 90 59 94 63 1.0
32 1 3 37 38 8 10 44 15 22 1.0
64 97 68 73 78 52 53 56 58 91 1.0
0 33 34 36 39 9 10 48 21 29 1.0
98 67 70 76 77 81 53 59 92 93 1.0
2 3 4 14 15 48 16 19 24 27 1.0
66 73 74 80 50 51 84 91 61 63 1.0
32 37 5 38 7 11 14 47 15 31 1.0
65 98 74 79 81 50 87 89 92 94 1.0
35 6 38 10 43 42 13 20 30 31 1.0
99 69 78 79 80 81 84 88 92 94 1.0
33 35 38 41 12 16 17 18 27 31 1.0
98 81 61 87 55 62 59 93 94 95 1.0
34 35 39 42 45 14 47 16 49 22 1.0
72 79 50 51 83 87 57 91 94 95 1.0
0 3 40 41 44 13 12 15 47 24 1.0
96 66 68 69 73 78 80 82 86 87 1.0
1 2 3 5 8 14 47 48 17 24 1.0
99 73 77 80 82 83 54 86 87 62 1.0
1 33 8 41 43 14 47 46 17 25 1.0
64 98 67 70 60 87 56 58 92 93 1.0
32 1 41 10 12 45 48 18 19 27 1.0
65 66 71 76 81 50 87 88 92 95 1.0
1 3 6 7 9 44 49 23 28 31 1.0
98 99 71 74 79 81 51 59 60 63 1.0
33 2 35 38 8 44 45 13 18 26 1.0
64 97 66 68 78 51 52 87 92 94 1.0
0 3 10 42 13 45 18 20 25 29 1.0
96 66 75 76 51 84 87 59 92 95 1.0
32 0 37 5 41 11 12 48 25 29 1.0
96 65 98 68 70 71 51 52 55 91 1.0
0 34 38 6 41 11 47 17 21 28 1.0
65 67 76 79 56 89 90 91 57 95 1.0
32 33 36 14 47 17 20 24 28 31 1.0
64 75 76 63 52 85 93 88 61 95 1.0
0 38 40 41 10 12 13 49 19 27 1.0
64 99 69 73 74 79 81 51 56 91 1.0
32 33 35 42 11 14 47 16 27 29 1.0
64 97 65 70 72 85 54 58 60 94 1.0
36 5 43 46 17 20 22 24 25 30 1.0
65 75 80 81 87 88 56 92 61 94 1.0
34 3 2 11 44 16 20 21 25 27 1.0
68 74 79 80 83 51 87 57 60 95 1.0
40 9 10 11 45 14 18 19 22 28 1.0
67 70 74 75 76 78 79 94 62 95 1.0
6 9 44 15 48 20 24 25 26 27 1.0
71 73 75 78 79 80 82 51 92 61 1.0
37 40 9 45 46 15 49 18 25 26 1.0
97 65 99 68 72 83 56 57 93 95 1.0
1 3 5 6 7 39 40 43 45 47 1.0
73 76 81 51 85 87 88 58 93 94 1.0
33 34 6 10 45 48 19 21 27 28 1.0
67 72 73 74 83 55 54 87 57 61 1.0
2 35 36 4 12 15 16 48 22 27 1.0
64 65 68 70 73 75 81 56 60 61 1.0
32 33 36 37 6 43 45 23 27 31 1.0
96 65 99 72 79 82 53 86 89 61 1.0
1 40 41 43 13 45 15 49 20 25 1.0
77 78 81 52 54 55 88 89 87 94 1.0
34 2 7 11 13 47 16 21 24 25 1.0
96 69 79 81 82 51 52 54 55 93 1.0
32 33 1 4 42 43 49 17 21 28 1.0
64 67 68 73 77 81 54 87 60 61 1.0
33 7 9 44 46 49 20 22 30 31 1.0
97 98 74 77 60 80 50 52 92 93 1.0
2 35 37 7 44 13 45 49 19 22 1.0
96 65 98 71 72 73 79 81 54 92 1.0
32 3 37 8 41 10 11 15 18 24 1.0
96 72 76 79 80 81 83 89 58 93 1.0
32 35 12 46 48 49 19 20 25 29 1.0
65 72 81 84 55 54 86 89 93 62 1.0
35 4 36 5 9 44 13 48 18 26 1.0
98 68 76 77 78 79 81 50 58 62 1.0
0 2 35 6 39 8 10 43 16 28 1.0
67 69 71 76 51 52 86 55 57 58 1.0
5 38 39 40 8 43 13 18 23 27 1.0
96 97 69 78 51 85 55 88 59 63 1.0
33 36 4 40 42 44 14 21 25 26 1.0
64 65 72 82 54 90 59 93 62 95 1.0
38 8 43 14 15 16 49 17 25 27 1.0
68 73 77 80 50 51 87 89 91 60 1.0
2 37 38 9 43 13 15 47 27 31 1.0
64 71 79 80 81 51 52 53 85 87 1.0
0 1 34 3 36 9 14 17 18 27 1.0
97 67 68 71 72 82 83 54 58 63 1.0
32 34 37 40 43 45 47 48 20 27 1.0
68 71 72 75 78 80 82 87 57 95 1.0
0 1 2 35 34 39 44 48 30 31 1.0
98 67 72 73 75 81 53 87 56 59 1.0
1 34 33 11 43 44 14 48 21 22 1.0
66 99 73 74 80 89 90 91 92 95 1.0
2 34 5 8 9 43 13 14 48 21 1.0
73 79 85 86 55 57 90 60 93 62 1.0
0 9 43 44 13 14 15 18 21 30 1.0
65 99 68 67 71 81 53 88 56 63 1.0
39 42 10 15 19 20 24 27 28 30 1.0
66 99 74 76 77 53 56 89 58 60 1.0
35 36 38 39 49 23 24 27 29 30 1.0
64 65 68 72 82 52 54 57 58 95 1.0
1 3 36 38 9 11 17 18 28 31 1.0
64 65 72 74 75 82 86 87 92 61 1.0
32 3 37 8 11 48 22 23 26 29 1.0
97 66 99 75 76 81 83 84 85 94 1.0
2 37 40 43 45 15 16 49 24 27 1.0
73 76 82 55 87 56 57 90 61 62 1.0
0 5 37 39 8 43 47 15 22 23 1.0
65 66 68 77 84 54 86 57 90 63 1.0
36 15 48 20 21 22 23 27 30 31 1.0
64 89 98 72 76 77 88 57 58 91 1.0
32 0 2 3 6 40 10 14 18 23 1.0
65 70 72 73 74 52 86 87 58 93 1.0
32 9 11 44 48 17 20 26 29 30 1.0
64 78 79 83 51 93 87 57 61 62 1.0
2 34 37 11 18 23 25 27 28 30 1.0
65 70 73 60 78 53 87 88 59 92 1.0
4 5 6 41 44 13 14 47 49 19 1.0
97 98 67 66 72 73 79 91 61 63 1.0
32 1 41 42 47 15 49 27 30 31 1.0
65 98 70 75 52 85 86 58 62 63 1.0
32 38 7 9 15 16 18 20 21 26 1.0
66 99 79 82 53 54 57 91 93 62 1.0
3 6 39 41 14 22 23 24 27 30 1.0
73 75 76 78 79 84 86 87 56 61 1.0
0 1 2 3 34 7 15 23 25 29 1.0
66 68 75 76 82 52 85 54 53 61 1.0
0 3 35 37 10 13 19 20 23 29 1.0
99 68 69 76 85 86 56 90 61 62 1.0
36 9 41 44 14 47 17 49 21 30 1.0
73 77 80 81 51 53 87 55 57 90 1.0
34 3 36 7 39 44 16 17 19 23 1.0
99 74 81 84 85 86 87 90 91 61 1.0
0 36 37 39 40 42 12 48 25 30 1.0
64 97 98 65 78 83 53 57 91 95 1.0
0 33 3 6 40 11 45 48 20 24 1.0
96 70 75 77 78 80 50 85 57 94 1.0
0 35 36 6 38 8 9 14 46 49 1.0
98 69 80 82 52 87 56 57 58 60 1.0
34 2 41 42 43 15 18 19 25 29 1.0
65 69 73 82 83 52 84 57 58 62 1.0
32 33 36 9 44 14 15 19 26 29 1.0
64 73 76 52 53 55 57 60 94 95 1.0
33 35 36 38 43 47 16 48 15 29 1.0
98 67 99 74 77 50 83 52 86 95 1.0
3 5 38 7 9 42 43 11 16 20 1.0
96 97 66 67 70 73 79 50 55 57 1.0
3 39 40 9 11 12 45 13 48 24 1.0
96 73 60 85 86 54 87 92 61 94 1.0
1 38 7 10 42 43 14 48 23 28 1.0
98 73 91 77 60 84 54 58 59 92 1.0
2 4 7 9 42 10 12 16 48 27 1.0
70 73 76 50 54 89 91 60 61 95 1.0
32 1 34 35 36 41 12 14 47 21 1.0
64 97 67 68 54 55 56 57 58 91 1.0
1 34 38 6 41 42 46 16 29 30 1.0
97 70 71 74 50 51 83 54 59 63 1.0
33 37 7 10 44 45 12 48 18 24 1.0
64 90 71 72 82 51 53 86 88 58 1.0
5 6 9 42 10 44 48 18 20 30 1.0
64 96 67 99 90 82 83 57 58 92 1.0
1 5 8 41 13 48 19 22 26 27 1.0
64 68 75 80 81 50 51 55 94 95 1.0
32 33 3 40 13 45 46 22 23 25 1.0
65 68 59 74 51 52 53 86 91 92 1.0
7 42 11 45 17 24 25 26 30 31 1.0
98 66 68 72 75 79 81 83 84 57 1.0
35 37 6 39 40 41 10 14 23 26 1.0
66 70 73 80 83 53 54 88 61 94 1.0
0 37 11 44 47 17 19 25 30 31 1.0
71 77 60 84 53 86 55 91 92 63 1.0
37 43 44 18 20 22 23 24 25 30 1.0
67 79 80 81 52 54 87 90 91 63 1.0
32 34 2 36 35 39 9 17 24 26 1.0
96 72 79 80 81 82 83 86 59 62 1.0
1 34 40 9 42 11 46 15 21 30 1.0
64 98 81 52 85 87 89 58 59 60 1.0
0 32 33 35 5 37 7 16 48 24 1.0
66 98 67 82 51 53 86 56 89 62 1.0
1 36 41 42 12 45 18 21 28 29 1.0
64 66 71 50 53 95 56 90 62 63 1.0
3 36 39 41 42 11 12 46 16 27 1.0
65 99 73 75 84 85 54 58 91 61 1.0
4 37 6 8 41 42 46 15 18 20 1.0
89 66 70 75 50 86 88 57 58 63 1.0
32 34 36 5 4 40 41 43 46 48 1.0
70 71 77 79 55 87 90 91 95 63 1.0
34 35 10 43 44 14 49 18 17 27 1.0
96 65 66 68 69 70 78 79 85 93 1.0
38 9 10 41 45 14 15 13 19 23 1.0
65 99 71 75 79 51 52 88 57 58 1.0
32 34 35 36 5 6 8 45 17 29 1.0
64 65 66 99 82 51 87 89 93 62 1.0
33 3 37 45 15 47 17 18 20 21 1.0
98 73 79 81 52 85 87 57 63 95 1.0
0 32 3 6 39 38 40 24 30 31 1.0
70 73 75 78 81 83 84 51 56 59 1.0
36 39 11 43 13 44 15 20 21 29 1.0
97 98 66 69 71 73 74 80 82 83 1.0
33 3 37 38 39 46 49 24 25 30 1.0
69 70 72 79 82 51 53 55 58 60 1.0
34 6 41 13 45 15 20 24 27 31 1.0
97 65 70 76 77 80 81 82 57 92 1.0
1 37 38 41 42 9 17 21 25 27 1.0
97 66 75 76 81 50 51 56 58 95 1.0
3 7 41 15 48 18 24 25 27 29 1.0
99 68 70 79 80 84 85 56 59 95 1.0
6 7 10 13 14 49 19 25 28 31 1.0
66 72 73 76 51 87 88 90 91 92 1.0
0 36 6 7 41 13 48 23 24 25 1.0
65 98 71 72 74 81 82 55 56 59 1.0
0 33 34 32 5 40 9 12 15 31 1.0
96 97 68 70 71 76 82 54 86 57 1.0
0 1 37 39 10 44 14 19 20 24 1.0
98 99 67 71 77 79 81 54 56 61 1.0
32 1 34 36 11 45 20 22 23 29 1.0
66 67 78 83 53 56 88 61 94 95 1.0
38 7 43 44 15 16 22 28 29 31 1.0
97 75 81 52 87 94 89 60 62 57 1.0
32 34 6 40 10 47 16 20 23 24 1.0
65 97 67 74 85 87 56 57 58 91 1.0
37 6 42 47 48 16 18 28 30 31 1.0
64 67 73 76 83 52 53 87 93 94 1.0
32 33 34 36 42 10 44 13 16 30 1.0
96 68 71 77 80 85 88 90 60 62 1.0
38 39 40 14 47 23 24 25 30 31 1.0
66 67 77 83 52 55 85 87 54 94 1.0
1 37 38 7 40 9 14 24 28 29 1.0
65 71 72 76 78 87 88 91 62 95 1.0
35 4 42 11 13 15 20 21 22 26 1.0
96 71 73 79 51 86 54 58 92 62 1.0
1 5 37 39 11 49 21 23 30 31 1.0
96 65 66 71 83 84 86 55 91 94 1.0
3 4 9 42 46 15 48 20 23 25 1.0
65 67 72 78 81 50 52 88 60 94 1.0
0 1 34 2 37 6 39 8 22 25 1.0
97 65 68 70 55 54 87 90 61 95 1.0
33 4 41 10 44 46 49 19 20 27 1.0
64 72 77 79 51 83 56 91 92 93 1.0
0 32 37 7 40 9 10 48 19 30 1.0
99 68 70 78 79 81 93 85 86 61 1.0
0 35 37 6 42 43 12 47 49 24 1.0
98 67 72 81 83 52 87 57 61 62 1.0
32 0 36 7 41 13 47 22 27 31 1.0
66 67 68 70 75 78 50 56 58 92 1.0
32 34 5 39 40 44 47 49 22 29 1.0
64 66 99 76 82 51 83 54 87 57 1.0
33 3 35 6 8 9 14 49 18 29 1.0
99 77 79 53 54 87 88 59 60 93 1.0
1 40 11 14 17 19 23 27 28 30 1.0
66 71 75 76 82 84 56 90 88 93 1.0
33 34 4 38 39 48 18 22 25 26 1.0
97 66 76 77 78 79 83 53 54 94 1.0
2 35 36 37 12 13 20 22 26 29 1.0
64 70 73 79 92 53 54 87 56 60 1.0
1 3 36 6 39 40 48 28 30 31 1.0
96 66 67 68 74 76 78 79 54 60 1.0
0 34 40 42 10 14 15 23 29 30 1.0
64 97 73 78 81 54 88 89 56 59 1.0
32 2 35 14 15 20 23 28 30 31 1.0
96 97 68 71 72 74 82 53 94 63 1.0
36 42 11 46 48 18 22 24 28 31 1.0
65 67 69 82 85 55 56 58 91 92 1.0
0 4 40 44 12 14 47 20 22 26 1.0
96 64 73 50 52 54 90 91 60 93 1.0
0 35 12 44 46 17 21 23 24 27 1.0
65 99 70 71 76 54 56 90 63 95 1.0
2 34 5 7 39 48 49 16 22 29 1.0
98 76 82 53 54 55 57 91 92 94 1.0
32 38 41 10 15 16 47 48 23 29 1.0
69 77 78 79 80 50 53 54 55 90 1.0
0 3 4 6 40 41 42 43 14 48 1.0
64 97 73 74 81 51 93 56 61 94 1.0
32 34 3 37 38 7 12 16 49 29 1.0
67 69 77 82 93 57 90 59 61 63 1.0
34 36 39 42 12 13 46 47 48 28 1.0
65 71 72 73 87 88 57 91 61 95 1.0
32 0 5 11 46 14 19 20 21 26 1.0
66 72 82 52 53 56 58 59 93 62 1.0
33 36 5 4 7 42 44 18 21 30 1.0
99 73 82 84 85 89 90 93 62 57 1.0
0 38 41 42 43 44 13 46 45 22 1.0
64 97 96 73 82 51 84 55 59 92 1.0
33 34 38 40 46 15 18 19 20 31 1.0
96 98 69 70 75 80 53 86 89 95 1.0
1 34 38 9 13 45 18 19 24 30 1.0
71 74 76 60 51 88 90 92 94 63 1.0
1 2 5 7 45 14 47 16 46 28 1.0
97 70 71 73 78 80 83 51 86 93 1.0
1 3 36 38 39 41 10 45 21 27 1.0
64 97 67 76 79 86 89 92 61 57 1.0
35 36 8 40 12 45 14 48 27 31 1.0
97 65 70 71 75 78 83 56 58 93 1.0
0 4 6 7 39 14 47 46 26 29 1.0
64 98 69 71 73 82 51 85 89 57 1.0
32 1 4 36 40 8 43 13 15 17 1.0
96 65 98 81 50 51 82 86 87 54 1.0
0 33 32 2 36 44 49 25 27 29 1.0
99 71 76 50 85 56 90 91 60 63 1.0
32 34 4 36 9 11 12 16 49 23 1.0
65 72 73 80 50 82 87 57 90 59 1.0
0 32 3 5 42 11 12 19 29 31 1.0
65 67 71 75 81 51 84 57 61 95 1.0
33 35 5 38 8 43 46 47 20 24 1.0
64 97 75 76 53 57 92 61 62 63 1.0
0 4 37 40 43 44 45 21 25 28 1.0
96 66 99 69 74 76 77 78 80 53 1.0
33 36 37 11 13 16 19 27 29 30 1.0
66 71 91 78 79 53 54 87 59 62 1.0
1 35 3 6 10 43 16 49 19 20 1.0
98 70 72 77 52 53 86 55 91 61 1.0
1 7 9 10 43 48 49 18 19 28 1.0
64 99 68 79 85 88 57 91 61 95 1.0
33 37 8 40 41 43 44 46 17 24 1.0
69 73 76 77 82 53 54 85 57 62 1.0
32 3 36 38 43 47 49 21 25 31 1.0
67 71 77 79 82 50 52 59 62 63 1.0
0 7 9 41 12 13 14 22 25 30 1.0
99 70 74 93 85 95 58 61 62 63 1.0
3 36 6 9 10 44 14 47 18 22 1.0
71 73 74 76 80 50 63 90 93 95 1.0
34 3 7 41 42 13 47 48 24 27 1.0
96 65 66 77 80 83 56 91 94 95 1.0
34 3 4 5 42 44 17 18 24 28 1.0
64 73 81 82 85 86 87 55 58 63 1.0
33 38 39 14 15 47 20 21 27 31 1.0
65 70 77 78 80 53 58 91 60 93 1.0
