40 99 5 1.0
51 21 47 1.0
1 82 19 1.0
57 10 7 1.0
96 38 55 1.0
24 68 31 1.0
91 12 85 1.0
74 19 62 1.0
49 78 79 1.0
67 19 31 1.0
33 75 69 1.0
72 25 23 1.0
57 60 38 1.0
3 91 4 1.0
58 77 45 1.0
88 42 15 1.0
56 86 39 1.0
89 26 66 1.0
16 44 70 1.0
80 9 74 1.0
33 69 23 1.0
40 33 61 1.0
96 40 78 1.0
51 13 95 1.0
73 34 86 1.0
8 17 71 1.0
16 75 15 1.0
56 11 78 1.0
48 18 59 1.0
74 59 44 1.0
75 27 20 1.0
24 56 78 1.0
47 63 95 1.0
48 65 18 1.0
41 98 62 1.0
58 11 71 1.0
73 84 21 1.0
64 16 50 1.0
32 92 55 1.0
88 9 32 1.0
36 77 55 1.0
99 53 31 1.0
81 3 13 1.0
58 27 34 1.0
24 90 45 1.0
10 99 60 1.0
56 77 15 1.0
72 89 23 1.0
89 1 18 1.0
56 45 63 1.0
33 54 14 1.0
27 45 95 1.0
80 48 47 1.0
96 18 77 1.0
35 75 51 1.0
99 35 54 1.0
85 22 71 1.0
0 57 14 1.0
97 4 46 1.0
17 74 90 1.0
24 33 78 1.0
98 30 63 1.0
59 21 55 1.0
18 67 71 1.0
42 90 70 1.0
9 66 15 1.0
66 77 29 1.0
54 4 46 1.0
24 57 9 1.0
97 12 29 1.0
1 99 86 1.0
96 65 21 1.0
38 90 86 1.0
56 50 46 1.0
33 18 59 1.0
59 3 31 1.0
64 26 84 1.0
94 84 44 1.0
46 89 97 1.0
48 76 14 1.0
2 13 69 1.0
70 22 6 1.0
9 93 25 1.0
25 75 44 1.0
48 57 50 1.0
75 79 39 1.0
8 96 13 1.0
24 9 85 1.0
40 82 77 1.0
41 44 60 1.0
11 29 71 1.0
88 84 36 1.0
86 19 38 1.0
96 88 23 1.0
5 70 71 1.0
96 11 39 1.0
50 26 47 1.0
21 77 63 1.0
3 53 78 1.0
19 60 94 1.0
8 99 63 1.0
10 38 79 1.0
73 98 12 1.0
91 84 47 1.0
96 10 86 1.0
16 10 56 1.0
97 34 31 1.0
11 73 35 1.0
3 30 63 1.0
27 93 15 1.0
26 76 71 1.0
52 21 63 1.0
25 52 46 1.0
73 51 22 1.0
89 68 6 1.0
89 11 47 1.0
18 60 70 1.0
35 11 55 1.0
81 74 21 1.0
96 34 80 1.0
56 43 91 1.0
48 58 2 1.0
56 11 13 1.0
32 29 95 1.0
10 66 37 1.0
74 19 79 1.0
64 53 46 1.0
33 29 63 1.0
48 91 29 1.0
13 90 45 1.0
57 26 44 1.0
90 66 22 1.0
65 37 39 1.0
24 4 93 1.0
72 59 47 1.0
72 33 79 1.0
64 67 36 1.0
51 78 22 1.0
72 1 19 1.0
43 35 76 1.0
88 9 97 1.0
5 69 14 1.0
51 4 22 1.0
10 91 63 1.0
24 57 80 1.0
41 99 38 1.0
80 41 83 1.0
81 9 83 1.0
11 34 51 1.0
40 34 60 1.0
33 61 62 1.0
27 52 38 1.0
56 34 4 1.0
1 68 38 1.0
89 90 17 1.0
66 10 28 1.0
32 88 13 1.0
35 5 63 1.0
57 62 47 1.0
33 58 92 1.0
16 10 77 1.0
89 28 69 1.0
50 3 23 1.0
8 9 59 1.0
8 59 94 1.0
64 48 14 1.0
80 37 29 1.0
17 1 94 1.0
16 29 63 1.0
48 82 79 1.0
42 60 79 1.0
52 4 14 1.0
24 16 74 1.0
60 12 78 1.0
24 25 86 1.0
83 93 6 1.0
64 49 40 1.0
73 21 93 1.0
25 42 92 1.0
57 28 46 1.0
27 78 71 1.0
80 75 14 1.0
36 94 95 1.0
96 2 20 1.0
41 90 69 1.0
41 99 71 1.0
8 0 94 1.0
58 66 15 1.0
82 99 29 1.0
73 29 22 1.0
81 2 95 1.0
35 83 19 1.0
92 5 68 1.0
75 44 37 1.0
24 82 71 1.0
41 75 1 1.0
65 9 98 1.0
93 6 39 1.0
10 31 87 1.0
42 91 77 1.0
41 37 69 1.0
98 4 44 1.0
16 90 36 1.0
81 2 27 1.0
96 43 44 1.0
50 28 71 1.0
65 4 47 1.0
34 67 29 1.0
82 76 38 1.0
98 27 30 1.0
3 84 44 1.0
73 85 30 1.0
9 19 60 1.0
89 98 5 1.0
73 12 29 1.0
76 29 71 1.0
24 48 96 1.0
49 98 38 1.0
50 68 38 1.0
58 46 79 1.0
96 49 47 1.0
66 3 5 1.0
73 26 47 1.0
2 86 39 1.0
97 52 14 1.0
42 95 23 1.0
66 29 55 1.0
9 92 7 1.0
57 84 45 1.0
26 51 38 1.0
56 29 93 1.0
88 92 47 1.0
8 81 67 1.0
73 23 15 1.0
36 53 15 1.0
2 60 29 1.0
80 3 60 1.0
62 40 86 1.0
18 12 78 1.0
93 68 45 1.0
80 43 37 1.0
32 57 85 1.0
88 74 4 1.0
98 62 7 1.0
32 88 60 1.0
65 25 44 1.0
20 28 71 1.0
72 74 5 1.0
65 10 4 1.0
8 93 79 1.0
8 42 32 1.0
57 60 78 1.0
13 6 15 1.0
89 86 79 1.0
29 22 15 1.0
72 99 76 1.0
34 4 44 1.0
72 66 56 1.0
33 26 1 1.0
72 83 79 1.0
32 41 48 1.0
58 53 77 1.0
4 14 31 1.0
98 99 84 1.0
26 3 28 1.0
96 97 85 1.0
48 49 27 1.0
56 93 94 1.0
40 13 45 1.0
65 91 52 1.0
18 28 21 1.0
64 51 61 1.0
8 43 31 1.0
67 59 61 1.0
1 15 41 1.0
98 71 79 1.0
19 30 47 1.0
75 85 87 1.0
17 11 4 1.0
90 82 63 1.0
37 22 7 1.0
72 83 75 1.0
0 24 7 1.0
73 99 57 1.0
19 5 47 1.0
98 52 60 1.0
20 21 6 1.0
86 53 54 1.0
24 20 46 1.0
78 70 63 1.0
35 5 47 1.0
88 81 70 1.0
1 28 45 1.0
50 84 79 1.0
3 21 22 1.0
90 75 66 1.0
12 22 36 1.0
65 97 78 1.0
32 12 46 1.0
56 64 92 1.0
32 21 31 1.0
72 64 62 1.0
49 4 13 1.0
72 75 61 1.0
48 9 28 1.0
67 52 79 1.0
24 49 43 1.0
90 74 62 1.0
0 9 42 1.0
88 81 87 1.0
0 35 46 1.0
98 82 53 1.0
41 36 47 1.0
89 73 82 1.0
40 29 13 1.0
96 98 61 1.0
38 24 6 1.0
72 53 78 1.0
16 41 9 1.0
70 86 63 1.0
24 25 13 1.0
64 51 93 1.0
48 3 23 1.0
81 85 55 1.0
4 5 38 1.0
56 51 79 1.0
40 11 5 1.0
57 91 51 1.0
20 4 39 1.0
81 91 71 1.0
8 1 31 1.0
54 91 78 1.0
40 21 22 1.0
96 75 87 1.0
25 18 27 1.0
72 70 86 1.0
41 5 14 1.0
65 91 67 1.0
16 26 22 1.0
61 67 77 1.0
24 47 15 1.0
56 57 86 1.0
0 24 28 1.0
88 54 63 1.0
4 13 15 1.0
77 62 63 1.0
43 34 35 1.0
75 61 54 1.0
0 34 29 1.0
74 59 70 1.0
16 44 39 1.0
56 58 62 1.0
48 42 35 1.0
67 82 51 1.0
29 45 23 1.0
74 83 79 1.0
27 20 23 1.0
96 59 61 1.0
34 46 31 1.0
97 91 76 1.0
18 43 5 1.0
54 83 78 1.0
24 0 6 1.0
58 66 69 1.0
49 11 9 1.0
80 82 54 1.0
32 42 6 1.0
64 61 95 1.0
11 30 31 1.0
56 65 53 1.0
25 11 37 1.0
90 92 61 1.0
0 17 7 1.0
72 73 70 1.0
40 38 31 1.0
96 72 92 1.0
25 29 22 1.0
80 77 87 1.0
41 2 27 1.0
67 68 85 1.0
35 14 15 1.0
53 79 87 1.0
48 0 26 1.0
96 57 50 1.0
33 18 6 1.0
83 84 93 1.0
49 35 38 1.0
51 62 95 1.0
1 27 39 1.0
80 65 75 1.0
8 25 28 1.0
82 83 92 1.0
33 43 47 1.0
78 99 54 1.0
9 37 39 1.0
96 78 86 1.0
34 44 20 1.0
96 59 83 1.0
1 42 18 1.0
62 70 55 1.0
41 21 30 1.0
50 68 92 1.0
16 18 6 1.0
58 74 78 1.0
29 37 30 1.0
65 77 71 1.0
45 44 28 1.0
73 90 71 1.0
33 29 7 1.0
97 74 63 1.0
1 44 45 1.0
96 85 55 1.0
32 44 46 1.0
83 68 78 1.0
0 33 28 1.0
72 60 55 1.0
35 6 31 1.0
82 75 84 1.0
45 37 13 1.0
97 90 69 1.0
40 2 6 1.0
88 89 76 1.0
16 10 47 1.0
88 75 87 1.0
8 26 19 1.0
88 98 93 1.0
40 15 39 1.0
51 76 85 1.0
41 12 25 1.0
74 75 98 1.0
9 11 45 1.0
62 94 63 1.0
3 21 30 1.0
80 72 53 1.0
9 31 49 1.0
81 85 87 1.0
1 4 41 1.0
72 97 51 1.0
25 2 12 1.0
81 50 66 1.0
26 28 37 1.0
77 95 87 1.0
27 29 22 1.0
82 53 63 1.0
18 36 6 1.0
80 58 55 1.0
1 6 47 1.0
83 77 79 1.0
0 16 19 1.0
72 73 83 1.0
2 27 12 1.0
73 54 78 1.0
10 27 5 1.0
50 75 53 1.0
16 25 39 1.0
66 83 53 1.0
8 25 19 1.0
84 53 94 1.0
25 13 15 1.0
81 51 93 1.0
48 17 20 1.0
82 94 79 1.0
16 48 37 1.0
66 90 95 1.0
37 6 31 1.0
66 67 68 1.0
42 2 4 1.0
72 66 76 1.0
13 22 39 1.0
64 56 58 1.0
17 43 45 1.0
89 70 95 1.0
12 6 22 1.0
83 68 87 1.0
41 43 13 1.0
68 93 55 1.0
48 5 39 1.0
64 66 91 1.0
34 27 15 1.0
88 73 59 1.0
10 22 7 1.0
65 77 70 1.0
36 13 14 1.0
69 78 95 1.0
24 44 45 1.0
73 93 94 1.0
4 12 38 1.0
96 98 72 1.0
1 3 28 1.0
89 67 62 1.0
16 11 4 1.0
80 74 94 1.0
8 41 36 1.0
65 74 93 1.0
24 12 31 1.0
88 97 94 1.0
24 40 38 1.0
97 62 87 1.0
11 29 47 1.0
76 87 71 1.0
0 34 23 1.0
92 62 71 1.0
26 3 21 1.0
58 76 87 1.0
7 13 47 1.0
75 60 93 1.0
9 3 5 1.0
96 74 84 1.0
10 45 22 1.0
83 67 77 1.0
17 19 35 1.0
65 84 54 1.0
10 27 39 1.0
82 54 79 1.0
32 33 15 1.0
97 75 60 1.0
18 28 7 1.0
65 79 71 1.0
43 31 23 1.0
98 74 54 1.0
16 7 31 1.0
84 79 92 1.0
16 28 38 1.0
96 89 75 1.0
25 19 31 1.0
81 76 70 1.0
32 18 13 1.0
80 89 67 1.0
0 24 27 1.0
96 83 70 1.0
9 35 20 1.0
97 60 78 1.0
34 2 4 1.0
89 81 75 1.0
18 4 15 1.0
66 92 54 1.0
49 27 5 1.0
80 98 91 1.0
35 44 4 1.0
73 66 86 1.0
24 41 27 1.0
64 61 87 1.0
44 5 6 1.0
66 68 55 1.0
40 12 4 1.0
65 97 66 1.0
2 43 22 1.0
83 75 95 1.0
17 26 35 1.0
59 53 95 1.0
42 29 47 1.0
96 82 83 1.0
42 5 39 1.0
81 90 59 1.0
33 46 47 1.0
88 89 59 1.0
0 49 35 1.0
72 88 87 1.0
12 38 7 1.0
89 98 63 1.0
42 21 39 1.0
96 89 75 1.0
0 5 38 1.0
88 73 58 1.0
20 21 30 1.0
59 77 78 1.0
40 43 21 1.0
70 69 94 1.0
33 26 21 1.0
51 60 55 1.0
32 9 34 1.0
56 51 68 1.0
4 39 15 1.0
56 72 61 1.0
25 35 39 1.0
88 58 61 1.0
18 5 46 1.0
99 70 95 1.0
48 33 13 1.0
80 98 74 1.0
32 29 47 1.0
89 66 61 1.0
34 27 39 1.0
50 76 85 1.0
32 18 42 1.0
96 56 87 1.0
24 37 38 1.0
50 91 69 1.0
2 10 39 1.0
89 70 87 1.0
42 5 39 1.0
65 90 93 1.0
22 30 7 1.0
99 52 79 1.0
49 27 47 1.0
97 75 57 1.0
24 18 6 1.0
57 82 71 1.0
0 13 37 1.0
56 91 61 1.0
10 4 45 1.0
50 91 85 1.0
40 48 23 1.0
89 84 85 1.0
19 21 31 1.0
80 98 53 1.0
19 35 6 1.0
56 73 75 1.0
26 3 14 1.0
88 58 63 1.0
9 43 7 1.0
82 58 85 1.0
1 30 39 1.0
64 57 59 1.0
0 6 39 1.0
72 59 77 1.0
41 10 12 1.0
89 66 76 1.0
40 36 30 1.0
97 98 67 1.0
24 21 31 1.0
97 74 85 1.0
18 44 5 1.0
80 65 84 1.0
11 12 21 1.0
89 51 54 1.0
48 43 6 1.0
57 98 62 1.0
16 9 23 1.0
75 86 71 1.0
2 12 37 1.0
96 99 79 1.0
41 3 13 1.0
80 90 93 1.0
25 36 15 1.0
64 66 83 1.0
17 29 15 1.0
74 52 71 1.0
33 1 23 1.0
59 85 78 1.0
17 45 49 1.0
80 73 52 1.0
3 1 19 1.0
83 94 63 1.0
0 33 10 1.0
51 77 87 1.0
8 2 11 1.0
98 67 61 1.0
20 13 7 1.0
81 77 63 1.0
4 13 15 1.0
90 87 79 1.0
42 19 45 1.0
97 83 63 1.0
21 30 6 1.0
65 60 87 1.0
3 21 30 1.0
59 92 70 1.0
2 4 36 1.0
86 61 54 1.0
32 45 46 1.0
98 99 60 1.0
40 32 43 1.0
72 56 58 1.0
8 17 12 1.0
68 86 55 1.0
1 2 13 1.0
65 82 52 1.0
32 25 4 1.0
99 53 62 1.0
18 34 7 1.0
66 91 95 1.0
41 36 21 1.0
96 59 54 1.0
41 35 7 1.0
59 55 71 1.0
22 38 31 1.0
97 59 53 1.0
16 9 23 1.0
66 74 55 1.0
33 2 31 1.0
57 58 55 1.0
48 49 36 1.0
96 65 59 1.0
43 12 30 1.0
99 67 77 1.0
49 12 4 1.0
88 74 99 1.0
32 25 39 1.0
80 93 53 1.0
1 2 20 1.0
51 59 85 1.0
40 12 30 1.0
99 60 78 1.0
48 27 30 1.0
88 90 62 1.0
23 20 7 1.0
82 75 84 1.0
17 2 27 1.0
56 97 69 1.0
47 5 23 1.0
99 70 55 1.0
32 34 4 1.0
72 65 54 1.0
19 12 23 1.0
60 77 71 1.0
3 11 39 1.0
56 67 51 1.0
32 20 44 1.0
91 68 95 1.0
29 21 30 1.0
50 52 77 1.0
16 37 5 1.0
66 99 63 1.0
32 12 7 1.0
99 52 77 1.0
0 19 36 1.0
74 70 95 1.0
20 46 47 1.0
74 99 87 1.0
17 10 28 1.0
66 92 53 1.0
32 11 12 1.0
99 52 68 1.0
18 4 13 1.0
82 59 52 1.0
5 37 22 1.0
73 70 55 1.0
5 36 37 1.0
88 73 79 1.0
17 12 39 1.0
60 78 92 1.0
2 45 39 1.0
67 87 63 1.0
48 34 7 1.0
73 86 71 1.0
19 12 15 1.0
64 81 94 1.0
43 15 31 1.0
86 51 62 1.0
25 34 47 1.0
74 82 70 1.0
41 34 5 1.0
65 83 86 1.0
0 3 30 1.0
97 99 57 1.0
43 28 7 1.0
88 69 54 1.0
17 36 33 1.0
90 83 86 1.0
8 5 15 1.0
65 75 60 1.0
24 1 31 1.0
73 53 95 1.0
25 20 30 1.0
72 64 95 1.0
26 3 20 1.0
89 74 51 1.0
33 5 47 1.0
88 84 69 1.0
9 20 31 1.0
72 92 70 1.0
16 41 35 1.0
80 94 62 1.0
10 11 23 1.0
80 90 60 1.0
8 42 39 1.0
56 90 72 1.0
17 7 23 1.0
82 79 71 1.0
0 37 39 1.0
66 53 85 1.0
32 48 14 1.0
98 60 61 1.0
49 17 15 1.0
97 91 78 1.0
48 44 4 1.0
50 61 54 1.0
26 13 22 1.0
66 51 58 1.0
25 36 22 1.0
90 75 55 1.0
49 10 39 1.0
67 93 62 1.0
26 12 13 1.0
73 97 71 1.0
19 37 38 1.0
57 74 69 1.0
49 37 6 1.0
80 98 99 1.0
35 5 15 1.0
52 53 84 1.0
40 42 3 1.0
82 76 77 1.0
32 1 23 1.0
74 91 69 1.0
32 41 23 1.0
96 90 50 1.0
21 14 39 1.0
97 77 78 1.0
5 37 15 1.0
65 53 78 1.0
1 28 36 1.0
58 87 55 1.0
17 20 25 1.0
93 94 87 1.0
5 3 13 1.0
82 59 58 1.0
32 10 11 1.0
88 64 92 1.0
11 6 7 1.0
57 52 53 1.0
1 49 7 1.0
80 92 95 1.0
1 20 13 1.0
68 61 71 1.0
8 4 31 1.0
91 82 83 1.0
9 2 29 1.0
78 71 95 1.0
2 21 30 1.0
73 52 53 1.0
40 19 29 1.0
65 67 77 1.0
24 17 29 1.0
80 56 54 1.0
34 37 38 1.0
64 81 69 1.0
33 43 12 1.0
56 69 71 1.0
2 46 31 1.0
64 69 63 1.0
8 24 30 1.0
83 54 63 1.0
24 27 36 1.0
99 69 70 1.0
8 5 30 1.0
78 99 86 1.0
11 12 29 1.0
97 68 85 1.0
32 18 3 1.0
88 77 63 1.0
1 2 5 1.0
90 60 95 1.0
18 35 12 1.0
73 75 86 1.0
2 3 4 1.0
72 81 71 1.0
9 2 14 1.0
81 66 93 1.0
26 30 39 1.0
55 94 95 1.0
43 12 22 1.0
80 66 68 1.0
16 19 44 1.0
75 59 58 1.0
16 24 6 1.0
84 93 94 1.0
32 44 29 1.0
89 61 77 1.0
32 17 13 1.0
96 50 62 1.0
40 35 12 1.0
65 74 84 1.0
1 44 46 1.0
88 64 54 1.0
32 29 45 1.0
97 70 79 1.0
16 32 39 1.0
58 82 55 1.0
43 44 12 1.0
82 70 63 1.0
1 10 20 1.0
81 68 87 1.0
32 1 38 1.0
73 89 79 1.0
0 39 47 1.0
99 80 51 1.0
1 21 39 1.0
50 75 60 1.0
49 19 38 1.0
98 90 54 1.0
17 5 14 1.0
52 62 79 1.0
8 20 6 1.0
56 91 92 1.0
25 2 29 1.0
74 76 86 1.0
18 26 31 1.0
58 50 95 1.0
24 41 22 1.0
88 50 63 1.0
43 11 39 1.0
83 66 67 1.0
34 10 12 1.0
91 68 61 1.0
42 46 23 1.0
77 87 79 1.0
25 36 28 1.0
80 72 63 1.0
45 22 47 1.0
51 67 95 1.0
24 26 32 1.0
81 75 76 1.0
43 15 39 1.0
65 68 87 1.0
0 43 27 1.0
94 66 62 1.0
24 16 14 1.0
96 82 84 1.0
19 44 6 1.0
88 58 71 1.0
49 44 31 1.0
73 67 86 1.0
40 17 16 1.0
64 82 93 1.0
24 34 6 1.0
75 53 62 1.0
4 37 38 1.0
88 58 72 1.0
48 17 12 1.0
89 98 83 1.0
48 33 39 1.0
73 78 95 1.0
20 45 6 1.0
60 54 63 1.0
19 20 6 1.0
72 81 91 1.0
37 11 29 1.0
90 67 94 1.0
49 38 33 1.0
59 68 52 1.0
19 29 39 1.0
96 73 70 1.0
32 27 38 1.0
88 75 67 1.0
40 27 30 1.0
58 68 84 1.0
36 47 15 1.0
75 67 55 1.0
40 18 19 1.0
60 85 78 1.0
40 3 4 1.0
65 59 69 1.0
43 30 14 1.0
64 99 52 1.0
48 0 19 1.0
80 99 84 1.0
12 29 15 1.0
96 85 79 1.0
8 17 37 1.0
88 66 50 1.0
0 3 37 1.0
58 83 76 1.0
33 2 37 1.0
90 75 70 1.0
35 44 7 1.0
88 94 79 1.0
10 42 39 1.0
64 58 61 1.0
1 18 4 1.0
72 51 60 1.0
35 26 3 1.0
80 75 70 1.0
0 42 13 1.0
66 60 98 1.0
9 21 23 1.0
65 73 78 1.0
19 11 39 1.0
73 50 71 1.0
27 25 43 1.0
93 86 79 1.0
27 17 3 1.0
81 67 86 1.0
10 36 45 1.0
66 99 86 1.0
27 37 7 1.0
52 84 68 1.0
40 41 20 1.0
81 69 79 1.0
33 2 49 1.0
72 91 99 1.0
25 2 22 1.0
80 94 71 1.0
31 13 23 1.0
74 60 84 1.0
17 27 44 1.0
72 58 91 1.0
26 27 20 1.0
96 89 83 1.0
2 19 44 1.0
97 61 70 1.0
24 3 38 1.0
64 58 85 1.0
41 27 45 1.0
80 89 98 1.0
43 42 27 1.0
99 61 95 1.0
4 22 30 1.0
51 77 87 1.0
3 20 29 1.0
57 52 55 1.0
24 32 46 1.0
65 50 57 1.0
12 29 22 1.0
96 74 52 1.0
33 10 29 1.0
96 67 68 1.0
8 1 10 1.0
65 83 86 1.0
25 12 4 1.0
97 51 53 1.0
27 46 7 1.0
82 99 98 1.0
40 46 47 1.0
73 75 61 1.0
0 41 28 1.0
64 74 69 1.0
35 4 14 1.0
75 76 62 1.0
1 12 13 1.0
97 74 58 1.0
8 37 38 1.0
67 61 94 1.0
16 4 21 1.0
72 81 99 1.0
33 42 12 1.0
74 75 77 1.0
18 3 36 1.0
64 92 53 1.0
40 36 30 1.0
75 99 52 1.0
11 35 13 1.0
66 82 62 1.0
40 19 39 1.0
82 77 95 1.0
46 35 14 1.0
80 92 53 1.0
48 0 21 1.0
82 61 54 1.0
33 37 23 1.0
99 68 94 1.0
1 4 21 1.0
81 87 71 1.0
24 13 15 1.0
72 73 84 1.0
25 11 12 1.0
80 85 79 1.0
32 46 7 1.0
56 90 75 1.0
33 18 19 1.0
89 58 79 1.0
24 6 15 1.0
58 50 69 1.0
29 6 39 1.0
98 76 82 1.0
42 2 29 1.0
64 95 79 1.0
2 19 15 1.0
57 77 71 1.0
8 2 19 1.0
50 61 69 1.0
23 29 47 1.0
64 50 74 1.0
33 26 38 1.0
59 86 87 1.0
44 28 22 1.0
80 90 87 1.0
0 26 7 1.0
59 83 99 1.0
8 11 12 1.0
80 82 76 1.0
43 30 31 1.0
57 51 68 1.0
17 19 41 1.0
73 82 62 1.0
1 26 9 1.0
59 76 77 1.0
10 20 23 1.0
56 80 96 1.0
17 11 38 1.0
64 97 74 1.0
27 5 7 1.0
73 67 71 1.0
2 19 30 1.0
75 83 54 1.0
43 37 7 1.0
72 71 63 1.0
2 19 20 1.0
62 85 70 1.0
28 29 23 1.0
97 68 87 1.0
33 28 21 1.0
83 68 53 1.0
32 22 15 1.0
82 90 94 1.0
0 43 46 1.0
80 92 93 1.0
17 44 45 1.0
96 83 69 1.0
48 15 31 1.0
89 98 84 1.0
8 33 17 1.0
56 83 60 1.0
32 12 14 1.0
64 74 62 1.0
48 5 45 1.0
90 75 95 1.0
33 46 14 1.0
72 74 51 1.0
9 26 13 1.0
96 76 62 1.0
26 36 23 1.0
59 53 62 1.0
24 26 14 1.0
73 87 79 1.0
8 1 36 1.0
72 81 85 1.0
32 28 7 1.0
97 99 68 1.0
25 29 7 1.0
88 91 92 1.0
41 34 12 1.0
75 92 85 1.0
27 20 31 1.0
80 83 87 1.0
2 36 14 1.0
72 82 53 1.0
17 28 31 1.0
57 74 93 1.0
11 36 45 1.0
65 91 55 1.0
42 3 15 1.0
64 68 78 1.0
40 1 32 1.0
73 94 87 1.0
40 36 21 1.0
89 98 85 1.0
9 44 36 1.0
90 83 68 1.0
25 44 7 1.0
66 83 68 1.0
16 18 19 1.0
96 59 69 1.0
42 2 21 1.0
64 81 95 1.0
49 10 11 1.0
67 83 75 1.0
2 37 23 1.0
50 68 82 1.0
8 34 35 1.0
82 84 77 1.0
8 49 9 1.0
81 69 79 1.0
42 5 47 1.0
64 81 62 1.0
32 43 36 1.0
72 97 84 1.0
1 26 23 1.0
99 76 78 1.0
49 30 31 1.0
81 74 67 1.0
24 33 28 1.0
81 85 71 1.0
8 9 41 1.0
51 83 99 1.0
32 49 13 1.0
56 50 74 1.0
4 5 39 1.0
81 67 62 1.0
8 4 12 1.0
96 64 77 1.0
11 13 38 1.0
76 94 84 1.0
32 12 38 1.0
58 91 50 1.0
11 19 39 1.0
56 88 70 1.0
41 27 46 1.0
90 67 78 1.0
19 5 6 1.0
58 51 53 1.0
49 29 7 1.0
58 61 62 1.0
33 5 7 1.0
88 90 83 1.0
49 35 31 1.0
73 99 60 1.0
24 2 37 1.0
72 50 96 1.0
33 26 47 1.0
96 73 58 1.0
9 43 15 1.0
66 67 70 1.0
43 44 14 1.0
91 61 54 1.0
8 10 38 1.0
64 70 94 1.0
11 28 13 1.0
82 83 92 1.0
40 6 7 1.0
91 59 78 1.0
48 42 13 1.0
83 67 79 1.0
40 5 13 1.0
91 83 84 1.0
3 35 36 1.0
72 58 60 1.0
2 20 39 1.0
56 74 52 1.0
17 2 26 1.0
73 61 94 1.0
0 19 39 1.0
57 52 94 1.0
2 19 7 1.0
99 58 59 1.0
18 39 23 1.0
65 68 93 1.0
44 5 15 1.0
77 93 62 1.0
24 45 30 1.0
98 99 79 1.0
48 0 39 1.0
58 55 79 1.0
33 42 10 1.0
88 98 51 1.0
25 28 38 1.0
69 61 71 1.0
16 42 5 1.0
88 74 93 1.0
35 20 31 1.0
96 51 55 1.0
30 6 47 1.0
99 88 91 1.0
18 27 7 1.0
58 99 76 1.0
35 43 5 1.0
50 99 54 1.0
34 29 14 1.0
90 74 77 1.0
25 20 47 1.0
84 53 70 1.0
0 34 3 1.0
89 59 60 1.0
33 18 22 1.0
73 90 55 1.0
8 44 14 1.0
76 54 60 1.0
2 3 7 1.0
97 51 86 1.0
0 13 30 1.0
50 66 70 1.0
11 27 47 1.0
64 82 67 1.0
0 12 21 1.0
97 67 54 1.0
35 28 7 1.0
56 70 71 1.0
24 34 15 1.0
70 75 54 1.0
24 30 6 1.0
60 62 68 1.0
10 36 42 1.0
81 58 53 1.0
24 4 23 1.0
96 52 54 1.0
17 30 1 1.0
66 93 78 1.0
40 43 22 1.0
76 94 68 1.0
14 38 47 1.0
80 73 79 1.0
3 6 31 1.0
80 98 61 1.0
17 29 45 1.0
81 75 77 1.0
43 46 39 1.0
88 67 54 1.0
34 15 7 1.0
66 77 54 1.0
18 19 7 1.0
60 71 76 1.0
2 20 14 1.0
56 89 79 1.0
29 20 5 1.0
81 68 54 1.0
0 35 29 1.0
58 83 94 1.0
24 9 23 1.0
94 75 62 1.0
34 4 47 1.0
88 50 62 1.0
46 22 47 1.0
66 74 63 1.0
27 15 47 1.0
99 52 87 1.0
9 12 21 1.0
64 89 82 1.0
18 19 31 1.0
64 90 93 1.0
26 45 47 1.0
72 69 55 1.0
21 44 5 1.0
96 74 83 1.0
45 4 37 1.0
96 98 86 1.0
40 5 15 1.0
60 93 62 1.0
33 2 26 1.0
82 76 87 1.0
8 49 45 1.0
93 54 63 1.0
16 1 11 1.0
97 82 54 1.0
16 12 5 1.0
50 66 69 1.0
26 27 13 1.0
97 51 92 1.0
16 34 42 1.0
92 61 55 1.0
0 37 15 1.0
56 85 63 1.0
8 16 14 1.0
74 71 79 1.0
9 45 25 1.0
65 74 77 1.0
33 27 25 1.0
72 82 87 1.0
1 18 6 1.0
50 68 79 1.0
25 10 39 1.0
64 50 70 1.0
9 36 31 1.0
88 56 99 1.0
3 1 19 1.0
89 62 55 1.0
9 22 6 1.0
88 85 55 1.0
43 20 29 1.0
51 76 95 1.0
5 45 47 1.0
64 89 61 1.0
40 37 39 1.0
82 68 61 1.0
12 13 6 1.0
80 91 53 1.0
40 20 46 1.0
80 82 54 1.0
16 43 47 1.0
56 97 70 1.0
19 4 5 1.0
64 74 60 1.0
18 35 22 1.0
65 53 79 1.0
5 22 14 1.0
72 90 75 1.0
27 13 39 1.0
86 62 57 1.0
41 2 7 1.0
64 74 79 1.0
1 28 46 1.0
97 53 71 1.0
11 20 47 1.0
93 77 63 1.0
32 17 1 1.0
65 97 90 1.0
25 10 5 1.0
91 60 85 1.0
32 41 21 1.0
65 58 97 1.0
43 4 30 1.0
89 97 79 1.0
36 13 38 1.0
90 83 84 1.0
48 49 21 1.0
99 54 71 1.0
48 9 4 1.0
98 69 95 1.0
10 35 42 1.0
53 54 87 1.0
16 48 28 1.0
81 82 51 1.0
34 36 38 1.0
83 54 95 1.0
33 2 47 1.0
96 54 87 1.0
12 38 31 1.0
86 83 54 1.0
10 4 21 1.0
65 74 55 1.0
49 45 13 1.0
58 83 85 1.0
32 16 12 1.0
96 83 60 1.0
17 3 46 1.0
64 73 58 1.0
26 43 29 1.0
89 58 53 1.0
28 14 22 1.0
72 52 54 1.0
1 12 38 1.0
73 91 77 1.0
26 12 23 1.0
96 73 98 1.0
32 11 29 1.0
81 89 59 1.0
48 42 23 1.0
72 66 70 1.0
32 18 13 1.0
90 59 71 1.0
16 18 5 1.0
50 93 70 1.0
1 36 28 1.0
58 76 82 1.0
48 25 18 1.0
66 84 94 1.0
41 34 15 1.0
98 69 93 1.0
10 20 31 1.0
90 60 55 1.0
42 26 6 1.0
96 66 92 1.0
41 5 22 1.0
82 77 54 1.0
26 46 7 1.0
58 83 60 1.0
8 34 21 1.0
88 50 70 1.0
26 35 46 1.0
96 61 69 1.0
42 46 23 1.0
59 60 63 1.0
3 27 39 1.0
57 60 77 1.0
34 29 39 1.0
88 59 55 1.0
36 15 7 1.0
81 58 52 1.0
32 26 43 1.0
64 58 52 1.0
0 44 46 1.0
67 76 87 1.0
38 13 14 1.0
80 73 60 1.0
18 44 29 1.0
89 82 71 1.0
28 22 15 1.0
60 61 94 1.0
33 34 20 1.0
82 84 74 1.0
42 36 39 1.0
72 65 62 1.0
32 27 4 1.0
65 68 57 1.0
35 11 5 1.0
58 85 62 1.0
49 34 1 1.0
89 74 66 1.0
5 35 37 1.0
64 68 79 1.0
24 12 39 1.0
56 98 79 1.0
1 11 31 1.0
66 99 93 1.0
32 39 31 1.0
72 73 83 1.0
28 29 47 1.0
84 77 63 1.0
11 30 22 1.0
73 76 71 1.0
43 36 21 1.0
51 60 76 1.0
32 43 31 1.0
57 60 63 1.0
36 20 15 1.0
68 77 87 1.0
43 11 30 1.0
80 85 63 1.0
24 34 46 1.0
64 81 70 1.0
17 45 46 1.0
88 73 63 1.0
17 45 22 1.0
65 92 79 1.0
42 37 47 1.0
65 57 50 1.0
39 38 6 1.0
56 57 66 1.0
0 24 8 1.0
74 75 61 1.0
16 21 46 1.0
96 97 52 1.0
0 26 12 1.0
57 82 86 1.0
17 11 5 1.0
72 98 94 1.0
10 45 15 1.0
89 54 86 1.0
41 42 9 1.0
97 82 77 1.0
24 1 27 1.0
93 94 87 1.0
3 1 43 1.0
84 69 78 1.0
34 11 29 1.0
50 84 98 1.0
49 2 37 1.0
89 90 51 1.0
0 49 2 1.0
88 57 55 1.0
48 20 46 1.0
50 51 85 1.0
18 44 22 1.0
84 77 55 1.0
40 28 12 1.0
50 60 52 1.0
48 1 35 1.0
80 58 76 1.0
8 3 12 1.0
57 74 92 1.0
9 26 49 1.0
72 79 63 1.0
8 1 17 1.0
96 91 95 1.0
9 2 20 1.0
90 84 62 1.0
40 34 39 1.0
64 75 79 1.0
17 35 9 1.0
96 75 72 1.0
17 18 13 1.0
89 67 59 1.0
28 4 38 1.0
98 93 94 1.0
0 49 14 1.0
74 59 60 1.0
2 27 31 1.0
80 98 87 1.0
16 19 47 1.0
64 89 68 1.0
40 10 19 1.0
89 51 67 1.0
24 10 45 1.0
97 51 60 1.0
21 46 6 1.0
98 75 84 1.0
46 22 23 1.0
59 67 78 1.0
24 37 39 1.0
50 92 61 1.0
34 36 14 1.0
50 71 55 1.0
24 0 15 1.0
89 51 94 1.0
10 45 38 1.0
72 98 79 1.0
48 18 47 1.0
74 98 79 1.0
32 8 14 1.0
56 90 71 1.0
0 34 31 1.0
82 90 93 1.0
48 41 35 1.0
86 61 94 1.0
49 10 5 1.0
92 77 79 1.0
9 5 6 1.0
88 99 53 1.0
44 29 7 1.0
80 89 83 1.0
16 9 45 1.0
64 73 62 1.0
25 26 35 1.0
73 53 87 1.0
42 28 37 1.0
76 53 87 1.0
8 43 23 1.0
53 85 70 1.0
49 27 28 1.0
56 99 53 1.0
4 6 7 1.0
81 99 55 1.0
29 38 7 1.0
74 76 87 1.0
16 25 22 1.0
67 60 79 1.0
41 35 6 1.0
72 84 61 1.0
33 36 39 1.0
82 51 86 1.0
35 12 31 1.0
50 58 70 1.0
49 12 44 1.0
54 85 70 1.0
24 34 31 1.0
57 59 52 1.0
16 41 30 1.0
73 91 76 1.0
16 8 15 1.0
73 66 77 1.0
27 5 22 1.0
51 85 78 1.0
8 32 22 1.0
89 58 60 1.0
33 38 9 1.0
56 75 94 1.0
8 18 3 1.0
82 75 71 1.0
10 21 46 1.0
82 93 66 1.0
0 49 45 1.0
64 60 94 1.0
11 15 47 1.0
64 74 92 1.0
48 17 31 1.0
92 53 63 1.0
27 12 28 1.0
88 58 55 1.0
36 21 14 1.0
84 86 79 1.0
20 29 7 1.0
77 53 86 1.0
24 20 29 1.0
58 52 78 1.0
48 49 16 1.0
75 83 67 1.0
26 3 21 1.0
65 57 98 1.0
10 29 47 1.0
80 72 55 1.0
11 43 20 1.0
72 58 62 1.0
24 3 38 1.0
89 76 68 1.0
26 29 15 1.0
52 87 63 1.0
21 14 31 1.0
58 99 66 1.0
32 18 7 1.0
89 75 95 1.0
12 38 7 1.0
64 98 91 1.0
3 12 30 1.0
75 83 61 1.0
0 26 34 1.0
64 65 85 1.0
2 3 46 1.0
80 84 94 1.0
8 21 22 1.0
65 76 87 1.0
48 16 44 1.0
59 52 94 1.0
20 12 46 1.0
69 71 95 1.0
33 12 5 1.0
74 60 84 1.0
25 19 4 1.0
64 59 79 1.0
48 17 42 1.0
96 97 85 1.0
35 3 47 1.0
80 66 54 1.0
16 9 26 1.0
96 90 59 1.0
3 28 7 1.0
88 52 69 1.0
24 25 49 1.0
51 68 71 1.0
42 5 15 1.0
76 68 71 1.0
1 27 46 1.0
51 83 92 1.0
8 44 38 1.0
74 68 87 1.0
40 9 30 1.0
57 62 79 1.0
4 13 44 1.0
82 66 69 1.0
8 19 31 1.0
56 98 76 1.0
33 14 39 1.0
72 68 54 1.0
14 6 15 1.0
72 82 60 1.0
0 8 5 1.0
60 52 92 1.0
41 12 36 1.0
83 77 55 1.0
0 2 35 1.0
96 88 67 1.0
39 5 47 1.0
58 91 68 1.0
3 37 22 1.0
88 89 67 1.0
33 18 47 1.0
88 68 86 1.0
4 22 47 1.0
88 81 84 1.0
33 38 31 1.0
73 74 54 1.0
10 4 15 1.0
80 74 94 1.0
17 26 14 1.0
99 75 54 1.0
0 31 23 1.0
75 70 55 1.0
48 14 31 1.0
89 90 79 1.0
49 2 22 1.0
66 76 54 1.0
23 4 15 1.0
74 92 87 1.0
0 13 38 1.0
98 54 87 1.0
24 11 28 1.0
65 82 83 1.0
32 39 15 1.0
81 97 79 1.0
10 2 36 1.0
65 98 60 1.0
40 34 12 1.0
75 59 54 1.0
41 36 5 1.0
97 93 71 1.0
18 38 23 1.0
80 98 52 1.0
20 22 7 1.0
73 85 71 1.0
17 33 7 1.0
64 51 96 1.0
8 41 47 1.0
66 99 53 1.0
0 34 13 1.0
50 54 79 1.0
16 43 21 1.0
58 51 77 1.0
33 38 1 1.0
67 84 92 1.0
41 43 46 1.0
52 85 86 1.0
10 43 15 1.0
98 83 60 1.0
8 16 11 1.0
81 75 76 1.0
16 44 15 1.0
80 52 85 1.0
2 43 31 1.0
66 91 58 1.0
10 34 37 1.0
89 66 54 1.0
48 49 11 1.0
75 92 86 1.0
10 20 21 1.0
75 83 58 1.0
3 38 23 1.0
78 69 54 1.0
17 27 46 1.0
65 82 76 1.0
8 49 46 1.0
80 66 87 1.0
16 41 39 1.0
51 60 71 1.0
24 6 23 1.0
57 69 54 1.0
41 25 23 1.0
72 82 61 1.0
33 21 17 1.0
92 69 95 1.0
26 3 46 1.0
72 55 71 1.0
48 1 43 1.0
90 61 62 1.0
40 8 6 1.0
57 51 95 1.0
17 26 45 1.0
66 59 92 1.0
16 8 10 1.0
80 96 70 1.0
40 0 43 1.0
98 84 82 1.0
1 10 44 1.0
96 89 81 1.0
16 12 15 1.0
56 74 66 1.0
8 42 7 1.0
99 52 55 1.0
43 11 25 1.0
75 92 85 1.0
32 33 44 1.0
88 97 62 1.0
24 33 22 1.0
58 84 61 1.0
41 18 23 1.0
90 82 66 1.0
7 47 23 1.0
64 98 88 1.0
24 42 7 1.0
83 50 91 1.0
36 46 22 1.0
89 83 93 1.0
9 43 28 1.0
99 93 61 1.0
34 11 13 1.0
82 52 90 1.0
36 6 31 1.0
82 78 71 1.0
1 3 12 1.0
50 84 86 1.0
1 43 36 1.0
75 66 67 1.0
25 34 44 1.0
51 60 94 1.0
8 26 19 1.0
56 73 63 1.0
41 18 46 1.0
98 75 55 1.0
27 43 13 1.0
75 67 52 1.0
0 2 28 1.0
86 54 63 1.0
16 30 47 1.0
61 62 87 1.0
9 5 21 1.0
88 97 70 1.0
49 26 37 1.0
80 66 82 1.0
17 4 20 1.0
96 89 58 1.0
40 27 20 1.0
65 73 68 1.0
5 39 23 1.0
91 61 78 1.0
10 45 13 1.0
72 53 94 1.0
9 28 31 1.0
85 86 79 1.0
8 17 12 1.0
80 64 61 1.0
26 27 34 1.0
88 85 53 1.0
27 41 43 1.0
80 51 84 1.0
32 27 7 1.0
72 97 52 1.0
4 39 23 1.0
91 68 54 1.0
33 27 28 1.0
61 54 79 1.0
29 6 7 1.0
97 98 78 1.0
2 5 39 1.0
60 62 95 1.0
16 36 12 1.0
56 83 64 1.0
48 41 11 1.0
88 78 87 1.0
35 19 12 1.0
65 89 95 1.0
33 38 15 1.0
66 92 95 1.0
17 11 47 1.0
81 66 83 1.0
34 4 39 1.0
91 79 63 1.0
27 29 47 1.0
92 63 76 1.0
33 37 7 1.0
72 97 92 1.0
4 12 36 1.0
73 87 79 1.0
9 3 49 1.0
96 91 69 1.0
46 9 30 1.0
93 78 55 1.0
17 26 33 1.0
65 50 71 1.0
5 3 13 1.0
88 90 87 1.0
40 32 38 1.0
64 57 69 1.0
8 46 7 1.0
82 61 78 1.0
40 12 14 1.0
55 95 71 1.0
42 12 4 1.0
80 74 68 1.0
35 27 45 1.0
80 68 93 1.0
42 45 7 1.0
81 97 87 1.0
37 22 47 1.0
56 68 76 1.0
24 16 4 1.0
73 90 71 1.0
49 34 37 1.0
91 69 77 1.0
40 33 20 1.0
65 61 54 1.0
8 21 14 1.0
65 51 99 1.0
19 49 3 1.0
64 60 93 1.0
26 13 23 1.0
66 87 79 1.0
1 3 21 1.0
72 53 71 1.0
27 12 6 1.0
90 92 61 1.0
12 44 21 1.0
57 77 95 1.0
0 44 29 1.0
96 51 61 1.0
40 8 2 1.0
73 57 91 1.0
11 18 3 1.0
91 53 95 1.0
2 13 37 1.0
56 83 85 1.0
8 41 5 1.0
66 92 71 1.0
8 20 7 1.0
67 91 98 1.0
49 26 4 1.0
56 98 90 1.0
40 39 7 1.0
57 74 60 1.0
0 42 23 1.0
81 74 50 1.0
10 44 46 1.0
56 74 93 1.0
28 30 31 1.0
82 83 94 1.0
40 49 47 1.0
58 66 78 1.0
18 26 38 1.0
82 98 79 1.0
0 11 21 1.0
91 70 95 1.0
17 1 49 1.0
64 91 70 1.0
4 21 31 1.0
96 51 85 1.0
32 44 15 1.0
88 51 84 1.0
2 36 23 1.0
96 50 83 1.0
5 13 39 1.0
97 76 87 1.0
24 25 11 1.0
97 75 93 1.0
26 12 31 1.0
73 75 55 1.0
40 1 36 1.0
90 76 63 1.0
32 17 35 1.0
74 54 95 1.0
18 21 47 1.0
50 91 86 1.0
32 43 47 1.0
80 91 67 1.0
41 5 31 1.0
53 70 71 1.0
11 3 39 1.0
78 76 70 1.0
49 14 39 1.0
64 98 54 1.0
25 2 27 1.0
73 60 79 1.0
42 19 47 1.0
56 97 55 1.0
28 13 14 1.0
80 52 79 1.0
26 42 7 1.0
96 83 85 1.0
40 9 26 1.0
51 53 95 1.0
32 3 21 1.0
81 66 95 1.0
33 4 46 1.0
58 91 61 1.0
32 16 39 1.0
72 65 77 1.0
32 13 39 1.0
68 62 95 1.0
8 10 46 1.0
97 91 75 1.0
24 35 13 1.0
50 82 55 1.0
26 20 29 1.0
50 69 78 1.0
3 4 23 1.0
65 57 98 1.0
33 34 37 1.0
69 92 61 1.0
36 45 14 1.0
57 91 60 1.0
18 42 46 1.0
67 92 55 1.0
8 25 34 1.0
88 58 94 1.0
0 40 23 1.0
56 50 54 1.0
8 17 45 1.0
91 84 86 1.0
33 5 46 1.0
58 69 62 1.0
24 45 7 1.0
89 97 73 1.0
33 36 13 1.0
80 59 79 1.0
46 4 14 1.0
84 77 55 1.0
24 0 49 1.0
82 61 69 1.0
17 2 18 1.0
78 51 94 1.0
42 36 45 1.0
96 56 77 1.0
9 26 3 1.0
50 69 77 1.0
33 35 31 1.0
96 80 63 1.0
33 36 49 1.0
84 69 87 1.0
32 28 7 1.0
66 67 76 1.0
48 5 47 1.0
64 89 78 1.0
24 30 31 1.0
81 97 55 1.0
8 29 30 1.0
84 54 95 1.0
32 36 45 1.0
82 75 95 1.0
3 12 38 1.0
80 89 75 1.0
28 39 15 1.0
73 97 60 1.0
17 3 49 1.0
89 65 61 1.0
9 2 45 1.0
51 92 85 1.0
12 37 46 1.0
56 58 59 1.0
17 19 13 1.0
98 82 93 1.0
38 6 15 1.0
80 79 63 1.0
42 5 7 1.0
96 99 93 1.0
0 36 44 1.0
98 86 95 1.0
32 33 43 1.0
56 97 65 1.0
33 34 45 1.0
56 89 78 1.0
40 18 13 1.0
69 94 55 1.0
24 17 20 1.0
96 67 61 1.0
17 33 15 1.0
57 91 70 1.0
48 13 7 1.0
80 65 53 1.0
1 2 20 1.0
74 59 77 1.0
33 30 14 1.0
97 91 86 1.0
31 39 7 1.0
97 91 52 1.0
10 12 46 1.0
58 59 87 1.0
40 20 23 1.0
96 54 95 1.0
25 43 45 1.0
81 65 50 1.0
18 27 29 1.0
90 68 50 1.0
24 49 4 1.0
72 90 69 1.0
32 26 31 1.0
52 93 79 1.0
41 2 46 1.0
73 52 63 1.0
8 48 15 1.0
72 58 93 1.0
40 41 5 1.0
97 91 84 1.0
31 7 39 1.0
72 52 71 1.0
33 18 20 1.0
64 50 88 1.0
8 33 32 1.0
97 87 57 1.0
0 4 45 1.0
96 97 88 1.0
33 27 20 1.0
90 75 79 1.0
8 17 43 1.0
57 85 78 1.0
11 12 37 1.0
89 73 90 1.0
8 49 17 1.0
90 59 98 1.0
20 46 23 1.0
73 50 68 1.0
49 5 13 1.0
67 92 69 1.0
28 45 15 1.0
73 90 68 1.0
24 32 47 1.0
64 84 78 1.0
35 28 39 1.0
65 76 62 1.0
38 46 7 1.0
50 59 76 1.0
28 38 47 1.0
75 76 86 1.0
1 11 23 1.0
98 84 71 1.0
25 34 6 1.0
74 68 93 1.0
48 49 14 1.0
98 92 68 1.0
49 20 30 1.0
59 67 92 1.0
24 45 39 1.0
84 53 86 1.0
42 14 23 1.0
64 98 76 1.0
48 49 17 1.0
51 54 55 1.0
48 8 2 1.0
97 59 94 1.0
9 27 38 1.0
64 98 90 1.0
2 14 7 1.0
50 76 61 1.0
33 42 20 1.0
66 75 79 1.0
24 45 22 1.0
56 77 71 1.0
3 13 22 1.0
88 69 85 1.0
19 4 46 1.0
81 50 57 1.0
42 34 14 1.0
98 67 92 1.0
19 37 22 1.0
89 90 58 1.0
12 45 22 1.0
56 58 99 1.0
2 18 44 1.0
81 68 52 1.0
10 36 13 1.0
90 58 79 1.0
0 47 15 1.0
67 87 55 1.0
48 27 39 1.0
96 91 84 1.0
26 13 46 1.0
80 66 90 1.0
27 38 7 1.0
57 74 94 1.0
40 44 29 1.0
64 92 95 1.0
19 20 22 1.0
58 85 95 1.0
1 25 9 1.0
80 82 62 1.0
45 14 39 1.0
81 59 62 1.0
0 37 47 1.0
74 91 63 1.0
18 35 7 1.0
99 93 77 1.0
25 34 42 1.0
82 85 63 1.0
9 30 47 1.0
58 59 77 1.0
25 21 15 1.0
74 76 82 1.0
42 22 31 1.0
96 98 66 1.0
16 46 15 1.0
50 67 90 1.0
40 49 37 1.0
84 85 86 1.0
17 18 27 1.0
82 77 85 1.0
37 6 14 1.0
56 50 86 1.0
33 28 46 1.0
73 58 84 1.0
0 33 1 1.0
82 77 78 1.0
48 10 45 1.0
64 82 88 1.0
24 36 7 1.0
89 93 54 1.0
9 42 18 1.0
91 69 87 1.0
16 9 30 1.0
73 76 61 1.0
42 13 38 1.0
90 67 70 1.0
17 22 41 1.0
56 91 92 1.0
40 19 21 1.0
75 69 62 1.0
19 3 29 1.0
98 91 78 1.0
43 35 28 1.0
73 78 87 1.0
1 36 30 1.0
92 62 87 1.0
32 1 15 1.0
64 77 71 1.0
34 6 39 1.0
80 57 58 1.0
49 46 6 1.0
72 67 60 1.0
20 12 5 1.0
84 86 63 1.0
3 29 46 1.0
57 98 95 1.0
43 18 3 1.0
59 68 93 1.0
8 19 44 1.0
88 81 66 1.0
24 32 35 1.0
70 83 78 1.0
32 41 19 1.0
65 81 60 1.0
11 19 13 1.0
65 99 94 1.0
0 24 22 1.0
50 51 52 1.0
18 27 15 1.0
51 84 70 1.0
9 19 45 1.0
97 75 62 1.0
49 4 14 1.0
64 73 70 1.0
26 34 14 1.0
72 85 86 1.0
24 37 22 1.0
74 94 87 1.0
41 10 6 1.0
85 63 87 1.0
18 11 22 1.0
85 94 95 1.0
2 42 22 1.0
74 59 78 1.0
48 27 6 1.0
73 82 90 1.0
2 20 23 1.0
57 82 87 1.0
8 1 27 1.0
72 82 59 1.0
16 10 26 1.0
93 78 95 1.0
32 8 28 1.0
85 53 55 1.0
1 26 17 1.0
82 58 79 1.0
19 39 31 1.0
81 77 86 1.0
43 28 5 1.0
65 94 95 1.0
40 42 4 1.0
88 75 52 1.0
10 36 15 1.0
80 65 90 1.0
34 4 12 1.0
81 90 51 1.0
36 22 39 1.0
69 86 55 1.0
41 11 44 1.0
56 57 63 1.0
18 30 23 1.0
74 91 85 1.0
0 46 47 1.0
83 76 77 1.0
3 35 38 1.0
91 86 79 1.0
10 36 22 1.0
72 96 52 1.0
12 29 39 1.0
64 57 50 1.0
35 4 31 1.0
80 68 92 1.0
17 22 49 1.0
61 94 87 1.0
12 21 30 1.0
80 89 50 1.0
42 26 47 1.0
91 53 95 1.0
33 26 15 1.0
80 94 71 1.0
27 5 15 1.0
64 69 53 1.0
18 10 23 1.0
65 76 87 1.0
27 49 3 1.0
89 53 93 1.0
1 44 46 1.0
56 53 55 1.0
32 43 39 1.0
65 75 68 1.0
32 1 21 1.0
64 73 67 1.0
3 12 6 1.0
93 71 55 1.0
18 3 22 1.0
89 82 63 1.0
32 5 38 1.0
96 93 78 1.0
9 27 20 1.0
96 67 61 1.0
36 37 38 1.0
58 52 87 1.0
32 7 15 1.0
68 94 63 1.0
16 22 15 1.0
50 67 76 1.0
18 14 22 1.0
58 61 70 1.0
5 14 6 1.0
97 53 63 1.0
41 20 49 1.0
65 55 63 1.0
33 20 6 1.0
50 67 93 1.0
25 2 45 1.0
97 69 63 1.0
13 6 39 1.0
56 92 76 1.0
9 3 7 1.0
67 52 86 1.0
0 18 4 1.0
51 91 63 1.0
3 33 11 1.0
74 53 77 1.0
41 26 28 1.0
64 59 53 1.0
41 34 31 1.0
97 61 86 1.0
0 9 19 1.0
81 60 70 1.0
43 35 13 1.0
98 51 78 1.0
0 28 13 1.0
74 86 95 1.0
26 10 6 1.0
50 82 86 1.0
0 35 12 1.0
66 60 63 1.0
40 14 15 1.0
65 51 61 1.0
49 26 36 1.0
72 90 51 1.0
3 11 47 1.0
64 58 61 1.0
42 43 39 1.0
81 58 83 1.0
8 42 27 1.0
56 58 80 1.0
17 34 43 1.0
96 76 71 1.0
41 10 35 1.0
89 61 62 1.0
48 17 15 1.0
83 60 86 1.0
43 22 6 1.0
60 69 70 1.0
8 27 5 1.0
98 84 63 1.0
0 41 32 1.0
83 60 93 1.0
25 2 38 1.0
80 58 87 1.0
24 18 5 1.0
66 91 68 1.0
20 21 44 1.0
72 92 78 1.0
8 37 6 1.0
82 61 79 1.0
4 37 47 1.0
96 84 52 1.0
49 36 37 1.0
98 68 92 1.0
48 1 44 1.0
98 85 95 1.0
24 2 44 1.0
58 92 78 1.0
24 34 7 1.0
96 77 62 1.0
32 41 37 1.0
56 83 77 1.0
17 11 14 1.0
96 90 78 1.0
24 18 12 1.0
50 52 87 1.0
2 20 44 1.0
64 52 69 1.0
40 34 22 1.0
53 54 55 1.0
40 5 38 1.0
96 97 94 1.0
38 19 46 1.0
65 67 69 1.0
26 13 6 1.0
99 95 79 1.0
0 2 18 1.0
90 68 69 1.0
17 6 39 1.0
90 95 71 1.0
28 45 30 1.0
98 75 82 1.0
0 14 47 1.0
96 76 61 1.0
40 49 44 1.0
65 77 70 1.0
45 29 38 1.0
57 66 68 1.0
41 3 33 1.0
85 93 84 1.0
18 11 44 1.0
67 76 92 1.0
46 36 14 1.0
97 86 55 1.0
29 46 39 1.0
65 91 67 1.0
8 24 9 1.0
67 68 63 1.0
41 11 29 1.0
96 84 60 1.0
25 10 42 1.0
98 90 53 1.0
26 42 11 1.0
89 99 84 1.0
26 3 4 1.0
67 51 85 1.0
34 10 14 1.0
84 85 52 1.0
42 36 34 1.0
81 93 71 1.0
35 38 23 1.0
60 69 71 1.0
33 21 7 1.0
81 90 99 1.0
16 14 6 1.0
89 53 78 1.0
9 12 28 1.0
64 88 62 1.0
24 43 38 1.0
99 53 63 1.0
43 29 22 1.0
57 59 94 1.0
38 1 14 1.0
88 86 87 1.0
19 12 45 1.0
51 85 86 1.0
8 2 12 1.0
66 60 53 1.0
9 6 1 1.0
88 50 52 1.0
24 0 11 1.0
73 75 68 1.0
48 43 15 1.0
89 82 67 1.0
16 24 8 1.0
64 72 52 1.0
44 29 15 1.0
50 84 52 1.0
48 35 19 1.0
73 98 93 1.0
33 10 22 1.0
80 67 86 1.0
18 19 20 1.0
57 82 92 1.0
47 5 15 1.0
72 92 63 1.0
16 34 26 1.0
83 94 87 1.0
0 45 5 1.0
59 67 63 1.0
16 33 14 1.0
50 91 53 1.0
10 27 42 1.0
74 52 94 1.0
34 6 15 1.0
82 76 62 1.0
17 10 41 1.0
75 84 70 1.0
16 0 15 1.0
57 90 62 1.0
3 30 23 1.0
60 93 68 1.0
42 30 31 1.0
57 84 54 1.0
26 36 28 1.0
81 90 55 1.0
32 48 6 1.0
66 92 71 1.0
27 12 30 1.0
80 81 60 1.0
33 4 31 1.0
88 57 82 1.0
33 42 34 1.0
91 68 62 1.0
9 25 23 1.0
67 76 86 1.0
5 29 39 1.0
98 60 87 1.0
25 47 23 1.0
89 53 70 1.0
23 39 47 1.0
64 53 95 1.0
34 3 47 1.0
50 83 92 1.0
8 5 39 1.0
91 69 77 1.0
41 19 13 1.0
75 67 55 1.0
42 11 39 1.0
56 88 68 1.0
40 45 37 1.0
88 98 78 1.0
25 34 37 1.0
73 82 76 1.0
17 18 30 1.0
64 58 77 1.0
32 0 3 1.0
90 84 79 1.0
32 10 39 1.0
96 73 82 1.0
4 45 30 1.0
80 52 60 1.0
11 45 30 1.0
80 59 55 1.0
49 36 46 1.0
75 62 79 1.0
25 29 23 1.0
96 68 61 1.0
4 21 36 1.0
64 92 52 1.0
1 38 17 1.0
96 77 87 1.0
16 42 19 1.0
72 99 54 1.0
34 4 31 1.0
94 76 54 1.0
18 37 22 1.0
89 69 57 1.0
20 22 6 1.0
83 92 93 1.0
49 28 17 1.0
89 51 63 1.0
1 42 28 1.0
57 54 63 1.0
48 9 39 1.0
80 75 87 1.0
35 43 21 1.0
84 54 95 1.0
32 19 44 1.0
88 83 79 1.0
40 0 44 1.0
57 90 78 1.0
12 28 23 1.0
80 99 76 1.0
21 6 23 1.0
88 92 79 1.0
43 45 15 1.0
82 51 68 1.0
9 27 5 1.0
81 68 78 1.0
20 45 15 1.0
56 64 93 1.0
25 44 7 1.0
99 53 63 1.0
2 47 31 1.0
57 74 52 1.0
10 13 45 1.0
50 59 94 1.0
3 37 38 1.0
58 93 53 1.0
17 10 11 1.0
69 93 94 1.0
17 12 46 1.0
96 59 84 1.0
32 18 31 1.0
90 93 62 1.0
41 11 30 1.0
98 69 79 1.0
5 37 29 1.0
80 77 87 1.0
16 21 31 1.0
92 53 79 1.0
49 2 6 1.0
73 81 74 1.0
33 44 21 1.0
97 98 93 1.0
0 18 5 1.0
65 68 55 1.0
35 37 23 1.0
74 53 94 1.0
33 27 7 1.0
67 85 78 1.0
25 12 41 1.0
88 67 63 1.0
48 27 11 1.0
64 83 92 1.0
44 6 23 1.0
73 58 69 1.0
49 4 22 1.0
58 83 74 1.0
28 6 15 1.0
99 92 84 1.0
17 28 21 1.0
99 68 95 1.0
35 44 45 1.0
80 97 68 1.0
49 20 6 1.0
74 51 54 1.0
9 20 14 1.0
75 69 63 1.0
49 2 23 1.0
97 99 59 1.0
19 44 29 1.0
50 61 86 1.0
34 27 23 1.0
57 97 79 1.0
38 30 47 1.0
89 98 94 1.0
3 29 6 1.0
82 68 62 1.0
2 47 31 1.0
64 75 70 1.0
41 25 17 1.0
64 58 69 1.0
42 13 14 1.0
80 66 87 1.0
9 38 1 1.0
56 82 72 1.0
33 46 22 1.0
89 73 79 1.0
17 42 1 1.0
54 52 86 1.0
45 13 14 1.0
89 67 60 1.0
3 2 35 1.0
80 92 52 1.0
9 3 20 1.0
50 93 53 1.0
27 36 37 1.0
85 94 87 1.0
25 27 49 1.0
74 79 71 1.0
27 28 13 1.0
96 52 87 1.0
1 35 7 1.0
52 70 79 1.0
1 10 33 1.0
56 60 52 1.0
21 19 37 1.0
56 89 70 1.0
24 17 11 1.0
81 92 70 1.0
41 10 19 1.0
88 50 71 1.0
25 22 47 1.0
72 90 78 1.0
33 2 15 1.0
53 68 61 1.0
25 26 20 1.0
66 62 98 1.0
24 9 22 1.0
58 87 95 1.0
18 11 23 1.0
90 86 87 1.0
0 3 37 1.0
67 93 62 1.0
11 27 13 1.0
91 54 71 1.0
48 44 38 1.0
56 98 83 1.0
16 5 7 1.0
96 68 92 1.0
2 3 22 1.0
86 92 70 1.0
27 28 5 1.0
96 74 94 1.0
32 35 4 1.0
73 82 71 1.0
43 37 14 1.0
58 60 71 1.0
41 27 12 1.0
66 76 52 1.0
10 44 7 1.0
89 50 55 1.0
1 27 44 1.0
58 67 93 1.0
34 46 39 1.0
58 60 68 1.0
10 18 6 1.0
65 82 91 1.0
16 43 45 1.0
81 91 77 1.0
13 30 14 1.0
72 52 95 1.0
16 33 0 1.0
50 99 53 1.0
1 14 7 1.0
96 88 76 1.0
24 49 29 1.0
57 74 63 1.0
16 18 34 1.0
89 74 78 1.0
36 12 44 1.0
72 81 59 1.0
12 46 14 1.0
74 59 94 1.0
40 49 10 1.0
90 60 61 1.0
49 30 9 1.0
75 53 69 1.0
49 28 9 1.0
80 81 52 1.0
40 33 11 1.0
93 79 87 1.0
10 3 36 1.0
98 68 74 1.0
2 20 21 1.0
89 52 62 1.0
11 28 38 1.0
99 60 85 1.0
26 19 37 1.0
56 89 82 1.0
4 5 47 1.0
61 93 85 1.0
17 19 43 1.0
74 50 79 1.0
20 39 47 1.0
64 84 77 1.0
38 46 6 1.0
89 99 78 1.0
25 30 14 1.0
81 89 82 1.0
48 8 7 1.0
72 58 83 1.0
10 5 29 1.0
89 54 95 1.0
25 10 27 1.0
65 77 95 1.0
32 10 5 1.0
64 83 92 1.0
17 35 14 1.0
88 52 63 1.0
16 19 45 1.0
80 61 77 1.0
18 36 30 1.0
66 90 95 1.0
48 1 19 1.0
82 99 71 1.0
40 41 34 1.0
74 60 82 1.0
0 8 43 1.0
67 92 70 1.0
0 18 47 1.0
90 58 55 1.0
8 34 39 1.0
97 75 59 1.0
33 6 30 1.0
58 93 71 1.0
47 30 6 1.0
90 67 71 1.0
41 1 31 1.0
91 51 70 1.0
9 36 37 1.0
89 74 52 1.0
16 44 30 1.0
57 66 54 1.0
32 27 36 1.0
74 92 53 1.0
41 20 30 1.0
70 90 62 1.0
49 36 4 1.0
97 66 91 1.0
40 43 15 1.0
88 75 69 1.0
42 34 38 1.0
64 83 79 1.0
8 20 45 1.0
75 60 61 1.0
26 5 6 1.0
98 51 93 1.0
49 35 28 1.0
72 89 95 1.0
48 44 22 1.0
82 76 71 1.0
24 28 29 1.0
88 76 85 1.0
24 16 2 1.0
65 78 97 1.0
0 1 7 1.0
88 51 67 1.0
10 2 21 1.0
59 50 67 1.0
26 36 22 1.0
66 60 77 1.0
27 45 15 1.0
93 68 85 1.0
28 22 30 1.0
73 60 55 1.0
44 21 7 1.0
58 60 55 1.0
28 21 15 1.0
72 98 76 1.0
3 13 14 1.0
96 75 52 1.0
11 28 44 1.0
91 60 55 1.0
24 11 28 1.0
72 85 79 1.0
40 32 36 1.0
97 74 67 1.0
10 35 39 1.0
64 79 55 1.0
19 20 21 1.0
76 53 63 1.0
44 30 47 1.0
73 99 57 1.0
20 36 47 1.0
59 84 79 1.0
9 35 22 1.0
90 59 62 1.0
8 4 14 1.0
75 67 61 1.0
0 28 12 1.0
84 93 87 1.0
49 36 21 1.0
96 73 87 1.0
0 40 31 1.0
97 67 61 1.0
32 33 26 1.0
89 68 78 1.0
17 35 20 1.0
64 88 99 1.0
33 13 37 1.0
72 82 67 1.0
35 36 6 1.0
67 84 53 1.0
0 42 46 1.0
66 58 95 1.0
38 25 6 1.0
80 74 94 1.0
18 26 14 1.0
65 61 86 1.0
46 12 44 1.0
73 86 55 1.0
9 19 14 1.0
81 74 79 1.0
40 21 23 1.0
76 87 68 1.0
3 28 13 1.0
80 54 95 1.0
0 17 38 1.0
94 52 86 1.0
33 5 14 1.0
98 92 60 1.0
49 35 44 1.0
94 92 54 1.0
42 27 14 1.0
75 77 95 1.0
11 29 31 1.0
93 54 95 1.0
24 49 1 1.0
73 94 95 1.0
48 49 4 1.0
76 94 92 1.0
0 43 28 1.0
84 52 68 1.0
38 21 14 1.0
90 84 54 1.0
0 49 1 1.0
73 69 93 1.0
35 44 30 1.0
81 53 57 1.0
1 36 23 1.0
72 74 95 1.0
32 26 19 1.0
89 98 52 1.0
0 24 21 1.0
58 91 84 1.0
32 43 6 1.0
82 59 63 1.0
32 43 29 1.0
72 64 61 1.0
49 2 23 1.0
51 84 86 1.0
32 49 10 1.0
65 89 55 1.0
40 36 30 1.0
56 50 70 1.0
17 6 23 1.0
89 66 60 1.0
40 10 28 1.0
64 57 82 1.0
2 20 15 1.0
51 50 83 1.0
13 11 5 1.0
72 50 67 1.0
32 19 39 1.0
82 50 53 1.0
1 44 30 1.0
80 68 78 1.0
33 10 11 1.0
72 82 96 1.0
8 41 2 1.0
72 58 99 1.0
0 33 44 1.0
88 73 68 1.0
43 19 14 1.0
80 81 50 1.0
15 30 31 1.0
57 99 76 1.0
33 20 9 1.0
50 91 84 1.0
24 12 21 1.0
90 51 98 1.0
37 22 39 1.0
98 99 93 1.0
41 34 28 1.0
97 91 71 1.0
40 13 21 1.0
90 69 77 1.0
1 30 47 1.0
97 53 94 1.0
40 7 47 1.0
88 75 94 1.0
9 44 5 1.0
72 89 78 1.0
17 19 23 1.0
96 88 75 1.0
0 43 19 1.0
88 51 63 1.0
40 44 22 1.0
91 52 87 1.0
25 46 49 1.0
89 74 83 1.0
40 3 36 1.0
60 53 71 1.0
22 38 30 1.0
96 80 63 1.0
18 11 45 1.0
88 84 71 1.0
24 17 2 1.0
59 53 71 1.0
25 10 20 1.0
74 84 93 1.0
19 44 47 1.0
88 50 77 1.0
0 28 46 1.0
80 81 94 1.0
11 27 46 1.0
66 52 92 1.0
4 29 22 1.0
73 83 70 1.0
8 34 28 1.0
80 57 63 1.0
42 44 7 1.0
91 99 90 1.0
21 38 15 1.0
57 62 71 1.0
9 12 15 1.0
83 52 76 1.0
40 35 4 1.0
99 52 87 1.0
48 25 39 1.0
59 52 87 1.0
41 34 7 1.0
58 52 84 1.0
3 11 13 1.0
93 53 54 1.0
0 18 48 1.0
97 68 79 1.0
19 38 39 1.0
82 60 66 1.0
0 5 30 1.0
83 59 94 1.0
1 27 4 1.0
80 56 99 1.0
9 6 47 1.0
64 54 63 1.0
27 13 39 1.0
96 84 95 1.0
2 34 19 1.0
84 77 54 1.0
5 45 37 1.0
64 89 99 1.0
49 26 4 1.0
91 69 63 1.0
40 28 6 1.0
75 76 54 1.0
0 49 32 1.0
90 52 58 1.0
10 3 44 1.0
58 50 62 1.0
46 38 22 1.0
85 70 55 1.0
40 12 13 1.0
72 66 68 1.0
2 12 31 1.0
59 61 70 1.0
25 22 33 1.0
98 85 70 1.0
20 5 31 1.0
89 77 54 1.0
35 3 14 1.0
98 66 77 1.0
25 36 33 1.0
50 76 86 1.0
33 19 37 1.0
53 86 87 1.0
27 3 38 1.0
80 90 54 1.0
49 23 41 1.0
80 89 53 1.0
24 35 37 1.0
56 94 87 1.0
2 5 39 1.0
67 59 76 1.0
8 48 11 1.0
81 90 52 1.0
24 10 22 1.0
81 50 68 1.0
40 4 22 1.0
97 58 79 1.0
41 28 23 1.0
96 64 51 1.0
32 1 29 1.0
81 75 53 1.0
32 42 20 1.0
58 59 63 1.0
43 3 6 1.0
89 60 68 1.0
32 36 15 1.0
50 67 82 1.0
40 19 28 1.0
97 76 77 1.0
33 44 30 1.0
61 60 85 1.0
41 43 30 1.0
57 82 77 1.0
8 24 36 1.0
50 92 58 1.0
27 19 22 1.0
73 77 94 1.0
25 10 2 1.0
89 50 84 1.0
26 19 5 1.0
50 67 63 1.0
34 14 31 1.0
74 76 78 1.0
10 13 7 1.0
82 59 85 1.0
42 36 6 1.0
84 93 70 1.0
21 30 6 1.0
96 57 63 1.0
33 43 6 1.0
66 99 98 1.0
18 26 22 1.0
90 58 63 1.0
1 4 12 1.0
74 70 71 1.0
16 42 37 1.0
96 90 92 1.0
33 34 21 1.0
81 58 82 1.0
24 17 19 1.0
73 90 85 1.0
1 11 14 1.0
88 62 87 1.0
44 37 46 1.0
58 52 54 1.0
33 29 17 1.0
64 57 60 1.0
1 21 7 1.0
57 52 55 1.0
33 34 3 1.0
72 59 96 1.0
40 9 29 1.0
98 54 87 1.0
2 19 30 1.0
88 74 71 1.0
20 37 7 1.0
83 93 62 1.0
32 39 23 1.0
89 99 54 1.0
0 37 13 1.0
98 61 70 1.0
48 16 46 1.0
66 51 76 1.0
40 42 11 1.0
73 60 76 1.0
25 12 6 1.0
57 53 71 1.0
3 45 22 1.0
97 51 86 1.0
43 12 6 1.0
89 91 86 1.0
34 6 7 1.0
51 79 95 1.0
16 41 27 1.0
72 57 51 1.0
35 43 44 1.0
64 63 71 1.0
38 14 7 1.0
66 99 90 1.0
1 4 38 1.0
98 51 87 1.0
0 19 28 1.0
56 58 79 1.0
19 12 7 1.0
50 67 76 1.0
2 3 7 1.0
75 92 87 1.0
12 22 39 1.0
50 91 53 1.0
17 12 1 1.0
59 83 52 1.0
48 28 30 1.0
90 84 77 1.0
8 41 6 1.0
65 68 86 1.0
8 36 5 1.0
96 73 72 1.0
18 36 23 1.0
76 53 60 1.0
25 10 18 1.0
57 51 86 1.0
25 27 31 1.0
91 98 51 1.0
24 40 3 1.0
96 69 85 1.0
2 43 39 1.0
56 73 60 1.0
0 44 45 1.0
57 66 51 1.0
24 33 48 1.0
96 72 62 1.0
24 12 31 1.0
56 82 76 1.0
1 3 6 1.0
57 98 99 1.0
27 36 7 1.0
50 84 86 1.0
21 29 6 1.0
81 57 69 1.0
41 43 12 1.0
90 51 50 1.0
36 44 39 1.0
72 82 67 1.0
19 20 46 1.0
96 81 72 1.0
2 19 23 1.0
88 98 91 1.0
10 27 38 1.0
66 94 63 1.0
9 42 46 1.0
84 94 92 1.0
48 9 42 1.0
90 76 54 1.0
19 21 30 1.0
80 97 67 1.0
0 3 12 1.0
83 52 55 1.0
33 7 23 1.0
60 78 84 1.0
3 4 5 1.0
66 83 68 1.0
48 43 19 1.0
65 93 97 1.0
48 43 30 1.0
65 76 69 1.0
43 20 23 1.0
80 98 75 1.0
20 28 13 1.0
65 82 87 1.0
0 49 4 1.0
70 54 79 1.0
48 28 46 1.0
66 54 71 1.0
33 26 46 1.0
57 94 97 1.0
49 15 47 1.0
60 70 63 1.0
17 29 7 1.0
97 90 58 1.0
48 11 21 1.0
58 54 55 1.0
32 40 7 1.0
90 99 61 1.0
34 44 29 1.0
66 83 58 1.0
32 1 36 1.0
66 99 90 1.0
24 19 21 1.0
62 67 70 1.0
2 20 31 1.0
64 50 61 1.0
1 3 38 1.0
74 76 86 1.0
40 25 7 1.0
66 98 95 1.0
24 45 14 1.0
57 78 79 1.0
25 10 11 1.0
57 60 70 1.0
0 20 22 1.0
75 84 86 1.0
40 38 14 1.0
56 82 62 1.0
0 33 32 1.0
83 91 69 1.0
16 25 12 1.0
88 50 52 1.0
1 10 44 1.0
91 58 67 1.0
0 17 22 1.0
70 71 63 1.0
0 24 26 1.0
73 83 99 1.0
41 11 13 1.0
96 84 71 1.0
40 26 29 1.0
80 76 92 1.0
32 12 15 1.0
80 74 94 1.0
9 18 11 1.0
57 75 86 1.0
32 34 30 1.0
65 90 92 1.0
40 5 23 1.0
58 63 55 1.0
4 45 47 1.0
89 82 53 1.0
40 33 20 1.0
51 55 63 1.0
9 27 39 1.0
90 53 61 1.0
48 5 7 1.0
64 56 79 1.0
0 39 47 1.0
88 72 86 1.0
40 48 12 1.0
88 89 90 1.0
0 9 37 1.0
50 82 94 1.0
2 10 30 1.0
89 83 69 1.0
33 34 38 1.0
82 68 55 1.0
24 9 39 1.0
97 50 78 1.0
41 44 22 1.0
50 83 93 1.0
8 1 21 1.0
58 76 86 1.0
49 34 7 1.0
81 89 99 1.0
48 26 43 1.0
97 50 67 1.0
33 20 30 1.0
56 65 62 1.0
9 26 31 1.0
65 60 94 1.0
32 44 31 1.0
82 99 70 1.0
24 6 31 1.0
96 66 75 1.0
32 43 22 1.0
92 77 87 1.0
9 18 4 1.0
89 50 60 1.0
8 48 38 1.0
80 59 60 1.0
40 37 29 1.0
80 66 78 1.0
49 36 45 1.0
56 50 66 1.0
5 29 31 1.0
86 91 54 1.0
35 5 38 1.0
81 99 92 1.0
24 17 18 1.0
80 88 75 1.0
42 27 13 1.0
78 98 94 1.0
10 4 7 1.0
75 52 55 1.0
1 3 37 1.0
82 77 79 1.0
26 4 13 1.0
90 61 78 1.0
35 13 46 1.0
64 60 93 1.0
2 11 34 1.0
89 97 71 1.0
34 35 46 1.0
90 77 70 1.0
43 21 30 1.0
96 65 62 1.0
40 10 37 1.0
83 76 63 1.0
48 22 15 1.0
67 68 93 1.0
10 43 23 1.0
88 81 68 1.0
40 25 6 1.0
64 66 67 1.0
41 35 39 1.0
80 75 85 1.0
8 25 7 1.0
96 70 71 1.0
27 4 23 1.0
83 76 69 1.0
34 28 5 1.0
94 74 70 1.0
