65 4 37 72 77 45 81 52 86 87 56 25 59 94 63 1.0
0 1 66 35 38 6 40 18 83 84 51 88 60 62 95 1.0
98 67 5 6 44 45 79 48 81 18 80 85 25 26 63 1.0
99 35 5 6 8 75 76 81 18 83 93 58 91 61 31 1.0
97 65 70 39 12 78 46 19 85 86 87 89 91 28 31 1.0
68 71 72 7 42 27 76 49 18 25 26 91 60 94 63 1.0
32 33 66 36 37 42 11 78 79 48 83 22 89 61 25 1.0
65 66 67 36 69 7 39 73 11 75 16 17 81 93 95 1.0
96 1 97 8 10 77 47 79 83 61 21 24 58 27 93 1.0
32 97 96 3 37 38 10 13 81 50 23 87 56 26 59 1.0
33 66 26 35 98 4 74 44 14 51 24 58 28 93 63 1.0
96 98 2 42 74 50 19 22 55 25 58 59 28 94 31 1.0
64 33 2 39 8 9 76 47 48 49 29 17 24 61 94 1.0
97 98 67 99 6 8 9 10 44 77 13 80 51 52 87 1.0
33 66 99 4 37 41 74 44 18 53 24 25 91 30 63 1.0
1 34 9 42 43 16 82 83 20 22 23 27 28 30 95 1.0
32 97 67 68 5 38 41 73 45 48 84 22 55 89 58 1.0
64 99 5 72 43 47 51 52 84 61 56 90 31 29 63 1.0
98 3 37 38 9 42 74 44 52 21 86 25 91 92 30 1.0
41 74 43 11 76 12 48 81 51 55 87 88 91 28 29 1.0
64 2 37 38 7 8 44 12 47 48 51 20 21 57 27 1.0
96 65 64 34 5 72 9 73 13 46 15 49 22 88 91 1.0
96 3 99 5 38 72 73 78 85 88 89 91 28 93 95 1.0
97 34 6 70 8 78 49 19 20 86 88 25 26 92 95 1.0
72 73 8 76 47 92 49 79 51 84 53 86 23 28 93 1.0
98 68 69 71 11 12 47 79 85 22 62 89 27 60 25 1.0
64 98 34 40 11 44 15 49 18 51 85 30 59 95 63 1.0
96 64 2 34 26 5 73 75 76 80 54 58 60 61 63 1.0
0 98 99 68 8 11 78 51 55 54 94 57 59 29 25 1.0
0 35 3 38 7 10 43 79 81 82 24 89 27 60 63 1.0
34 99 35 68 98 39 8 40 10 81 19 85 22 88 92 1.0
96 98 35 2 69 71 44 48 84 85 55 88 58 94 31 1.0
65 1 68 69 36 4 8 12 80 82 20 55 23 88 91 1.0
64 1 2 0 5 6 39 73 12 14 52 53 57 30 63 1.0
1 67 3 40 10 75 13 46 79 15 20 24 90 93 95 1.0
65 33 66 98 69 74 47 18 85 21 23 24 25 59 29 1.0
64 96 2 67 4 69 6 80 83 84 21 59 60 29 31 1.0
96 37 7 39 59 43 16 52 20 55 56 94 91 93 30 1.0
66 98 4 8 74 43 77 14 92 80 79 19 53 24 60 1.0
96 69 38 5 74 15 48 16 50 52 20 22 85 89 94 1.0
32 89 98 67 68 5 37 3 8 49 17 86 57 27 92 1.0
96 97 3 67 6 39 43 12 79 80 21 85 87 24 26 1.0
33 5 71 8 73 12 76 18 51 84 53 93 59 60 29 1.0
2 3 39 8 43 46 82 93 85 87 58 59 28 61 94 1.0
1 2 98 5 38 71 40 41 74 48 49 56 90 61 94 1.0
65 66 2 4 37 97 7 40 43 47 16 17 18 19 24 1.0
0 2 35 37 11 12 77 13 46 50 85 22 55 27 28 1.0
66 69 39 72 73 74 12 77 46 81 86 87 56 25 62 1.0
96 2 3 35 38 40 43 47 17 50 54 86 24 56 63 1.0
4 73 11 12 13 46 48 82 51 19 87 57 91 61 25 1.0
1 6 39 73 44 13 12 49 51 54 87 24 89 90 92 1.0
64 98 99 4 37 39 10 44 12 15 17 18 27 28 31 1.0
0 33 37 69 40 8 44 78 80 16 21 88 56 27 93 1.0
1 99 10 44 79 80 92 18 21 86 88 26 59 28 94 1.0
96 1 33 3 66 97 70 42 43 80 50 82 24 57 95 1.0
96 64 37 71 42 77 14 18 53 86 89 26 59 60 30 1.0
65 5 38 71 9 47 48 82 18 50 85 22 20 88 24 1.0
32 2 4 68 70 7 42 10 44 78 79 80 52 58 27 1.0
34 3 69 72 76 77 45 48 81 19 53 56 24 61 63 1.0
0 34 67 10 44 76 78 15 79 81 47 51 52 26 31 1.0
64 97 4 5 6 43 76 45 79 17 85 87 56 90 93 1.0
36 70 71 7 74 43 47 17 50 52 86 56 58 61 30 1.0
69 38 70 73 74 75 12 78 15 80 82 51 52 24 59 1.0
0 97 35 77 17 82 20 85 54 55 62 57 59 94 95 1.0
64 3 99 36 72 73 10 77 78 80 52 22 23 91 95 1.0
65 97 33 7 72 74 10 78 47 85 22 23 54 53 59 1.0
96 97 33 6 42 76 77 46 23 21 87 30 27 28 94 1.0
33 69 70 39 38 73 74 44 45 78 15 18 52 23 26 1.0
4 71 9 78 46 14 81 82 83 17 53 54 25 27 30 1.0
0 65 2 3 99 88 59 19 87 24 58 27 61 62 63 1.0
96 34 6 9 41 43 11 45 46 79 16 51 90 59 31 1.0
71 72 73 43 77 14 47 16 50 53 22 21 88 92 30 1.0
96 32 65 69 37 9 77 47 83 19 53 84 88 89 27 1.0
1 36 69 70 7 43 12 44 47 23 87 30 26 91 62 1.0
0 65 5 74 79 48 15 20 86 23 88 89 26 60 31 1.0
0 1 69 6 71 44 46 47 15 49 82 53 86 55 31 1.0
98 36 5 38 59 47 80 49 82 81 50 88 89 27 61 1.0
66 37 72 11 44 75 81 50 84 20 86 25 28 30 57 1.0
65 33 99 38 7 39 9 91 45 15 80 48 21 59 31 1.0
32 98 68 5 6 7 11 48 82 51 22 57 59 93 62 1.0
97 2 67 5 69 77 46 15 80 49 82 17 47 58 62 1.0
97 2 67 36 5 9 42 15 80 81 20 85 22 84 90 1.0
67 5 72 9 41 11 15 92 18 55 57 58 28 29 95 1.0
97 98 5 72 9 74 75 43 77 13 86 23 58 28 93 1.0
34 36 72 10 11 76 79 17 18 50 51 21 55 91 94 1.0
32 33 98 65 4 34 70 41 78 81 18 57 28 94 31 1.0
66 35 67 37 71 40 8 76 46 47 78 82 19 89 26 1.0
64 0 99 38 10 91 43 75 50 86 87 56 26 59 95 1.0
32 67 36 5 39 43 17 51 84 55 24 89 59 28 30 1.0
6 72 10 46 47 50 52 93 87 56 90 31 29 30 95 1.0
98 58 37 78 15 48 18 19 84 52 57 90 91 92 29 1.0
66 35 69 39 9 75 14 52 21 20 55 24 90 61 62 1.0
96 97 98 2 99 39 71 9 75 17 53 22 92 93 30 1.0
66 99 36 75 44 45 47 16 50 51 21 22 87 26 62 1.0
32 64 67 36 69 37 7 43 51 20 23 89 93 95 31 1.0
0 33 98 5 8 44 76 18 51 22 55 88 57 26 63 1.0
2 35 68 67 38 39 34 83 54 55 56 25 29 94 95 1.0
64 1 98 6 71 39 11 77 15 17 19 56 31 94 63 1.0
0 33 1 64 68 38 8 42 43 81 20 54 57 90 27 1.0
3 69 38 73 75 78 15 17 49 84 86 54 88 62 31 1.0
0 2 98 68 34 99 73 48 17 19 23 51 87 58 60 1.0
34 99 98 69 39 7 43 80 18 19 84 54 87 27 29 1.0
2 98 36 6 40 43 83 22 87 26 91 28 93 30 95 1.0
32 4 37 70 71 46 47 78 82 19 22 23 58 29 94 1.0
33 70 11 44 47 81 18 83 17 85 53 21 92 30 31 1.0
64 65 35 99 41 42 10 76 45 46 78 53 86 27 93 1.0
0 33 64 3 71 7 15 49 18 20 22 87 27 30 31 1.0
32 64 66 58 41 74 43 81 18 20 21 57 90 59 28 1.0
64 1 38 39 72 9 75 45 47 22 30 57 91 61 62 1.0
96 97 98 66 5 39 41 46 14 22 87 57 58 93 94 1.0
5 69 39 42 10 12 78 48 80 49 19 21 54 27 93 1.0
64 65 1 33 4 37 69 38 43 13 47 15 22 23 86 1.0
33 34 67 98 6 71 13 19 20 22 54 88 90 29 30 1.0
97 1 3 38 72 9 12 46 14 16 49 50 18 56 92 1.0
0 65 2 98 68 1 74 44 14 15 48 85 88 57 91 1.0
98 67 39 41 91 44 14 79 20 55 89 90 59 29 95 1.0
58 36 6 39 76 46 81 51 19 54 24 89 26 61 25 1.0
2 99 5 6 70 38 10 78 47 81 83 86 90 59 62 1.0
0 32 34 36 70 40 42 75 77 48 17 50 22 25 27 1.0
68 6 7 70 71 74 11 76 72 82 53 21 23 24 91 1.0
98 68 6 71 74 11 75 77 80 19 87 62 89 91 30 1.0
99 26 5 39 72 74 11 77 15 19 51 21 56 58 92 1.0
96 33 66 35 2 37 40 13 14 50 53 23 94 28 62 1.0
32 65 2 67 5 90 7 73 91 77 17 24 89 58 27 1.0
32 65 66 35 2 90 40 46 18 52 56 26 92 29 95 1.0
64 66 36 90 71 39 75 76 50 18 21 55 58 60 61 1.0
32 33 34 36 68 38 7 27 41 46 14 17 21 91 94 1.0
5 39 75 43 44 80 16 19 86 22 57 26 60 62 95 1.0
32 65 35 68 59 45 47 81 18 85 26 91 93 30 95 1.0
67 99 4 39 41 60 79 80 49 15 83 51 56 28 63 1.0
66 36 37 27 75 13 17 18 49 82 21 22 23 91 29 1.0
32 33 66 37 40 9 43 77 81 19 22 55 25 93 30 1.0
0 65 98 67 69 41 11 43 14 81 19 56 27 93 94 1.0
64 65 36 7 41 10 45 79 81 17 51 19 55 58 94 1.0
0 65 98 71 72 41 75 16 61 83 54 88 26 27 29 1.0
96 65 99 72 11 75 14 16 82 18 52 89 26 91 63 1.0
34 68 4 38 41 14 79 82 53 86 55 54 57 26 22 1.0
33 67 99 38 39 41 13 14 46 16 19 20 26 60 94 1.0
34 35 68 4 43 79 48 63 19 85 86 28 29 94 31 1.0
97 98 67 34 5 37 73 44 45 79 50 82 86 58 29 1.0
33 2 99 36 6 72 13 77 15 78 83 86 87 88 28 1.0
97 34 98 5 28 79 48 81 50 54 87 89 90 27 92 1.0
34 26 38 8 41 42 76 77 51 54 23 57 90 61 94 1.0
33 39 7 74 11 76 19 24 23 55 56 89 92 62 95 1.0
0 1 66 36 37 70 39 27 75 76 18 23 88 58 91 1.0
96 34 3 68 99 70 39 12 14 15 16 47 24 57 60 1.0
65 3 99 39 8 11 12 47 48 81 15 83 87 91 31 1.0
34 67 6 75 45 47 80 18 51 21 54 89 27 93 31 1.0
0 33 68 37 72 10 77 46 49 54 23 24 28 29 62 1.0
97 66 98 35 39 40 10 75 15 49 19 57 91 60 61 1.0
34 7 39 41 73 43 76 17 82 51 19 86 26 93 63 1.0
1 2 99 3 40 45 16 17 50 49 54 57 91 30 63 1.0
32 6 70 9 12 14 78 17 61 53 22 57 26 27 93 1.0
97 66 1 4 35 39 41 43 81 17 51 52 23 87 88 1.0
96 65 34 3 43 76 45 46 77 44 22 87 89 58 91 1.0
0 64 35 7 8 42 44 77 15 79 50 51 82 24 92 1.0
32 2 35 37 39 73 42 11 79 49 53 85 87 24 91 1.0
96 65 0 37 9 79 80 15 18 21 54 56 57 90 94 1.0
34 6 71 75 12 46 47 80 48 85 53 24 88 92 94 1.0
96 1 3 72 10 77 84 55 86 30 24 57 58 61 62 1.0
64 98 69 8 74 43 44 46 48 23 55 88 26 29 63 1.0
32 1 97 96 45 61 53 22 86 24 25 91 60 93 94 1.0
97 34 73 43 75 51 84 21 86 24 57 26 59 28 30 1.0
32 64 66 67 99 5 69 4 97 12 52 56 89 91 93 1.0
32 97 33 99 2 72 40 74 42 46 49 25 90 60 63 1.0
64 36 39 71 43 44 76 47 86 56 89 90 28 61 95 1.0
32 67 3 8 10 11 60 79 81 85 88 25 91 28 61 1.0
64 97 2 96 98 71 8 72 78 47 80 82 26 59 95 1.0
0 33 35 7 71 40 46 15 79 81 52 85 25 92 62 1.0
99 39 8 41 10 76 12 14 15 51 53 22 57 26 91 1.0
0 97 66 37 5 9 42 41 13 49 17 84 56 25 28 1.0
35 67 68 70 27 9 46 47 16 81 17 53 25 91 60 1.0
33 34 67 99 37 70 9 77 45 49 18 83 86 91 61 1.0
96 2 35 39 73 41 11 12 79 20 85 25 59 29 62 1.0
0 33 66 37 45 78 80 51 83 53 56 24 59 61 95 1.0
64 34 66 10 11 48 49 50 83 21 56 26 91 28 93 1.0
65 4 69 70 7 68 11 75 14 18 82 25 61 95 57 1.0
65 67 3 69 6 70 40 4 11 14 78 15 25 62 57 1.0
32 97 35 36 70 13 15 48 16 50 84 53 20 87 27 1.0
97 7 74 12 78 79 15 81 85 87 24 26 60 61 63 1.0
0 98 99 67 69 5 39 41 74 44 14 49 54 23 86 1.0
33 90 7 73 76 45 44 15 79 84 22 88 62 26 30 1.0
33 66 98 37 70 7 9 42 73 12 14 79 23 24 88 1.0
99 37 10 11 76 79 17 18 84 53 55 24 89 28 30 1.0
33 3 69 5 7 72 74 47 80 15 51 53 22 88 90 1.0
32 64 67 6 8 42 75 15 48 50 21 23 88 90 61 1.0
1 97 36 37 71 8 72 44 12 48 81 17 84 59 62 1.0
33 66 99 4 70 72 45 78 49 51 83 84 86 24 63 1.0
98 37 71 75 11 77 15 49 84 53 87 55 60 61 62 1.0
33 2 90 71 43 44 57 50 87 24 25 26 27 28 31 1.0
65 2 35 1 37 70 97 75 45 46 47 48 49 51 27 1.0
65 97 5 8 41 10 11 76 12 17 82 19 24 91 29 1.0
98 67 5 73 76 46 79 48 16 21 89 91 31 61 95 1.0
4 70 41 75 76 44 79 81 23 55 88 27 60 62 63 1.0
96 33 67 36 38 45 50 51 20 85 86 55 56 94 95 1.0
67 37 69 39 42 11 43 51 85 87 24 90 88 29 95 1.0
96 71 8 27 74 12 13 46 29 83 21 56 59 61 94 1.0
0 65 64 1 36 38 39 74 11 76 17 55 25 26 94 1.0
2 98 68 41 74 12 13 81 83 87 56 58 88 92 63 1.0
96 34 36 6 71 78 47 16 81 18 51 84 53 59 62 1.0
0 65 2 99 74 11 12 10 46 47 16 84 57 90 62 1.0
32 97 1 35 33 69 3 16 80 20 23 84 55 94 95 1.0
0 65 33 4 68 69 5 9 14 81 53 86 58 28 61 1.0
64 96 35 68 39 40 12 44 46 15 83 84 88 56 62 1.0
64 96 5 41 42 11 49 18 81 84 22 87 28 61 31 1.0
64 1 98 68 7 43 75 77 49 18 20 24 27 28 61 1.0
64 35 36 67 70 42 75 78 47 52 53 86 92 61 31 1.0
32 98 99 68 67 2 40 73 42 79 18 55 56 26 63 1.0
1 68 8 46 79 15 81 29 51 82 23 24 90 59 61 1.0
33 66 58 4 41 43 11 78 15 79 17 19 24 90 28 1.0
33 98 34 4 3 41 43 46 47 79 20 86 87 60 31 1.0
96 68 6 38 9 41 79 80 17 16 21 22 89 95 31 1.0
0 65 3 35 6 8 10 43 12 16 17 19 25 91 28 1.0
66 35 36 71 72 43 44 19 83 86 87 24 58 91 62 1.0
32 1 2 65 72 41 8 73 78 47 51 57 26 28 94 1.0
64 33 66 99 11 45 13 46 83 85 56 24 60 30 63 1.0
96 65 97 34 68 69 73 48 82 19 21 54 22 24 89 1.0
97 69 7 73 77 79 80 47 30 87 23 24 90 59 94 1.0
68 6 40 41 74 11 13 60 16 17 82 58 28 94 31 1.0
97 39 9 44 79 16 19 52 53 85 87 25 89 26 30 1.0
33 98 38 7 42 10 13 78 15 20 23 30 57 93 62 1.0
32 65 97 67 2 37 5 10 18 82 20 86 30 88 94 1.0
0 33 98 1 36 90 68 42 11 13 48 49 19 88 58 1.0
0 89 35 71 41 42 13 46 51 55 94 58 27 92 62 1.0
0 2 36 69 38 9 74 10 76 79 50 52 54 24 29 1.0
96 97 38 8 9 10 42 49 52 85 21 20 24 58 91 1.0
33 2 35 67 5 38 1 72 11 45 79 85 55 59 31 1.0
33 2 1 3 69 38 71 15 47 82 61 21 57 29 31 1.0
64 1 33 67 70 40 14 79 82 53 23 89 58 27 62 1.0
0 97 3 36 5 11 13 14 79 53 21 24 27 30 31 1.0
64 36 73 9 43 76 41 46 83 52 21 85 53 92 95 1.0
0 97 4 36 8 43 78 47 48 81 19 88 58 28 30 1.0
68 5 70 37 40 43 76 80 49 50 84 53 22 23 62 1.0
2 4 74 75 43 45 42 15 17 50 53 23 59 60 94 1.0
65 68 37 69 75 47 16 49 21 85 23 27 31 30 63 1.0
96 1 65 99 67 39 43 12 44 11 48 49 84 89 90 1.0
34 6 71 39 75 12 77 14 49 85 53 55 28 94 63 1.0
33 67 68 36 70 5 42 11 76 75 77 78 27 92 93 1.0
89 3 35 37 40 41 72 45 16 17 84 55 25 59 93 1.0
98 37 90 71 72 44 46 15 16 82 50 52 21 26 31 1.0
0 33 96 9 10 41 44 92 49 81 54 88 89 91 28 1.0
0 98 4 8 74 10 12 47 16 49 17 55 56 89 59 1.0
97 1 67 6 7 77 79 16 80 50 52 23 61 30 31 1.0
65 34 99 70 39 41 42 11 45 19 21 86 26 60 62 1.0
33 99 36 67 6 39 5 75 16 19 84 86 28 61 62 1.0
64 97 68 37 72 11 44 14 15 80 16 21 26 91 29 1.0
64 68 39 42 43 46 48 52 54 23 25 58 57 93 31 1.0
32 33 66 67 36 69 10 45 81 51 24 25 91 61 30 1.0
3 37 73 76 13 47 80 49 51 52 93 86 30 29 62 1.0
65 5 38 69 40 59 70 72 45 77 83 55 89 91 93 1.0
32 35 4 5 6 39 36 40 42 11 45 15 48 19 24 1.0
65 66 67 59 60 83 84 53 54 87 61 58 91 92 93 1.0
0 32 33 4 37 41 11 13 15 16 19 20 21 29 30 1.0
64 97 72 76 78 81 82 51 52 50 57 59 92 61 62 1.0
1 2 3 35 5 39 40 8 12 15 16 19 25 26 30 1.0
65 67 70 91 76 77 79 92 53 88 57 59 60 62 63 1.0
1 2 37 41 11 45 47 48 49 18 15 20 23 25 31 1.0
64 96 66 69 79 81 84 85 53 88 57 56 91 61 62 1.0
0 2 36 5 6 40 10 44 46 47 16 17 22 24 31 1.0
98 67 68 69 70 59 50 51 54 87 88 91 61 62 63 1.0
0 3 37 41 10 12 44 46 47 16 22 23 26 29 30 1.0
97 69 70 73 74 77 61 53 54 55 88 62 93 94 63 1.0
33 2 36 6 39 41 42 10 12 44 15 47 18 23 30 1.0
96 97 67 70 73 77 50 85 53 87 55 89 91 62 63 1.0
36 37 6 7 39 38 12 13 45 46 16 20 22 23 28 1.0
64 98 68 76 77 79 50 83 93 87 55 88 61 62 63 1.0
33 34 1 39 42 45 15 48 49 19 20 21 25 27 30 1.0
64 96 98 67 97 70 73 80 82 52 86 56 90 59 93 1.0
32 34 36 7 41 9 43 15 48 49 19 21 25 28 30 1.0
96 97 68 73 75 78 92 85 86 87 56 57 90 88 60 1.0
0 1 36 37 6 40 41 9 11 13 14 46 19 25 27 1.0
64 97 66 68 69 71 73 75 76 92 61 89 60 93 62 1.0
33 34 37 6 7 10 44 13 46 18 19 23 27 28 31 1.0
97 98 66 70 73 74 91 84 53 87 55 89 59 94 57 1.0
32 6 8 9 11 45 48 49 18 21 22 24 26 29 30 1.0
64 65 67 68 69 72 73 75 78 81 50 84 55 58 60 1.0
33 2 35 37 6 7 10 42 43 11 46 48 18 23 29 1.0
64 66 99 68 69 70 67 73 77 78 83 54 88 57 58 1.0
32 0 36 37 10 11 13 14 47 16 17 45 23 25 27 1.0
64 66 69 72 73 75 76 78 81 83 56 89 90 93 62 1.0
1 4 37 6 40 9 11 47 48 17 18 21 26 28 31 1.0
64 65 66 69 70 79 80 81 50 83 84 52 53 62 95 1.0
1 2 36 37 7 8 9 12 13 47 16 15 22 29 30 1.0
67 69 77 78 60 80 79 83 51 84 55 88 92 93 62 1.0
32 35 4 37 40 12 46 15 48 16 18 47 14 22 30 1.0
97 65 69 72 77 80 50 85 55 57 58 59 61 94 63 1.0
1 33 37 6 40 8 10 12 13 14 47 49 17 20 23 1.0
96 69 71 73 80 83 51 53 85 87 89 58 60 61 95 1.0
32 33 0 36 37 10 43 14 47 48 17 15 19 23 27 1.0
64 65 69 71 74 50 51 84 61 54 56 91 60 93 62 1.0
33 1 2 4 5 6 38 41 43 12 44 21 23 26 28 1.0
96 99 58 71 75 77 61 84 52 83 88 90 59 93 95 1.0
0 2 6 39 8 41 9 10 38 46 15 16 18 20 24 1.0
64 98 99 58 69 71 75 82 55 86 87 53 90 93 62 1.0
0 1 34 37 7 40 41 10 47 21 22 25 26 30 31 1.0
97 98 67 68 69 70 58 72 75 79 83 55 89 90 59 1.0
0 36 37 39 40 41 10 44 46 48 16 49 21 24 26 1.0
64 97 71 59 84 52 54 55 88 89 90 91 92 87 85 1.0
0 33 2 34 4 32 37 42 11 43 45 48 17 20 28 1.0
67 68 58 70 74 77 51 52 85 87 62 57 90 92 94 1.0
34 4 37 7 42 11 44 15 48 16 19 23 26 30 31 1.0
97 98 74 75 76 52 93 54 55 56 86 90 92 61 62 1.0
0 33 34 3 4 36 38 9 11 44 13 18 21 22 31 1.0
64 97 98 67 70 73 78 83 52 84 53 87 89 60 63 1.0
1 2 33 36 37 42 12 13 15 48 49 17 19 23 30 1.0
64 68 73 91 74 79 50 82 52 53 86 88 89 59 93 1.0
2 3 4 40 43 14 48 49 17 23 24 26 27 28 31 1.0
65 98 99 97 58 71 74 76 81 50 83 85 90 92 62 1.0
32 0 37 40 9 10 8 44 12 14 42 20 21 24 31 1.0
99 71 72 77 80 63 51 84 85 53 54 57 60 61 95 1.0
32 35 36 38 40 44 13 14 47 17 18 23 27 29 30 1.0
89 65 98 66 70 72 73 51 86 55 87 57 56 91 95 1.0
1 34 2 4 7 8 43 12 44 13 47 49 18 19 29 1.0
96 59 74 78 83 84 85 55 87 86 57 91 60 94 63 1.0
0 34 35 36 40 10 44 13 45 49 20 23 25 30 31 1.0
96 99 69 71 73 75 51 52 53 86 87 56 89 90 59 1.0
0 2 4 37 42 43 12 13 16 19 20 22 26 27 28 1.0
96 68 58 70 73 80 50 83 52 84 56 57 90 91 94 1.0
32 1 5 10 43 11 44 45 16 17 18 19 26 28 30 1.0
98 68 69 72 73 79 80 51 85 87 56 57 88 92 61 1.0
0 36 39 8 41 10 44 13 14 15 17 18 22 23 31 1.0
65 67 68 72 73 74 75 76 50 83 84 85 87 89 60 1.0
35 5 38 7 10 47 16 17 18 49 20 22 27 29 31 1.0
98 68 70 73 77 82 85 53 87 86 89 88 92 62 63 1.0
0 33 2 1 4 5 39 40 41 42 14 47 19 20 28 1.0
96 99 71 78 79 81 51 85 53 87 54 57 90 61 63 1.0
2 3 37 7 40 10 42 45 47 48 49 21 22 27 29 1.0
97 99 68 69 67 71 73 80 82 50 52 83 55 57 58 1.0
0 33 3 4 39 8 42 43 12 47 16 21 25 27 29 1.0
64 97 99 70 71 75 76 51 53 54 87 89 91 94 63 1.0
32 33 3 4 38 39 6 12 44 45 48 25 28 29 31 1.0
96 67 74 76 78 50 51 52 55 87 88 89 58 61 62 1.0
33 2 34 4 37 41 42 11 47 49 18 21 22 23 24 1.0
96 65 64 68 69 76 79 50 82 52 87 88 90 94 63 1.0
33 34 7 41 9 11 44 12 17 19 21 25 27 28 31 1.0
89 65 97 99 76 77 78 50 82 87 94 90 60 62 57 1.0
0 33 3 4 36 38 40 41 10 9 8 18 22 25 27 1.0
96 66 99 68 72 76 77 50 61 52 53 92 93 62 63 1.0
32 33 4 37 38 5 9 45 14 47 16 23 24 25 28 1.0
64 97 67 69 70 71 77 78 80 83 52 51 89 90 95 1.0
3 36 6 7 41 9 15 21 25 26 27 28 29 30 31 1.0
98 70 71 75 76 78 80 50 83 53 86 89 90 59 62 1.0
0 34 4 37 7 8 15 16 49 23 24 25 26 29 31 1.0
64 66 72 74 75 50 83 93 82 54 51 56 90 61 63 1.0
32 1 34 35 36 9 10 43 11 13 18 20 21 23 31 1.0
65 99 71 73 78 81 83 51 53 86 87 56 57 88 60 1.0
33 34 37 6 39 40 43 13 48 16 18 19 21 22 27 1.0
97 67 68 77 78 81 51 52 53 85 55 84 57 90 91 1.0
0 32 2 35 33 37 10 44 14 47 15 18 21 22 23 1.0
97 66 98 68 69 70 75 50 83 54 56 89 58 91 92 1.0
0 33 1 34 4 35 40 10 43 46 15 16 49 29 31 1.0
64 97 66 91 74 78 82 83 51 53 86 52 59 92 93 1.0
0 1 3 5 41 44 12 48 49 20 23 24 25 29 31 1.0
64 66 99 68 91 75 78 80 81 51 52 54 57 59 95 1.0
33 35 38 8 12 45 46 14 15 47 20 23 25 26 28 1.0
98 99 67 70 71 73 75 76 78 50 51 52 91 60 63 1.0
34 3 4 5 6 35 39 9 40 44 17 23 24 29 31 1.0
97 58 77 80 82 84 85 86 88 89 90 60 61 95 57 1.0
2 35 36 5 38 39 10 44 46 15 48 18 24 27 28 1.0
64 67 58 71 74 91 78 79 60 85 55 90 59 92 93 1.0
0 1 2 33 36 8 14 48 16 19 20 22 25 29 30 1.0
97 67 68 99 72 74 76 77 78 50 88 57 92 94 63 1.0
32 34 4 37 6 41 42 43 15 16 17 25 27 28 29 1.0
96 65 98 99 68 69 74 75 50 83 53 85 55 90 94 1.0
34 36 5 38 41 10 46 15 47 20 23 24 28 29 31 1.0
65 66 68 71 73 74 75 76 82 53 56 58 91 61 62 1.0
35 4 38 8 41 42 11 10 45 46 47 18 21 26 29 1.0
96 97 69 71 59 76 83 84 85 86 52 88 90 91 95 1.0
0 33 3 37 7 41 42 11 9 45 47 17 19 20 22 1.0
97 98 67 99 74 76 77 51 84 86 56 58 60 61 94 1.0
1 4 37 38 40 12 13 14 47 15 48 44 21 29 31 1.0
96 97 66 99 68 71 76 77 79 81 55 88 57 93 95 1.0
0 4 5 39 41 43 12 15 48 49 20 23 28 30 31 1.0
64 97 67 99 73 92 80 51 52 84 89 59 60 94 63 1.0
33 34 4 40 41 42 43 12 47 16 49 21 23 24 30 1.0
64 98 67 59 73 92 51 84 86 58 91 60 93 62 63 1.0
2 35 4 38 39 8 6 11 45 14 49 23 25 27 28 1.0
65 98 97 69 70 73 74 75 80 85 54 55 58 60 62 1.0
34 3 36 2 7 8 10 42 13 46 15 16 24 25 31 1.0
96 98 66 56 90 72 76 50 51 84 85 62 57 58 94 1.0
33 2 3 36 39 40 7 42 9 45 16 17 22 26 30 1.0
98 99 69 71 72 78 79 80 82 50 52 89 58 92 62 1.0
1 33 37 7 8 43 11 46 47 16 19 24 27 28 31 1.0
97 98 65 75 60 50 82 83 86 54 88 92 61 94 95 1.0
0 2 34 4 10 11 12 13 15 47 48 18 20 24 30 1.0
64 65 71 72 76 77 78 79 61 53 85 55 92 93 95 1.0
0 34 37 5 9 42 41 11 16 18 21 27 28 29 30 1.0
65 99 67 71 73 75 76 53 55 56 90 91 60 93 63 1.0
0 33 32 38 41 42 11 43 46 47 48 21 25 26 30 1.0
96 69 72 73 75 76 81 50 83 82 53 87 56 89 94 1.0
32 33 35 5 6 9 43 45 46 47 14 19 20 21 24 1.0
64 99 70 91 75 76 78 80 52 85 54 55 57 59 92 1.0
0 33 2 32 37 38 39 8 9 11 13 15 17 26 30 1.0
64 65 66 69 70 71 73 75 81 50 84 53 57 58 61 1.0
33 1 3 4 37 5 40 45 46 16 22 23 24 26 28 1.0
64 65 66 74 75 80 81 51 93 85 87 59 92 61 95 1.0
0 33 34 2 5 6 40 42 13 46 14 49 21 26 31 1.0
96 98 66 70 71 73 74 77 54 87 57 58 59 94 95 1.0
32 33 34 36 10 11 44 17 18 19 20 21 23 25 31 1.0
98 67 68 71 75 78 80 81 82 84 56 58 91 93 95 1.0
33 4 39 42 11 12 13 47 16 19 20 21 22 24 30 1.0
98 99 68 70 74 75 76 81 63 85 86 55 60 61 95 1.0
32 3 6 7 40 11 12 45 43 47 19 23 25 26 29 1.0
66 71 72 78 80 81 51 84 53 86 52 89 92 93 94 1.0
2 3 4 37 38 7 8 34 39 13 46 18 28 29 31 1.0
66 67 68 74 77 78 79 92 51 85 58 59 60 61 62 1.0
0 32 34 3 37 6 7 9 10 13 14 18 19 22 25 1.0
69 72 75 80 82 83 52 85 53 88 89 56 57 94 95 1.0
32 34 35 36 4 38 43 11 46 48 19 22 24 26 27 1.0
96 65 97 67 71 72 73 77 78 79 86 55 88 58 61 1.0
0 34 36 4 9 43 44 15 16 19 23 24 25 28 31 1.0
98 67 56 75 78 50 53 85 88 89 58 91 61 62 63 1.0
0 1 33 35 4 8 9 10 45 48 49 19 24 30 31 1.0
96 64 65 99 72 74 75 78 82 84 86 56 57 90 59 1.0
32 34 37 38 39 6 41 42 44 48 17 16 20 25 31 1.0
68 71 72 76 78 80 84 86 88 56 91 60 93 62 63 1.0
0 1 3 35 5 38 7 6 41 10 45 15 16 18 26 1.0
65 69 70 71 73 76 77 82 85 94 89 91 93 95 63 1.0
0 33 3 37 39 41 12 14 48 49 21 23 26 27 28 1.0
65 97 67 99 90 78 51 85 55 57 58 91 60 61 94 1.0
32 0 35 39 41 42 11 43 13 17 49 19 22 26 30 1.0
64 65 66 98 68 71 77 78 79 84 86 55 56 61 94 1.0
0 3 5 6 39 38 12 13 45 46 49 17 23 24 28 1.0
96 66 90 70 59 78 53 54 55 88 57 56 91 60 63 1.0
33 34 5 37 8 41 42 12 48 16 19 21 22 23 31 1.0
64 67 74 76 78 93 84 53 87 62 59 92 61 94 95 1.0
1 33 7 42 44 45 12 15 49 18 22 24 25 26 28 1.0
66 71 72 74 82 84 52 86 93 55 58 60 61 94 63 1.0
0 2 36 10 11 44 12 46 15 16 49 17 19 22 28 1.0
98 68 90 70 73 78 79 81 83 55 88 56 59 60 95 1.0
1 34 5 39 8 9 42 15 49 19 21 23 27 29 30 1.0
98 99 70 72 73 77 79 81 82 84 57 90 92 93 63 1.0
0 1 2 34 32 5 9 42 16 17 24 25 26 27 29 1.0
67 72 74 77 79 80 50 84 85 86 87 56 58 60 62 1.0
1 3 35 5 38 6 7 8 13 14 47 17 49 23 31 1.0
65 98 72 74 79 80 85 87 89 58 91 60 93 62 63 1.0
33 1 2 4 11 12 44 14 47 48 49 15 25 30 31 1.0
96 67 68 73 77 92 83 52 84 87 88 89 60 61 94 1.0
0 3 36 6 7 40 9 42 11 44 43 8 49 23 31 1.0
66 98 69 73 77 79 50 52 86 87 62 57 93 94 95 1.0
0 32 34 35 38 42 43 10 45 17 18 19 26 29 30 1.0
64 65 66 88 59 73 72 50 83 52 54 86 56 58 91 1.0
0 32 34 2 1 41 9 11 12 45 13 42 48 22 23 1.0
65 56 69 71 72 59 76 79 81 87 88 58 91 93 95 1.0
0 37 6 5 8 9 10 39 48 49 18 17 24 26 30 1.0
64 65 96 68 71 73 81 82 52 87 88 90 92 61 63 1.0
1 33 36 7 41 12 13 45 15 48 16 20 23 27 31 1.0
96 98 68 69 72 74 79 50 52 53 86 88 57 91 63 1.0
1 2 35 36 37 6 41 10 15 47 17 49 22 25 26 1.0
64 67 75 79 92 81 61 53 88 57 58 60 93 62 95 1.0
33 1 35 4 8 11 44 13 45 15 19 22 24 26 27 1.0
65 99 70 91 75 92 79 82 51 84 55 89 90 59 60 1.0
1 2 35 36 34 6 5 41 42 45 18 26 28 29 31 1.0
64 65 97 67 78 80 81 51 52 53 85 87 83 58 91 1.0
34 35 4 6 41 12 13 46 49 19 20 23 24 25 29 1.0
96 68 71 75 79 82 50 84 53 85 55 56 89 90 95 1.0
0 34 35 37 5 39 8 11 12 15 17 19 20 22 24 1.0
97 98 65 72 77 79 50 82 52 84 54 88 58 59 92 1.0
32 1 4 5 38 39 43 12 13 46 47 16 18 27 31 1.0
96 65 98 99 72 73 80 53 88 89 90 59 92 93 95 1.0
1 39 8 41 10 11 12 13 46 18 19 20 22 28 29 1.0
65 66 69 72 79 81 83 52 84 55 89 90 61 62 57 1.0
32 1 34 3 39 8 10 13 16 17 18 48 49 24 30 1.0
64 65 67 70 72 74 76 77 50 84 52 86 89 62 95 1.0
33 1 2 9 10 12 46 16 49 18 19 26 27 30 31 1.0
65 98 66 97 71 80 81 83 55 87 56 90 59 61 62 1.0
1 34 35 4 38 7 8 40 10 43 9 14 15 48 26 1.0
67 68 69 99 72 73 75 78 79 50 53 89 91 57 95 1.0
32 3 35 5 39 40 9 42 41 44 15 17 21 28 29 1.0
97 65 98 69 73 76 50 82 85 53 89 90 59 93 94 1.0
0 36 6 38 40 10 11 43 16 22 26 27 28 30 31 1.0
66 99 69 71 72 75 78 80 83 53 85 55 88 57 95 1.0
33 2 35 36 5 34 4 42 12 46 48 17 18 16 27 1.0
96 97 65 99 71 75 79 52 54 86 89 60 61 62 95 1.0
1 4 38 7 9 41 10 45 14 47 17 49 21 22 31 1.0
68 73 75 77 79 82 51 85 54 88 62 91 92 94 57 1.0
0 2 3 35 38 12 13 44 16 48 18 23 28 29 31 1.0
89 97 99 70 72 75 81 84 86 87 88 57 54 94 63 1.0
32 33 35 36 37 4 7 5 8 43 12 13 46 18 29 1.0
97 71 74 79 50 83 82 85 87 56 90 59 93 62 95 1.0
0 4 6 9 42 11 10 45 13 15 16 49 21 25 31 1.0
89 97 69 90 71 73 74 82 84 53 87 55 86 57 58 1.0
33 3 37 5 39 40 11 45 14 48 20 22 23 30 31 1.0
97 65 99 67 69 98 74 75 77 87 55 89 91 60 62 1.0
4 36 8 42 10 43 45 13 14 11 46 18 19 23 25 1.0
96 65 64 72 78 80 50 82 84 85 87 55 54 51 59 1.0
0 35 39 42 10 12 13 44 15 48 16 19 23 25 28 1.0
89 66 67 72 73 75 76 83 86 54 57 60 61 94 95 1.0
1 33 34 4 38 7 43 44 14 46 48 22 29 30 31 1.0
96 64 98 76 77 79 50 84 87 88 94 59 61 62 63 1.0
34 5 6 7 41 10 45 46 15 16 17 19 20 21 23 1.0
96 97 68 73 74 92 80 81 85 86 56 89 91 60 95 1.0
2 9 42 43 12 48 49 19 20 21 22 25 27 29 31 1.0
96 99 68 67 74 79 80 81 52 53 54 56 58 62 63 1.0
0 33 35 4 3 6 7 8 40 46 47 24 27 28 31 1.0
96 64 99 68 70 91 75 52 86 56 57 90 59 92 61 1.0
32 3 38 39 42 13 45 17 18 22 23 27 28 29 30 1.0
65 99 71 79 63 83 52 93 86 55 85 89 60 61 95 1.0
32 1 3 42 11 44 45 12 15 48 17 49 20 24 25 1.0
64 96 70 59 76 83 84 85 86 87 56 53 52 91 95 1.0
34 2 5 7 9 42 11 12 41 48 18 19 21 27 31 1.0
67 69 70 76 78 80 82 52 54 94 89 90 59 62 63 1.0
0 32 3 36 41 42 11 43 16 48 18 22 23 26 27 1.0
96 65 98 90 70 72 76 80 82 50 84 56 89 58 60 1.0
0 33 34 3 4 37 38 8 10 14 49 20 23 24 31 1.0
96 98 99 67 69 73 59 83 84 86 87 56 88 93 95 1.0
34 35 4 5 37 39 40 9 13 14 46 16 17 18 25 1.0
67 99 69 73 74 77 78 80 82 83 53 54 90 60 94 1.0
32 2 37 6 39 41 10 42 13 46 15 49 19 30 31 1.0
67 68 90 73 76 77 50 55 86 54 57 58 91 61 94 1.0
0 33 1 3 34 37 38 8 41 43 44 48 23 26 30 1.0
64 89 73 74 76 78 79 52 53 54 57 91 93 62 63 1.0
1 35 4 6 7 41 12 44 46 15 16 19 21 22 28 1.0
96 65 64 69 75 76 79 52 53 93 86 88 58 92 61 1.0
2 35 34 5 39 41 42 43 45 46 47 13 20 21 26 1.0
66 67 98 74 76 77 79 81 50 85 87 88 56 59 60 1.0
1 34 33 39 42 11 12 46 47 16 19 24 25 26 27 1.0
98 69 70 77 78 79 80 51 86 87 57 90 91 93 94 1.0
1 35 36 37 39 41 10 43 44 47 15 21 24 26 30 1.0
64 66 99 72 59 88 74 77 81 85 54 56 62 91 94 1.0
2 3 36 37 6 42 44 12 45 13 17 18 19 25 30 1.0
89 66 67 99 58 74 79 82 84 88 57 90 59 93 94 1.0
36 37 6 8 42 10 12 45 13 16 17 19 25 27 28 1.0
96 97 66 67 65 71 75 79 84 95 87 90 91 94 63 1.0
1 2 35 3 5 8 43 45 46 47 17 18 26 27 29 1.0
64 97 98 67 71 76 92 50 53 54 86 88 57 91 60 1.0
32 33 34 3 36 7 10 45 14 48 22 25 27 29 30 1.0
64 96 65 99 69 70 77 81 83 84 53 54 55 91 62 1.0
32 34 3 38 40 10 45 46 15 22 24 25 27 29 31 1.0
96 97 65 64 68 69 79 81 53 54 56 57 59 94 63 1.0
0 32 33 34 1 35 2 7 42 10 45 47 16 24 29 1.0
64 98 58 72 73 75 80 82 83 50 53 87 88 56 62 1.0
32 2 4 37 7 40 9 44 45 14 16 49 18 27 28 1.0
64 98 99 70 74 76 78 81 50 93 86 54 58 60 61 1.0
33 34 4 37 43 44 13 15 49 18 19 20 22 25 31 1.0
66 67 99 71 83 93 85 54 86 88 90 60 61 94 63 1.0
32 0 34 38 8 41 42 43 45 47 17 23 26 29 30 1.0
58 69 71 74 81 82 84 85 86 54 88 90 59 61 94 1.0
33 38 40 10 44 45 46 14 16 48 17 19 24 27 29 1.0
64 73 74 76 78 80 81 83 85 53 55 88 89 90 62 1.0
34 2 4 36 5 39 10 11 44 13 43 48 19 21 26 1.0
96 97 77 78 81 83 53 54 86 57 90 59 93 62 63 1.0
0 35 37 6 8 44 13 45 15 46 17 18 12 25 30 1.0
65 67 70 78 79 95 53 86 55 56 89 90 88 94 63 1.0
38 6 9 11 43 45 13 46 16 17 48 21 23 25 29 1.0
67 69 71 73 78 79 80 50 53 86 87 91 61 62 95 1.0
35 36 37 38 8 41 10 9 45 13 48 19 23 29 30 1.0
96 66 67 68 70 72 73 83 51 55 52 87 90 61 94 1.0
1 34 39 44 45 14 48 49 19 21 23 25 29 30 31 1.0
89 64 98 99 68 66 73 74 50 84 55 57 90 92 63 1.0
32 0 3 4 38 7 6 41 46 14 47 18 26 29 30 1.0
64 66 67 71 74 76 77 51 84 85 55 87 56 90 91 1.0
35 37 38 6 40 9 10 41 44 13 45 47 19 23 28 1.0
96 65 97 64 69 73 75 76 77 78 82 83 84 88 63 1.0
1 2 3 6 11 44 45 46 47 16 17 12 48 18 26 1.0
98 71 73 74 76 60 79 81 82 83 52 54 90 91 92 1.0
0 34 3 38 6 41 13 46 16 49 48 20 26 27 29 1.0
96 68 69 71 72 76 78 79 82 50 51 83 89 90 61 1.0
32 34 2 4 8 41 42 11 9 45 15 18 22 24 29 1.0
64 66 72 73 60 81 63 83 53 55 56 90 92 93 95 1.0
32 1 4 38 6 7 11 47 20 21 24 26 28 30 31 1.0
96 99 67 88 75 76 77 83 86 55 56 57 58 91 93 1.0
2 34 4 6 7 8 41 42 11 12 18 19 22 23 25 1.0
96 67 70 71 91 78 50 51 63 86 54 58 59 61 95 1.0
32 1 34 3 36 7 40 8 46 15 19 21 22 29 31 1.0
96 97 69 70 50 83 84 87 88 89 56 92 93 94 95 1.0
1 2 35 37 39 9 41 43 44 13 45 46 42 49 30 1.0
66 68 71 73 74 77 52 84 86 87 54 57 58 63 95 1.0
1 4 6 39 40 38 10 9 13 48 18 19 28 29 30 1.0
64 96 65 68 69 72 73 74 76 78 84 62 90 60 94 1.0
33 2 35 34 5 6 7 40 11 44 12 48 17 18 25 1.0
64 65 66 70 71 73 79 50 83 82 53 84 60 95 63 1.0
34 3 35 2 4 39 8 12 13 47 49 18 22 25 27 1.0
64 96 70 71 74 77 51 52 54 86 88 57 90 59 94 1.0
32 33 1 4 9 41 11 12 44 47 16 20 27 30 31 1.0
98 67 71 72 74 75 91 79 81 84 85 89 59 62 57 1.0
32 0 37 38 39 41 10 42 9 48 49 20 22 26 27 1.0
66 71 73 81 82 51 84 52 55 89 90 91 92 61 94 1.0
34 4 39 40 8 9 11 12 46 47 16 49 21 25 27 1.0
96 67 99 69 74 80 61 84 55 54 87 92 93 94 95 1.0
32 1 3 4 5 12 45 14 44 49 18 21 28 29 31 1.0
96 65 99 68 67 82 51 84 83 52 87 89 90 92 93 1.0
0 3 6 7 8 10 43 12 13 46 47 42 17 14 30 1.0
96 97 89 69 74 77 79 82 52 57 90 91 60 93 63 1.0
33 2 34 38 8 9 41 42 44 46 48 19 23 25 30 1.0
64 67 71 73 78 79 81 83 55 87 56 57 59 61 94 1.0
1 36 40 11 12 13 14 47 15 48 18 16 25 26 29 1.0
97 68 90 77 80 51 83 53 54 87 88 85 58 61 95 1.0
32 1 0 5 7 40 41 11 44 43 16 48 18 17 31 1.0
64 98 67 69 72 73 74 78 82 51 85 56 59 60 63 1.0
34 35 36 37 6 41 10 11 12 44 18 21 22 28 30 1.0
97 67 70 72 73 76 78 79 84 85 52 62 92 93 94 1.0
35 5 6 39 40 38 7 43 15 47 17 19 23 24 26 1.0
66 99 72 78 80 51 52 85 84 54 89 90 92 93 63 1.0
32 1 35 4 5 36 40 9 42 43 45 19 23 25 29 1.0
65 98 68 73 77 80 82 85 95 88 89 56 92 94 63 1.0
36 38 41 42 43 47 48 18 23 24 25 26 27 28 29 1.0
64 77 79 80 81 82 50 52 85 87 55 56 60 61 94 1.0
0 33 1 3 5 37 38 9 42 46 47 19 20 21 27 1.0
99 68 69 72 78 79 81 82 61 84 55 58 91 93 62 1.0
0 33 34 3 5 38 8 42 11 43 48 19 23 27 28 1.0
64 66 98 67 99 72 74 79 81 84 85 56 58 93 63 1.0
0 1 2 36 6 7 8 41 42 49 19 20 22 30 31 1.0
64 65 97 89 70 71 76 77 82 55 56 62 91 60 94 1.0
1 3 37 6 8 42 45 46 48 16 19 22 24 27 29 1.0
66 67 73 75 76 79 81 52 84 88 57 56 61 62 95 1.0
34 2 3 7 43 11 15 47 49 18 21 24 29 30 31 1.0
65 97 67 56 73 74 78 51 86 88 58 91 61 94 95 1.0
0 33 34 35 4 2 6 39 38 10 11 47 16 29 30 1.0
97 70 73 91 75 76 80 81 51 54 56 89 59 61 95 1.0
32 36 6 7 10 43 12 14 47 49 19 20 22 24 28 1.0
65 66 98 68 70 71 74 80 82 85 86 56 57 59 61 1.0
34 3 36 5 38 8 41 13 19 23 24 25 26 27 28 1.0
64 96 99 67 69 70 72 73 78 55 62 57 59 92 94 1.0
32 2 3 37 5 39 7 41 42 10 14 47 46 49 27 1.0
96 97 98 99 69 72 73 75 80 88 58 91 60 61 62 1.0
32 35 36 5 39 8 41 43 15 19 20 24 25 30 31 1.0
64 97 99 67 70 72 74 76 81 82 86 88 57 91 95 1.0
3 41 10 12 46 48 20 21 23 25 26 27 28 30 31 1.0
65 67 72 73 74 77 78 82 86 54 87 89 60 93 94 1.0
32 38 40 9 42 44 45 14 17 18 21 27 28 29 31 1.0
67 69 70 72 78 79 92 81 50 53 89 90 60 61 95 1.0
1 34 38 6 40 9 8 45 46 18 19 20 25 29 30 1.0
96 65 99 75 77 79 80 81 83 55 53 87 58 59 92 1.0
32 33 1 35 34 5 6 7 41 42 45 46 47 17 27 1.0
96 65 99 68 69 70 72 73 74 82 53 55 58 61 62 1.0
32 1 2 34 6 7 8 38 42 11 48 16 18 17 27 1.0
89 66 99 69 71 73 77 81 51 84 52 54 88 57 56 1.0
1 34 33 37 7 40 43 11 45 46 17 19 27 28 30 1.0
67 68 99 75 77 51 83 53 85 87 56 58 61 62 95 1.0
0 33 2 3 4 5 6 41 42 11 46 47 16 17 21 1.0
65 66 68 59 77 50 52 85 54 87 57 58 91 92 61 1.0
32 3 4 5 6 40 11 13 46 14 19 21 22 25 31 1.0
97 67 68 69 58 73 77 78 53 87 89 90 59 61 57 1.0
1 2 35 5 6 38 10 13 46 47 48 45 25 26 27 1.0
64 99 73 78 79 83 51 53 87 55 86 58 59 92 95 1.0
33 35 36 38 8 41 42 43 10 47 19 24 28 30 31 1.0
96 67 68 73 76 80 82 52 84 54 88 58 59 60 62 1.0
0 34 35 3 7 43 15 16 49 17 48 25 26 27 30 1.0
98 72 73 76 80 82 83 84 85 54 86 56 53 87 91 1.0
0 36 38 39 41 42 43 45 14 47 46 21 22 26 31 1.0
66 68 78 80 83 52 85 86 87 56 57 90 60 63 95 1.0
34 3 36 6 39 8 40 42 12 47 15 16 19 20 29 1.0
64 66 70 72 73 74 77 78 82 50 51 54 60 61 62 1.0
1 2 36 40 10 43 12 13 44 46 18 22 23 24 25 1.0
64 66 98 67 75 79 81 50 51 53 54 55 56 89 61 1.0
33 2 3 36 10 43 13 46 14 15 22 23 26 27 30 1.0
64 68 69 71 72 77 50 52 84 94 58 91 60 62 57 1.0
0 32 34 3 9 43 46 47 49 20 22 26 27 29 30 1.0
96 97 98 65 64 73 78 80 82 83 86 55 89 58 61 1.0
0 34 3 38 7 8 40 42 47 16 15 18 27 30 31 1.0
96 98 70 74 75 50 51 84 63 86 88 89 91 93 57 1.0
1 2 3 5 37 7 10 13 45 16 48 27 28 29 30 1.0
97 98 99 70 76 82 61 53 54 88 57 90 63 94 95 1.0
32 34 3 36 7 41 44 15 16 19 21 22 23 29 30 1.0
64 65 90 72 73 78 80 83 53 55 62 89 58 93 94 1.0
0 2 3 35 38 43 13 46 16 49 20 22 29 30 31 1.0
64 66 67 69 91 77 81 51 53 85 57 59 60 93 63 1.0
32 0 34 35 33 2 6 10 11 46 15 16 17 18 27 1.0
98 70 75 77 78 60 82 50 52 55 89 59 92 93 63 1.0
32 7 39 9 42 41 40 8 46 47 20 22 24 25 29 1.0
96 98 99 71 72 77 83 84 85 53 56 57 91 61 95 1.0
0 4 39 40 42 10 45 49 19 20 24 25 26 27 29 1.0
64 67 71 76 81 50 51 84 85 53 90 60 61 62 63 1.0
0 35 4 7 8 9 10 16 48 24 26 27 28 29 30 1.0
97 71 72 75 76 80 81 93 84 54 53 60 61 94 95 1.0
