1 2 4 11 16 18 20 24 26 35 36 41 48 56 58 59 62 64 73 78 79 87 90 92 95 1.0
1 5 9 11 12 14 17 22 23 24 36 38 40 41 43 53 58 71 75 87 89 90 91 94 97 1.0
0 1 10 12 13 18 25 27 29 31 36 39 40 52 64 70 80 81 82 85 90 93 96 97 99 1.0
2 13 15 17 22 25 26 27 30 31 37 42 44 51 52 61 64 65 69 71 80 81 83 85 90 1.0
1 9 11 16 21 27 34 38 39 48 61 62 66 68 70 72 75 82 85 87 88 91 94 95 98 1.0
2 5 9 10 11 15 17 20 31 33 37 53 57 58 59 64 65 68 73 79 81 82 86 96 97 1.0
0 5 17 20 21 22 27 29 30 36 43 49 50 51 54 57 63 66 73 77 84 89 92 95 97 1.0
1 6 15 16 29 30 38 40 41 49 56 63 69 70 71 76 77 82 87 88 93 94 95 96 97 1.0
0 3 6 7 9 13 14 16 27 32 35 42 46 49 52 54 62 70 77 80 87 89 92 95 99 1.0
1 14 16 23 26 29 30 31 34 38 44 46 49 54 58 60 61 71 73 78 81 82 84 85 89 1.0
0 4 5 9 12 15 16 17 22 32 33 37 41 53 54 60 62 64 68 71 76 79 87 91 99 1.0
1 2 3 7 8 24 26 32 33 41 42 53 54 55 56 60 63 76 78 80 82 83 90 97 99 1.0
10 13 16 21 23 25 26 31 33 38 41 49 51 53 59 60 61 62 69 75 87 88 89 90 97 1.0
0 5 6 7 9 14 16 18 19 30 33 37 40 43 44 50 51 54 57 75 81 83 89 95 98 1.0
0 5 7 9 19 23 25 28 29 31 32 33 41 46 57 58 69 76 83 84 85 92 95 97 98 1.0
0 3 4 11 16 19 21 27 33 35 39 41 42 50 51 59 61 64 69 76 83 91 94 95 96 1.0
0 1 6 10 15 22 25 27 28 30 37 52 57 58 59 62 64 74 78 80 84 85 87 96 99 1.0
2 5 8 10 14 25 28 38 39 42 49 51 56 67 69 70 73 75 80 81 84 85 91 98 99 1.0
4 7 8 9 25 34 37 41 48 52 54 55 56 57 62 67 71 80 81 86 87 90 92 93 96 1.0
0 4 6 11 16 19 22 26 28 31 33 38 50 52 54 64 66 77 84 88 90 92 93 96 97 1.0
0 6 8 9 11 12 20 22 25 26 28 29 39 42 43 49 51 65 69 73 78 82 89 97 99 1.0
0 7 12 14 16 20 22 29 32 33 36 42 45 47 50 58 71 72 78 79 81 84 85 87 97 1.0
0 2 3 8 9 18 30 31 32 42 45 46 50 52 56 58 63 69 70 72 76 78 83 88 93 1.0
4 8 23 24 29 34 38 42 45 51 53 54 56 62 63 78 79 82 83 84 87 88 90 93 94 1.0
1 3 4 7 9 10 17 21 24 26 27 31 40 41 49 53 55 56 57 61 66 78 82 84 99 1.0
0 8 11 12 15 18 19 20 25 27 34 35 39 40 51 60 70 72 74 78 81 83 86 88 90 1.0
3 12 13 14 18 32 35 42 44 48 51 59 60 64 67 71 75 78 82 85 86 87 93 96 97 1.0
3 8 18 21 26 28 29 31 36 38 44 50 56 59 61 62 65 73 76 77 87 88 90 94 98 1.0
2 9 16 18 19 21 26 30 32 35 38 46 47 53 54 58 65 70 71 74 80 82 86 97 99 1.0
6 10 13 15 23 25 27 33 40 44 51 57 59 60 62 67 71 79 83 85 86 87 94 95 96 1.0
5 7 10 13 15 16 19 23 25 29 37 43 49 55 57 59 63 68 73 76 79 80 88 90 93 1.0
1 5 6 16 17 25 26 34 36 37 39 50 55 57 60 66 67 69 76 80 81 86 88 89 99 1.0
2 3 8 16 24 25 32 33 34 44 46 47 49 60 63 64 67 73 75 77 84 85 87 94 99 1.0
0 7 8 9 12 14 17 19 22 28 30 38 41 51 53 56 59 62 69 82 84 86 93 95 99 1.0
3 4 8 13 15 19 23 27 30 31 35 37 39 44 54 56 60 64 66 69 73 74 76 81 97 1.0
7 11 12 13 14 17 20 22 26 31 40 48 50 54 57 58 65 71 73 80 84 86 91 92 93 1.0
2 11 12 13 14 22 23 24 28 35 39 40 41 43 44 52 60 68 69 71 73 78 87 91 97 1.0
2 3 10 12 14 15 17 18 22 28 29 32 44 47 68 70 71 75 81 82 83 84 92 94 96 1.0
3 4 11 15 21 24 30 36 38 46 47 48 49 52 54 55 58 72 77 84 86 91 94 96 98 1.0
0 1 7 12 16 24 25 34 51 53 54 59 60 62 68 70 71 74 77 81 85 87 92 93 97 1.0
9 11 12 15 16 26 27 28 38 42 43 44 46 49 50 55 58 59 61 67 75 76 82 87 98 1.0
2 3 11 12 14 15 18 19 21 32 33 37 39 42 58 61 64 70 72 74 78 87 92 98 99 1.0
4 14 17 18 21 24 29 31 33 36 38 44 46 52 55 56 60 61 64 68 80 81 87 94 98 1.0
1 3 9 10 18 20 21 26 32 33 34 37 41 49 56 62 68 71 75 76 81 83 85 93 98 1.0
1 4 6 11 12 14 16 21 22 25 26 28 30 35 40 41 44 46 51 54 58 63 71 89 99 1.0
1 4 15 18 23 27 28 30 35 38 41 49 51 53 57 59 60 68 79 81 82 84 90 92 94 1.0
0 2 18 20 22 36 37 38 55 58 59 64 65 67 69 70 71 75 77 79 84 85 94 95 97 1.0
1 6 13 16 18 30 32 35 40 52 53 54 55 56 57 59 66 68 83 85 86 89 91 93 96 1.0
3 5 6 10 11 13 19 30 37 40 49 50 59 61 62 63 69 73 77 78 79 83 87 92 96 1.0
0 1 4 5 22 23 24 28 29 34 38 41 44 49 50 56 59 68 69 74 78 81 83 86 87 1.0
1 7 9 10 18 22 24 28 38 39 43 45 49 50 54 56 69 76 78 79 80 81 82 93 95 1.0
0 7 16 25 27 34 39 42 47 48 52 55 56 60 65 66 69 70 73 77 82 83 87 93 94 1.0
3 4 5 27 30 31 32 40 41 45 48 49 62 63 66 67 69 71 74 75 81 83 84 88 95 1.0
4 9 21 25 29 38 39 42 44 45 52 62 69 71 73 76 77 78 80 85 89 90 92 93 98 1.0
1 7 11 29 31 33 38 49 51 53 54 55 58 61 68 71 73 74 75 78 79 82 84 85 92 1.0
4 6 15 18 20 21 24 29 36 39 41 47 50 55 59 63 65 75 79 81 88 89 93 97 99 1.0
2 4 5 7 13 14 26 31 34 47 51 54 57 59 62 63 66 71 74 75 88 89 95 96 98 1.0
1 7 8 11 18 25 26 27 32 34 40 42 44 49 50 54 56 57 60 69 73 75 83 89 98 1.0
2 3 6 8 12 13 14 15 23 25 26 29 31 32 38 44 53 62 70 73 83 84 87 92 94 1.0
0 10 11 21 25 27 28 33 35 45 50 52 59 60 62 69 73 76 85 91 92 93 96 98 99 1.0
3 8 11 14 16 19 26 36 39 41 44 50 57 58 64 66 68 72 76 77 78 87 88 89 94 1.0
4 5 6 7 8 11 16 23 24 30 35 38 39 40 42 44 52 54 57 59 83 88 89 92 93 1.0
1 8 9 12 18 23 34 39 44 47 50 52 54 61 66 68 69 70 76 78 83 87 92 95 97 1.0
3 9 12 15 24 29 33 34 36 44 47 49 51 53 58 68 74 79 82 89 90 93 94 96 97 1.0
0 22 24 26 33 35 37 42 44 45 46 48 50 56 57 60 62 68 75 76 85 86 87 88 92 1.0
16 18 19 26 28 30 32 33 35 38 39 44 45 53 55 57 58 66 77 78 79 82 83 84 98 1.0
0 6 7 10 14 16 19 22 28 29 30 31 34 35 36 40 44 45 46 51 68 81 82 83 89 1.0
14 16 24 28 32 38 41 42 44 48 51 54 57 59 66 68 74 75 76 82 85 86 94 95 97 1.0
0 2 5 6 8 10 11 13 20 21 23 29 30 39 43 44 49 51 61 64 72 75 84 90 96 1.0
5 6 7 10 11 20 21 22 27 32 34 38 55 60 61 63 66 68 80 83 84 89 90 94 95 1.0
1 8 11 15 25 26 28 46 51 58 59 65 67 69 74 75 76 77 79 90 92 93 94 96 97 1.0
2 3 14 16 17 18 19 20 29 32 49 50 51 55 58 65 67 69 74 78 84 86 93 98 99 1.0
0 1 2 7 16 17 18 20 25 27 28 30 35 44 48 52 54 59 62 67 69 75 77 85 99 1.0
2 7 8 9 14 15 16 26 30 33 35 41 44 46 53 54 71 73 74 80 84 85 89 92 97 1.0
0 1 9 11 18 30 33 36 40 49 54 55 58 60 63 64 65 67 68 75 80 81 87 95 99 1.0
3 8 10 15 22 23 30 31 38 40 44 45 46 50 57 58 65 67 68 78 81 85 93 94 99 1.0
1 5 6 13 17 18 21 25 27 33 43 47 48 50 54 60 64 66 70 72 80 85 87 91 96 1.0
3 4 9 11 16 20 27 39 43 49 50 53 57 61 62 67 75 80 82 86 87 89 92 94 97 1.0
3 5 7 8 19 21 25 26 29 36 40 42 47 50 54 57 60 65 76 82 84 85 88 97 99 1.0
0 4 5 6 8 14 22 24 27 28 31 36 39 43 57 62 64 70 72 73 78 84 85 91 94 1.0
1 3 13 15 19 21 22 23 29 30 33 34 35 36 40 46 48 50 52 53 60 67 82 86 96 1.0
2 3 4 7 9 19 31 37 38 41 43 45 51 58 59 67 71 76 79 83 86 88 89 93 95 1.0
5 17 21 25 28 32 34 35 37 38 45 55 62 64 69 71 74 80 85 86 89 91 94 96 98 1.0
0 9 15 18 19 20 21 31 33 37 42 43 45 48 49 51 54 56 61 68 71 82 87 89 97 1.0
6 9 11 14 19 26 32 37 41 44 45 46 52 56 58 62 66 69 71 72 75 76 78 85 92 1.0
1 10 11 14 15 16 22 26 28 32 36 46 48 50 62 66 67 69 71 75 81 87 88 90 95 1.0
2 3 10 13 14 17 22 28 35 41 42 44 45 46 49 50 56 58 61 62 63 75 78 85 98 1.0
4 10 16 22 23 25 28 30 31 32 39 40 46 49 55 57 58 67 78 79 82 85 89 92 93 1.0
4 6 7 8 18 21 23 32 33 35 40 48 53 54 55 60 71 74 76 82 89 91 92 95 97 1.0
1 3 4 10 12 18 19 30 37 43 47 48 51 52 59 61 76 78 83 86 87 94 95 96 98 1.0
1 2 4 6 8 11 13 19 24 25 27 28 38 46 48 55 57 76 78 88 89 90 92 95 96 1.0
4 8 10 17 19 26 30 37 40 43 49 54 57 61 62 64 66 67 73 79 82 87 91 96 97 1.0
0 1 7 19 20 40 41 44 53 56 58 60 63 65 66 67 69 70 75 81 90 94 95 97 99 1.0
0 5 11 15 21 22 24 25 37 38 39 44 45 50 53 77 81 82 84 86 88 89 92 97 98 1.0
1 2 3 4 16 17 18 29 30 39 48 49 53 64 66 68 74 78 79 81 83 85 88 91 98 1.0
1 11 12 13 15 24 25 27 30 31 49 50 56 58 59 61 70 71 72 73 74 77 84 88 96 1.0
6 10 12 13 14 18 21 23 33 36 38 39 51 56 59 63 65 71 74 75 82 85 88 94 97 1.0
7 12 15 20 21 22 25 26 34 35 39 45 46 64 65 67 71 77 79 81 84 86 88 98 99 1.0
0 1 3 10 26 31 33 34 36 37 40 41 43 50 51 52 58 59 60 67 71 82 90 92 97 1.0
0 1 6 9 14 16 22 27 28 29 33 34 37 39 40 41 43 49 55 62 77 85 87 92 96 1.0
0 7 12 14 15 16 19 21 29 31 32 37 40 41 42 45 47 54 57 60 74 90 92 94 99 1.0
1 5 9 13 14 25 26 28 30 33 35 39 40 45 56 61 62 71 78 81 88 90 92 93 97 1.0
0 2 5 13 19 24 34 37 38 40 49 50 60 61 68 69 71 73 77 79 83 86 87 88 99 1.0
0 11 13 26 28 29 30 32 34 35 36 40 43 51 56 57 58 59 60 62 65 90 93 98 99 1.0
2 3 4 6 8 16 18 26 27 30 32 33 36 43 45 46 49 51 59 66 72 74 79 85 89 1.0
2 6 13 16 23 24 33 34 35 40 46 50 54 56 60 65 72 78 82 87 89 90 91 93 96 1.0
2 3 4 9 11 19 31 35 37 42 53 54 61 65 69 72 73 77 78 80 81 90 91 94 96 1.0
0 4 5 9 14 15 16 18 26 29 31 40 48 53 65 69 75 78 79 82 87 90 92 93 99 1.0
2 3 6 7 8 10 22 26 32 33 50 51 53 56 63 64 65 78 80 82 86 90 91 93 99 1.0
2 7 10 11 14 20 22 25 29 33 38 39 44 54 55 58 59 62 66 67 84 85 93 95 97 1.0
1 2 4 13 15 25 29 30 33 35 36 37 39 41 44 52 57 58 61 73 74 80 81 96 98 1.0
6 7 8 10 19 25 27 28 31 33 43 47 49 50 58 59 61 70 71 72 76 79 81 93 96 1.0
1 2 9 11 15 17 18 21 25 27 30 31 35 36 39 46 50 55 64 74 77 89 93 94 97 1.0
2 5 6 8 13 17 24 26 33 37 38 44 53 62 68 70 71 73 74 75 86 91 96 97 98 1.0
0 2 5 9 11 14 15 21 23 32 36 38 47 49 53 55 61 63 66 67 70 71 78 90 99 1.0
2 12 14 19 21 30 32 38 43 45 46 49 50 51 53 55 61 63 64 76 80 88 92 96 98 1.0
3 9 11 16 17 22 27 28 29 30 37 43 44 45 55 60 61 62 63 73 74 76 80 97 98 1.0
0 5 12 13 16 21 22 24 25 26 29 38 41 50 54 70 71 75 77 80 82 85 87 94 99 1.0
2 4 6 11 20 23 24 27 35 40 45 46 48 49 56 65 67 72 80 82 86 88 91 92 99 1.0
0 9 10 12 14 24 25 33 34 37 43 54 57 58 59 60 63 69 71 78 79 80 83 90 99 1.0
0 4 5 6 10 14 16 21 23 25 26 33 39 40 42 45 50 51 59 63 65 83 91 92 93 1.0
1 3 4 6 9 18 20 29 33 38 41 48 51 56 58 66 68 72 73 75 85 91 92 93 96 1.0
2 5 6 7 9 10 12 15 20 27 31 35 37 41 46 54 55 57 60 67 76 77 82 85 87 1.0
2 10 11 15 16 20 21 25 27 30 32 44 45 48 49 63 68 70 73 77 83 85 89 91 92 1.0
0 5 6 8 10 13 15 17 20 32 33 34 35 37 40 42 44 53 54 63 69 71 73 87 93 1.0
1 4 6 14 18 20 21 24 26 32 34 47 51 52 55 60 65 66 68 71 73 77 78 91 96 1.0
5 7 11 12 13 14 25 32 38 44 51 53 56 58 59 65 67 69 76 80 85 87 88 91 97 1.0
3 4 10 18 19 22 24 26 27 29 34 37 39 42 46 58 61 76 81 83 85 89 90 92 97 1.0
0 5 8 9 14 22 26 28 31 37 40 46 57 62 69 77 78 79 80 86 87 88 90 92 98 1.0
5 8 16 18 24 26 29 30 31 39 42 49 51 56 61 72 77 78 82 83 86 89 91 92 99 1.0
7 11 16 18 22 30 35 39 41 45 46 48 49 53 56 60 66 68 69 70 71 73 81 84 94 1.0
7 9 15 22 24 28 29 33 35 38 43 46 49 52 60 62 73 74 79 82 86 88 90 94 98 1.0
0 9 12 13 17 18 24 28 31 38 39 44 46 52 55 56 58 62 68 82 85 89 90 92 97 1.0
7 8 10 12 15 16 17 29 32 37 42 47 51 52 56 59 64 67 70 71 80 82 89 92 93 1.0
1 2 5 7 11 12 16 23 25 32 34 39 43 44 45 52 59 63 65 66 79 86 90 92 97 1.0
3 11 20 21 26 27 28 30 34 36 37 39 41 43 58 66 69 70 71 74 76 79 85 89 98 1.0
14 16 17 19 20 24 35 36 37 44 47 49 51 55 57 65 78 84 85 86 87 93 94 97 99 1.0
3 5 6 17 19 23 24 26 29 34 37 43 50 51 54 60 66 72 73 76 82 89 90 97 98 1.0
1 3 21 31 33 37 38 47 49 50 51 52 62 68 73 74 78 82 84 85 87 94 95 96 97 1.0
1 2 7 11 20 25 38 39 40 45 47 51 53 55 60 61 65 67 72 73 79 81 85 90 96 1.0
6 7 9 10 11 12 15 16 17 18 20 27 28 29 37 45 48 51 54 55 59 64 77 84 93 1.0
0 1 3 6 10 22 23 29 30 34 35 38 47 52 54 58 59 63 67 71 72 73 89 92 95 1.0
0 2 3 8 11 13 14 18 20 23 30 33 39 47 53 62 65 71 72 75 76 77 82 91 97 1.0
0 2 4 6 12 13 17 20 23 25 26 29 30 33 43 46 48 53 55 59 70 75 76 94 99 1.0
2 6 8 9 11 15 17 35 36 44 45 47 49 50 55 57 66 69 70 74 78 84 90 91 93 1.0
10 12 16 18 22 23 26 28 39 42 43 44 46 47 50 62 67 72 73 75 76 78 86 90 95 1.0
6 12 17 18 21 22 25 27 28 35 36 37 53 55 59 64 69 70 76 81 82 84 85 94 98 1.0
3 6 9 12 16 18 20 33 35 37 40 44 55 58 65 68 69 70 71 77 80 82 87 89 99 1.0
7 8 9 10 11 17 18 20 24 26 31 33 34 39 41 42 51 54 56 64 71 75 77 78 91 1.0
0 5 16 20 23 31 32 34 37 39 44 49 54 56 58 59 60 64 66 73 83 92 93 98 99 1.0
20 24 28 33 44 46 49 50 51 52 56 62 63 70 71 79 81 83 84 85 86 87 91 94 99 1.0
2 6 14 34 35 36 40 41 44 47 49 53 62 63 64 70 79 83 85 86 87 88 94 96 97 1.0
2 4 5 6 8 9 10 13 14 21 22 26 29 45 47 49 56 58 65 75 76 77 87 90 99 1.0
2 4 8 12 15 18 21 24 29 35 38 42 48 50 51 57 58 67 74 78 83 87 88 92 99 1.0
2 10 19 34 36 37 44 45 50 53 55 63 64 72 78 83 84 85 87 89 91 95 97 98 99 1.0
0 1 5 9 19 24 26 28 36 40 42 48 50 56 61 64 67 71 74 80 86 89 90 94 98 1.0
2 4 5 14 17 18 19 20 31 34 37 38 44 47 48 55 56 68 71 75 80 81 83 84 88 1.0
2 5 11 12 15 17 27 30 35 38 42 46 47 50 59 60 67 69 81 83 88 91 94 95 99 1.0
6 9 15 19 20 24 35 38 41 42 44 49 50 56 58 66 67 69 70 79 83 86 89 90 97 1.0
10 13 14 15 18 21 27 28 43 46 49 56 64 65 66 71 74 75 77 81 85 88 96 98 99 1.0
7 15 27 32 35 47 52 55 59 62 63 68 71 72 73 75 76 80 82 83 85 86 87 94 96 1.0
12 14 15 16 27 29 30 31 41 42 47 55 63 64 68 69 70 73 74 79 82 84 90 96 98 1.0
4 6 9 10 19 21 22 29 31 36 41 45 48 55 58 61 67 68 77 79 82 83 97 98 99 1.0
2 3 8 15 17 20 21 24 25 35 39 40 43 44 54 65 70 73 78 80 83 88 93 94 96 1.0
11 15 21 22 23 28 30 32 33 46 52 53 54 56 60 61 73 75 78 84 85 86 88 91 94 1.0
14 19 21 22 24 30 31 34 35 48 51 54 56 58 60 62 65 66 73 74 81 88 91 93 98 1.0
0 4 8 12 14 17 20 24 26 30 35 39 43 49 52 79 80 82 87 90 91 92 96 98 99 1.0
0 2 4 5 10 16 21 25 36 38 39 40 45 50 55 57 68 72 73 77 78 81 85 89 90 1.0
5 12 16 19 22 23 24 29 36 37 38 43 45 49 50 53 55 56 65 67 70 77 89 91 99 1.0
0 4 7 10 12 15 23 25 33 41 44 45 49 55 58 59 66 69 72 79 82 88 92 97 98 1.0
0 5 14 15 16 20 24 35 39 44 53 54 55 59 66 73 79 81 82 84 85 86 87 89 93 1.0
4 7 8 14 17 21 22 27 28 29 32 37 49 50 58 60 61 62 68 73 74 75 77 98 99 1.0
0 3 12 16 19 31 32 42 44 45 46 53 58 60 62 67 74 79 82 87 88 90 91 93 98 1.0
0 1 7 8 17 23 25 30 34 46 51 52 60 74 79 80 81 82 84 86 87 94 95 97 98 1.0
6 10 12 13 14 15 16 31 37 40 46 49 54 59 60 61 62 65 67 72 75 78 80 88 95 1.0
1 4 7 15 20 23 24 26 27 30 37 45 55 62 64 65 70 73 75 76 80 81 85 86 87 1.0
0 9 11 12 15 24 25 31 36 37 47 54 55 59 66 67 69 72 74 78 81 86 88 89 93 1.0
0 4 9 19 22 23 25 27 37 40 47 49 56 57 59 60 62 64 65 68 71 77 80 88 90 1.0
6 15 16 23 25 30 39 41 47 51 55 56 58 64 67 76 78 81 83 86 89 90 91 93 94 1.0
2 6 7 8 9 11 16 22 24 25 27 32 36 38 48 50 56 59 60 62 67 76 87 90 93 1.0
0 7 10 24 35 37 41 43 44 45 47 53 56 71 75 78 79 81 82 87 89 93 94 96 97 1.0
1 3 5 6 15 16 18 20 21 22 29 39 46 50 54 58 62 80 86 89 91 94 95 96 97 1.0
1 12 13 20 22 24 29 31 35 37 42 46 50 53 54 58 65 70 74 76 81 84 86 87 89 1.0
6 7 13 14 15 18 22 25 26 31 36 38 43 47 49 57 63 68 72 77 79 88 89 95 97 1.0
6 7 15 22 24 26 30 35 45 58 59 60 61 67 71 73 75 80 81 89 90 91 93 95 98 1.0
0 1 7 10 11 13 23 24 37 40 43 51 56 58 62 65 68 73 80 83 85 89 95 98 99 1.0
4 5 6 8 20 23 25 27 34 35 37 38 49 54 61 62 65 68 70 74 77 78 79 94 98 1.0
7 9 11 14 17 19 21 23 27 28 29 30 34 52 63 65 66 69 70 75 77 79 91 98 99 1.0
6 9 13 16 18 19 22 24 26 35 42 46 49 50 75 79 83 84 86 87 88 90 93 96 97 1.0
1 8 14 19 21 37 40 44 46 51 53 54 55 57 59 64 70 72 73 74 78 79 80 85 98 1.0
3 5 10 11 12 17 18 23 25 30 32 33 35 36 44 45 46 47 49 52 59 60 66 88 91 1.0
0 2 3 5 7 8 13 14 17 22 24 29 32 34 38 40 43 48 56 67 73 76 77 81 83 1.0
6 11 15 21 25 26 27 28 33 36 41 51 55 57 59 61 62 64 68 73 74 75 86 90 91 1.0
0 3 5 10 19 20 23 29 33 37 38 40 44 46 53 59 67 76 77 79 80 86 91 95 97 1.0
2 3 6 9 13 18 21 23 29 32 44 46 47 50 52 53 54 58 71 78 81 85 88 89 92 1.0
7 8 9 10 15 24 26 27 32 40 41 43 50 57 61 63 66 69 73 75 76 83 90 91 92 1.0
1 3 5 7 12 18 20 25 27 30 34 35 36 37 47 48 50 57 58 77 81 84 93 95 96 1.0
8 9 13 20 23 24 32 33 40 42 46 47 50 51 57 58 60 64 72 75 82 84 90 95 96 1.0
3 12 15 17 29 30 38 40 43 44 47 48 53 55 59 65 69 70 71 72 73 81 92 96 97 1.0
1 7 15 20 24 27 30 31 32 34 35 37 39 43 45 47 51 54 58 61 64 66 71 85 98 1.0
4 7 17 18 22 25 28 30 42 45 49 52 59 60 61 66 72 75 77 81 83 85 86 95 97 1.0
5 9 11 15 17 23 24 29 31 32 35 42 45 47 57 59 62 69 70 71 73 76 78 82 97 1.0
6 10 11 12 19 20 22 27 28 29 30 36 51 56 58 63 64 67 69 82 85 87 89 94 95 1.0
9 10 18 22 28 30 33 41 44 47 48 54 57 60 68 69 72 76 77 79 81 85 91 93 98 1.0
1 13 17 19 21 25 26 32 34 44 46 51 54 55 56 61 64 67 75 79 84 86 92 93 94 1.0
0 1 2 5 14 17 22 26 29 30 32 33 37 39 44 65 66 68 71 72 79 82 86 94 95 1.0
6 10 11 13 14 22 34 38 50 51 52 58 69 71 73 74 75 76 80 84 85 86 87 88 90 1.0
3 10 24 30 31 35 37 41 49 51 63 66 68 69 71 78 80 81 85 87 88 90 91 95 96 1.0
0 3 6 9 13 18 20 29 32 35 42 44 48 49 60 68 69 71 75 77 78 89 90 97 98 1.0
2 5 7 9 11 15 20 24 26 30 31 33 36 39 42 44 52 56 59 67 68 77 86 90 91 1.0
9 15 16 18 21 27 28 32 36 38 40 41 49 52 61 62 63 72 76 85 87 90 94 95 96 1.0
0 2 8 14 17 21 23 25 26 30 35 37 45 53 54 61 67 71 73 79 82 86 88 96 98 1.0
2 9 14 16 23 29 30 31 34 37 39 41 42 47 54 59 61 62 67 79 81 88 90 94 97 1.0
6 12 15 16 23 25 26 32 33 46 48 53 55 62 66 67 71 73 78 82 84 86 91 92 98 1.0
1 2 8 17 19 24 26 29 31 32 37 38 42 43 51 61 62 69 72 74 79 82 88 95 99 1.0
15 18 22 23 26 31 32 33 39 43 48 57 58 64 65 74 75 79 86 90 93 96 97 98 99 1.0
0 1 6 10 11 16 22 23 25 29 33 35 41 42 46 51 52 60 69 75 77 81 88 95 99 1.0
20 21 22 23 28 30 32 38 41 46 48 52 64 66 67 68 69 70 71 72 75 76 86 90 96 1.0
0 3 6 7 12 15 16 20 22 23 24 27 56 58 73 75 76 77 79 81 84 86 94 95 97 1.0
2 3 5 10 12 13 22 26 30 35 41 50 51 53 55 60 66 68 81 82 83 85 87 89 96 1.0
0 3 4 10 12 14 20 24 27 28 33 37 38 54 62 63 66 73 74 86 88 92 93 95 99 1.0
0 4 10 21 32 35 45 47 48 54 56 57 61 62 67 68 70 72 73 74 76 79 83 85 98 1.0
1 2 5 11 13 14 24 31 38 43 44 47 50 53 58 59 69 70 73 79 87 90 93 94 99 1.0
1 8 9 11 15 16 20 24 25 29 33 36 37 41 49 50 59 68 79 81 83 85 88 97 98 1.0
13 22 25 31 40 42 43 47 53 54 57 60 70 75 77 79 80 82 85 88 89 92 96 97 99 1.0
3 4 6 9 10 19 21 22 28 33 36 38 40 41 44 52 60 65 69 70 85 87 95 96 98 1.0
0 3 7 10 12 16 24 27 29 34 36 43 53 56 59 63 65 68 69 71 72 79 89 92 98 1.0
0 13 14 17 19 22 23 24 32 33 37 38 48 51 64 70 72 73 75 78 81 89 90 91 93 1.0
6 11 13 14 17 18 19 21 23 24 26 31 43 44 47 53 58 60 64 72 80 83 89 95 97 1.0
17 19 25 27 29 30 38 40 42 43 47 51 53 54 61 63 65 70 74 78 81 84 86 90 94 1.0
0 1 6 14 24 28 44 51 53 56 58 60 65 69 74 75 83 84 87 88 89 90 91 92 96 1.0
0 1 4 5 20 24 37 38 39 40 43 45 47 53 55 57 58 71 85 88 90 91 95 96 98 1.0
19 20 27 30 32 33 35 40 42 44 52 57 65 66 67 70 72 74 75 78 80 94 96 97 99 1.0
0 9 13 15 17 22 29 32 36 42 43 45 49 50 51 60 65 66 69 73 81 85 89 92 97 1.0
0 4 8 10 13 17 21 25 28 30 36 49 51 52 59 68 69 70 74 76 77 83 88 89 97 1.0
3 5 6 15 16 18 20 25 35 43 44 45 46 52 59 60 61 62 65 76 79 80 91 97 99 1.0
2 3 6 7 10 16 26 32 34 39 42 44 47 54 55 58 64 66 68 73 75 76 88 96 97 1.0
3 8 10 19 21 32 34 35 36 40 52 55 56 57 62 66 69 77 82 84 85 86 88 90 94 1.0
0 3 7 8 12 16 19 21 23 26 27 36 37 44 48 50 62 64 66 70 75 81 89 90 97 1.0
1 8 10 12 14 24 25 27 32 35 49 55 60 62 64 73 76 77 81 83 84 91 93 95 99 1.0
1 2 4 5 9 15 16 17 18 29 30 33 41 42 45 50 53 58 66 69 70 72 75 80 87 1.0
18 19 20 22 25 32 33 37 39 40 43 45 47 52 57 60 62 64 71 79 89 93 97 98 99 1.0
4 13 15 16 18 23 24 29 30 31 36 49 51 54 64 67 72 74 75 76 89 93 95 96 97 1.0
2 6 15 18 22 24 28 39 40 41 43 44 46 50 52 53 54 58 63 70 84 86 88 91 99 1.0
3 9 11 13 24 26 30 35 36 38 41 43 46 50 54 55 56 59 66 68 77 80 85 93 95 1.0
0 6 14 15 16 19 22 24 27 30 31 32 36 46 49 51 53 55 67 77 78 80 81 82 93 1.0
3 5 9 11 13 15 24 28 29 30 32 43 48 50 59 61 67 69 75 81 84 86 87 91 97 1.0
4 10 20 22 24 25 27 33 34 35 48 52 59 60 62 64 68 72 76 78 80 88 90 96 97 1.0
0 1 2 3 11 12 14 18 28 33 36 48 51 67 68 73 74 79 81 83 86 88 89 90 92 1.0
3 9 12 17 18 21 25 26 31 40 46 47 57 58 61 62 63 72 73 77 78 81 92 93 95 1.0
0 5 8 10 13 20 22 24 25 27 28 29 32 34 35 37 39 40 41 42 43 44 46 47 49 1.0
50 53 55 56 57 60 61 62 64 65 67 68 69 71 73 77 79 80 81 83 84 90 95 96 98 1.0
0 1 3 5 6 10 12 15 16 17 18 24 25 26 29 33 34 36 37 40 41 43 44 45 46 1.0
54 55 56 58 62 63 65 66 67 68 71 73 79 80 86 88 89 90 92 94 95 96 97 98 99 1.0
0 2 4 7 8 9 10 13 17 18 19 21 23 24 28 29 32 34 36 39 43 44 45 46 47 1.0
50 51 54 55 57 58 61 63 65 67 68 69 70 76 77 78 79 80 81 83 87 92 94 95 97 1.0
0 3 4 6 13 14 17 18 19 20 21 22 24 26 30 31 32 34 37 38 39 42 44 45 47 1.0
51 52 53 55 56 58 62 63 65 70 71 76 77 78 82 83 85 86 90 92 94 95 97 98 99 1.0
6 7 8 10 11 13 14 15 17 18 20 21 22 25 26 29 30 31 33 39 42 43 46 48 49 1.0
52 53 54 60 62 63 64 66 68 70 71 73 75 77 78 81 84 85 86 88 89 90 95 97 99 1.0
0 1 2 4 5 9 14 20 21 25 26 27 28 29 30 31 32 34 35 36 37 41 42 47 49 1.0
50 53 55 57 58 60 62 63 66 71 72 73 74 76 77 78 80 81 84 89 91 95 97 98 99 1.0
0 2 3 4 5 7 8 9 10 12 13 15 16 21 22 28 31 33 34 36 41 43 44 48 49 1.0
50 53 55 56 58 61 62 64 66 72 73 76 77 79 80 84 86 88 89 92 93 94 96 98 99 1.0
1 2 3 4 6 8 9 15 16 19 20 21 22 23 24 28 29 31 33 34 37 43 45 47 48 1.0
50 52 53 56 58 60 61 62 64 67 69 72 73 74 78 79 81 82 85 86 88 89 91 93 96 1.0
0 2 4 5 8 10 11 13 14 17 18 19 22 24 27 28 31 33 36 37 40 42 45 47 48 1.0
50 51 54 59 60 61 63 64 66 67 72 74 76 78 79 80 81 83 84 85 87 88 91 94 97 1.0
0 1 2 6 7 8 11 18 19 20 21 23 26 28 29 30 32 33 37 39 44 45 47 48 49 1.0
50 52 54 62 64 66 68 69 71 72 75 76 77 78 81 83 84 85 87 88 90 91 94 97 99 1.0
0 2 4 8 9 11 13 14 16 17 18 19 21 23 27 28 37 38 39 41 43 45 47 48 49 1.0
51 53 54 55 57 59 60 62 64 65 68 71 73 74 77 78 82 85 88 89 90 91 93 94 96 1.0
0 1 3 4 6 7 9 10 11 19 22 23 24 27 32 34 35 36 37 38 39 40 41 43 46 1.0
51 54 55 56 59 61 63 64 65 67 68 73 75 77 78 80 81 83 85 87 88 90 93 94 99 1.0
0 1 2 4 6 8 13 15 16 17 19 20 22 25 26 27 31 33 36 38 39 41 45 47 49 1.0
52 55 56 58 63 64 67 68 69 70 71 72 73 78 79 80 81 87 88 90 91 92 94 96 98 1.0
0 1 2 3 4 8 9 10 12 14 15 17 20 21 23 28 29 33 34 35 36 39 45 46 48 1.0
50 51 52 53 54 58 60 63 64 65 68 69 71 73 75 79 82 85 87 88 89 91 92 96 98 1.0
0 1 2 3 4 7 10 12 14 18 20 25 26 28 30 31 33 36 37 40 42 43 45 46 49 1.0
50 51 54 56 58 62 63 64 66 67 69 71 72 74 76 77 79 83 84 87 91 93 94 95 98 1.0
0 1 2 3 5 7 15 16 17 18 19 20 22 24 27 28 31 33 34 35 36 45 46 47 49 1.0
50 53 55 56 62 63 68 71 73 77 78 79 80 82 83 84 85 86 87 88 89 91 93 96 97 1.0
0 1 4 7 9 10 16 17 18 20 21 22 25 26 28 31 34 38 40 41 44 45 46 47 48 1.0
50 52 54 55 58 60 62 63 66 67 69 71 73 74 77 80 81 82 85 92 93 94 95 96 99 1.0
1 3 10 13 14 15 16 17 18 20 22 26 28 29 30 31 32 36 39 40 42 43 44 45 46 1.0
50 54 55 61 64 66 67 68 70 72 74 77 79 80 81 82 83 85 88 91 93 94 96 97 98 1.0
0 2 4 6 9 10 11 12 13 14 16 18 20 21 27 29 32 33 35 38 39 42 43 44 47 1.0
50 53 56 64 66 68 69 70 72 74 75 76 78 82 83 84 88 89 90 92 93 95 96 98 99 1.0
0 1 6 8 9 10 12 14 15 17 20 21 23 27 29 31 37 40 41 43 44 45 46 48 49 1.0
51 52 55 58 60 61 62 64 65 69 71 76 77 78 79 81 84 85 88 91 93 95 96 98 99 1.0
1 2 3 4 5 6 7 8 9 12 13 16 20 24 25 26 28 29 35 36 37 39 44 46 47 1.0
50 51 53 54 59 60 66 68 70 71 72 73 74 76 77 80 84 88 89 90 91 92 93 96 97 1.0
0 2 3 5 6 7 8 9 11 13 17 20 23 25 26 27 28 31 32 37 40 41 43 44 46 1.0
50 52 53 54 56 57 58 59 60 61 62 63 64 67 71 74 78 81 85 86 93 95 96 97 99 1.0
4 5 6 7 8 10 11 13 14 17 20 23 25 26 27 29 34 37 39 41 42 45 46 48 49 1.0
50 51 53 54 57 58 59 60 61 63 65 66 69 72 73 76 83 89 90 91 92 94 95 96 97 1.0
2 3 5 6 8 10 11 13 16 18 20 21 23 27 29 31 32 33 34 37 38 41 46 47 48 1.0
51 52 53 57 60 61 63 67 70 71 72 73 74 78 80 82 85 87 88 89 91 92 94 95 96 1.0
1 3 4 7 8 11 12 13 14 18 21 27 28 29 30 34 35 36 39 42 43 45 46 48 49 1.0
51 54 60 61 63 65 66 67 68 69 72 74 77 79 82 85 86 87 88 89 90 91 93 94 98 1.0
1 2 4 5 7 11 12 15 16 21 24 25 27 30 32 33 34 35 38 39 44 45 46 47 49 1.0
50 58 59 62 63 64 65 66 68 69 70 71 72 73 75 79 81 82 85 86 87 90 93 98 99 1.0
1 2 4 8 11 12 13 14 15 19 20 21 24 28 32 35 36 39 40 41 42 44 46 48 49 1.0
55 58 59 60 61 62 64 68 73 80 82 83 84 85 87 88 89 90 91 93 94 95 96 97 99 1.0
2 4 5 8 10 11 13 17 21 23 25 26 27 28 29 30 32 33 36 37 38 42 43 44 45 1.0
52 53 54 56 57 58 61 63 67 68 69 72 74 75 76 79 84 85 90 92 94 95 96 97 98 1.0
0 1 2 4 5 6 7 9 15 18 19 20 22 25 27 29 30 31 33 34 41 42 44 45 47 1.0
54 57 59 60 61 65 66 68 71 72 73 74 76 78 79 82 83 84 87 90 91 92 93 94 95 1.0
1 2 4 5 8 9 13 14 16 19 22 23 24 26 27 29 31 38 39 41 42 43 44 47 49 1.0
50 52 53 57 59 61 62 63 64 66 69 70 71 73 74 75 76 77 78 79 82 83 90 94 97 1.0
0 1 3 5 6 7 11 12 13 14 15 16 18 22 26 27 30 33 34 39 40 41 42 44 45 1.0
50 51 54 56 58 60 63 64 66 67 72 73 75 76 80 82 83 84 85 86 87 89 93 97 98 1.0
1 3 4 8 10 11 13 16 17 18 20 23 26 27 30 32 33 37 39 41 42 43 44 47 49 1.0
52 53 54 55 58 59 60 64 66 67 68 70 71 72 73 75 76 82 83 88 93 94 97 98 99 1.0
1 5 6 8 9 11 12 13 16 17 19 25 26 28 30 31 32 33 34 35 38 39 40 43 45 1.0
50 51 54 57 58 59 62 63 64 67 68 70 71 72 74 79 80 82 83 84 86 87 94 96 97 1.0
0 4 7 10 11 16 18 19 22 23 24 26 27 31 34 35 36 39 40 41 42 44 45 48 49 1.0
50 54 55 56 57 59 64 65 66 67 68 69 71 76 77 79 83 86 88 90 91 93 96 97 99 1.0
0 2 6 10 14 16 18 19 20 21 22 23 26 32 33 36 37 40 41 42 43 44 45 48 49 1.0
50 51 53 54 58 59 61 63 68 69 71 73 75 76 77 79 83 84 86 87 88 90 94 96 99 1.0
2 3 4 5 8 10 11 14 17 19 20 21 22 23 25 27 28 29 39 40 42 43 47 48 49 1.0
50 52 53 54 56 57 58 59 60 62 63 65 75 78 79 84 88 89 91 93 94 95 96 98 99 1.0
0 1 3 7 8 11 12 13 14 15 16 21 22 24 28 30 32 33 35 36 38 41 44 47 48 1.0
51 53 54 55 57 60 61 62 63 64 67 69 70 72 76 81 83 86 88 89 90 91 93 96 98 1.0
1 3 8 9 12 15 17 21 22 24 26 28 29 31 32 33 34 36 37 38 41 43 44 47 48 1.0
53 56 57 58 60 61 63 64 70 73 74 76 80 81 82 83 85 87 88 90 91 92 95 96 98 1.0
2 3 4 6 10 11 13 14 17 24 26 30 31 33 34 35 37 38 40 41 42 44 46 47 48 1.0
50 52 53 54 55 56 64 66 68 70 72 73 74 75 78 79 87 90 91 92 93 94 95 96 98 1.0
0 1 3 4 5 9 12 13 14 15 16 19 21 24 25 26 31 32 34 35 36 39 40 41 43 1.0
50 51 54 57 58 61 62 63 64 65 68 75 76 77 78 80 81 82 83 85 90 92 93 94 99 1.0
0 4 8 10 11 14 15 16 17 18 19 20 22 23 27 28 30 33 34 37 38 39 41 43 46 1.0
50 51 52 55 61 62 63 69 70 72 73 75 76 77 79 80 81 82 83 87 88 89 94 95 97 1.0
2 5 7 11 12 13 14 16 20 21 24 25 26 28 32 33 34 35 37 38 41 42 44 45 46 1.0
51 53 55 58 60 61 64 65 67 73 74 75 76 77 78 82 84 85 86 92 93 94 95 96 99 1.0
1 2 3 4 7 8 9 12 15 20 23 25 26 27 33 34 38 39 40 43 44 45 46 47 48 1.0
51 52 54 56 57 59 61 62 63 68 69 72 73 77 78 79 80 82 84 88 90 91 93 95 96 1.0
0 1 3 7 10 11 12 13 14 15 18 19 25 27 28 31 32 33 34 35 37 40 45 47 48 1.0
55 57 58 63 65 66 68 71 72 73 75 78 81 83 84 85 86 89 90 91 93 94 96 98 99 1.0
0 1 3 7 9 11 12 13 14 17 18 20 21 22 23 27 30 31 34 35 36 38 43 45 48 1.0
50 51 53 55 58 60 62 66 67 68 70 71 72 75 76 77 81 84 87 88 92 93 95 96 97 1.0
1 2 3 5 8 9 10 13 14 15 16 24 26 27 28 33 34 35 37 38 39 43 44 45 47 1.0
51 53 54 56 57 58 59 61 62 67 68 69 72 78 79 83 84 87 88 89 92 94 96 97 99 1.0
0 5 8 11 12 14 16 18 20 21 25 27 29 32 33 34 35 38 39 40 41 44 45 46 49 1.0
54 55 56 57 58 59 60 61 63 65 66 68 70 71 72 73 76 77 78 81 85 91 94 95 96 1.0
1 5 6 7 8 10 11 14 15 16 17 19 20 23 24 27 31 32 34 38 40 41 45 48 49 1.0
52 54 55 56 57 61 62 67 69 70 72 73 75 78 80 84 85 86 88 90 93 95 96 97 99 1.0
1 5 6 9 11 12 13 15 16 18 22 24 26 28 29 31 32 34 35 36 40 41 43 44 46 1.0
51 56 61 63 66 67 68 69 70 72 73 74 75 76 77 81 82 85 86 91 93 95 96 97 98 1.0
1 2 4 8 9 10 11 12 13 14 16 19 24 25 27 29 33 34 38 40 41 42 43 46 49 1.0
50 52 53 55 56 58 60 61 64 67 69 70 72 77 80 81 82 84 89 90 91 94 95 97 99 1.0
1 2 3 4 6 8 10 15 16 19 20 21 26 27 29 30 33 34 35 36 38 43 44 46 49 1.0
51 53 58 60 61 62 65 69 71 72 75 78 79 80 81 82 86 88 89 90 92 94 95 97 99 1.0
0 3 4 5 7 8 9 10 12 15 16 18 26 27 29 30 31 35 38 39 41 42 43 46 47 1.0
50 52 54 55 58 60 62 67 69 70 71 72 75 78 80 81 82 86 87 88 89 92 93 95 97 1.0
0 1 2 5 6 12 13 14 15 16 20 21 22 27 30 31 33 35 38 39 40 42 46 47 49 1.0
51 52 53 56 60 64 67 72 73 74 76 77 78 79 81 82 83 85 87 91 92 93 95 97 98 1.0
0 2 3 5 6 9 13 14 15 18 21 23 25 26 28 29 31 33 35 36 39 41 42 44 49 1.0
52 55 56 60 61 63 64 67 68 69 72 73 74 75 76 78 82 84 85 87 90 92 93 94 98 1.0
0 2 6 7 8 10 12 13 14 16 17 19 21 23 27 29 30 33 36 41 42 43 46 47 48 1.0
52 53 54 55 58 59 61 62 63 64 67 68 69 75 77 78 80 81 83 87 88 89 92 94 99 1.0
0 4 6 7 8 9 11 12 13 16 17 18 23 25 27 29 31 32 35 39 41 42 43 45 47 1.0
50 51 59 60 61 63 64 67 68 70 71 72 74 75 76 80 81 84 87 88 89 92 94 97 99 1.0
0 3 4 6 7 8 13 14 15 16 18 19 21 23 24 29 31 35 36 38 39 41 43 45 46 1.0
50 53 54 55 56 57 58 61 62 63 67 71 73 77 79 81 83 84 87 89 90 91 94 95 99 1.0
1 2 7 8 10 13 16 17 18 19 20 21 22 29 30 31 34 35 36 37 43 45 46 47 48 1.0
50 51 53 55 57 59 60 63 64 70 72 73 75 79 84 86 87 88 89 91 93 94 95 96 97 1.0
5 6 7 8 9 10 15 16 17 18 19 22 24 26 27 28 31 33 36 37 38 39 43 46 47 1.0
52 54 55 56 57 58 59 60 61 63 64 66 69 70 73 75 76 81 83 84 85 89 92 98 99 1.0
1 2 3 4 6 8 12 15 17 18 19 20 22 25 26 27 29 37 38 40 41 42 47 48 49 1.0
51 52 54 56 58 59 60 61 62 64 65 66 67 68 69 71 73 74 76 80 81 91 93 95 97 1.0
2 7 8 11 12 16 18 21 23 25 26 27 28 31 32 34 35 36 37 38 41 42 44 45 48 1.0
50 54 58 59 60 62 63 64 69 70 71 72 73 76 79 80 83 84 87 88 89 94 95 98 99 1.0
1 3 4 6 9 10 11 14 17 18 19 20 21 22 25 28 31 32 35 36 38 39 46 47 49 1.0
50 53 57 58 59 60 61 67 70 71 72 74 77 80 81 82 85 87 89 90 92 93 94 95 99 1.0
1 3 8 10 15 17 19 26 27 28 29 31 32 34 35 37 38 39 40 41 44 45 46 47 48 1.0
50 55 56 59 61 62 64 66 67 68 69 70 72 73 74 75 78 82 83 86 88 93 94 96 97 1.0
1 2 4 6 7 9 10 12 15 18 20 22 23 28 29 31 32 34 35 36 37 38 45 46 49 1.0
52 55 56 57 59 60 61 63 64 68 69 71 75 76 79 80 85 86 88 89 91 94 96 98 99 1.0
1 2 4 5 7 10 12 15 21 22 24 25 26 30 31 32 34 35 36 38 40 44 47 48 49 1.0
50 51 52 54 55 56 57 60 65 67 68 70 71 73 80 82 84 85 87 88 90 91 95 96 99 1.0
0 1 3 4 8 9 10 14 15 18 20 24 27 30 33 34 35 36 37 39 40 42 43 45 49 1.0
50 52 55 61 62 63 64 65 66 68 71 72 75 77 78 82 84 86 89 90 94 95 96 98 99 1.0
0 1 4 11 12 13 15 17 20 21 24 25 29 30 33 34 35 37 38 39 40 41 44 45 47 1.0
55 58 59 64 65 66 67 68 70 71 72 73 75 76 78 79 81 82 85 86 87 89 91 95 99 1.0
0 1 3 4 5 6 9 11 12 13 14 15 17 18 22 24 26 28 30 31 33 44 45 47 49 1.0
50 52 54 55 56 61 62 64 67 68 70 71 73 75 77 79 81 83 85 87 90 91 93 94 96 1.0
1 4 7 10 12 14 15 17 19 23 24 25 28 29 33 34 35 37 38 41 42 44 46 47 48 1.0
51 53 54 55 56 58 59 61 62 63 64 66 67 69 71 74 75 76 77 78 79 82 87 92 99 1.0
0 3 4 6 8 9 11 12 21 22 25 26 30 31 33 36 38 39 40 41 43 45 46 47 48 1.0
50 51 52 53 54 58 61 63 66 67 70 72 74 75 78 79 82 84 86 87 88 92 93 94 98 1.0
1 2 3 4 9 14 15 16 17 18 20 21 22 23 24 27 28 29 31 33 39 40 45 46 48 1.0
50 55 56 58 59 60 62 66 67 71 75 76 79 80 84 85 86 87 89 90 92 93 94 95 98 1.0
1 2 5 7 8 9 12 14 17 20 21 27 29 30 32 33 34 35 36 37 38 39 41 43 45 1.0
51 52 53 54 57 58 59 60 62 63 64 65 66 67 73 74 75 80 81 83 85 90 91 93 96 1.0
1 2 3 4 10 11 17 20 21 24 25 26 27 29 31 36 37 39 43 44 45 46 47 48 49 1.0
51 52 53 54 55 58 59 62 64 66 70 71 73 76 77 80 81 83 85 87 88 89 92 94 99 1.0
2 4 7 9 11 13 14 15 17 23 24 27 31 33 34 38 40 41 43 44 45 46 47 48 49 1.0
50 52 54 55 62 63 68 70 73 75 76 77 78 79 81 83 84 85 87 88 89 90 96 97 99 1.0
0 1 2 4 5 6 8 9 12 15 16 18 19 25 29 30 35 38 39 40 42 44 45 48 49 1.0
55 56 57 58 59 61 63 64 65 68 69 70 72 74 75 79 80 81 82 84 87 93 94 96 98 1.0
